470 600
[ 0.0, 0.0, 0.0 ]
[ 470.0, 0.0, 0.0 ]
[ 470.0, 600.0, 0.0 ]
[ 0.0, 600.0, 0.0 ]
[ 160.0, 200.0, 0.0 ]
[ 157.0, 192.0, 0.0 ]
[ 160.0, 168.0, 0.0 ]
[ 168.0, 154.0, 0.0 ]
[ 175.0, 135.0, 0.0 ]
[ 189.0, 118.0, 0.0 ]
[ 199.0, 111.0, 0.0 ]
[ 205.0, 102.0, 0.0 ]
[ 218.0, 102.0, 0.0 ]
[ 229.0, 107.0, 0.0 ]
[ 228.0, 100.0, 0.0 ]
[ 240.0, 92.0, 0.0 ]
[ 255.0, 97.0, 0.0 ]
[ 266.0, 106.0, 0.0 ]
[ 284.0, 106.0, 0.0 ]
[ 298.0, 108.0, 0.0 ]
[ 313.0, 121.0, 0.0 ]
[ 325.0, 126.0, 0.0 ]
[ 335.0, 141.0, 0.0 ]
[ 353.0, 150.0, 0.0 ]
[ 356.0, 161.0, 0.0 ]
[ 360.0, 160.0, 0.0 ]
[ 366.0, 176.0, 0.0 ]
[ 367.0, 190.0, 0.0 ]
[ 320.0, 255.0, 0.0 ]
[ 335.0, 228.0, 0.0 ]
[ 356.0, 207.0, 0.0 ]
[ 168.0, 223.0, 0.0 ]
[ 161.0, 262.0, 0.0 ]
[ 165.0, 273.0, 0.0 ]
[ 173.0, 258.0, 0.0 ]
[ 190.0, 239.0, 0.0 ]
[ 196.0, 226.0, 0.0 ]
[ 181.0, 214.0, 0.0 ]
[ 199.0, 194.0, 0.0 ]
[ 219.0, 198.0, 0.0 ]
[ 246.0, 206.0, 0.0 ]
[ 282.0, 205.0, 0.0 ]
[ 309.0, 216.0, 0.0 ]
[ 328.0, 219.0, 0.0 ]
[ 335.0, 211.0, 0.0 ]
[ 316.0, 240.0, 0.0 ]
[ 299.0, 262.0, 0.0 ]
[ 288.0, 280.0, 0.0 ]
[ 280.0, 295.0, 0.0 ]
[ 306.0, 276.0, 0.0 ]
[ 268.0, 296.0, 0.0 ]
[ 244.0, 306.0, 0.0 ]
[ 229.0, 305.0, 0.0 ]
[ 202.0, 302.0, 0.0 ]
[ 183.0, 288.0, 0.0 ]
[ 188.0, 171.0, 0.0 ]
[ 203.0, 152.0, 0.0 ]
[ 220.0, 123.0, 0.0 ]
[ 228.0, 130.0, 0.0 ]
[ 242.0, 119.0, 0.0 ]
[ 258.0, 113.0, 0.0 ]
[ 280.0, 122.0, 0.0 ]
[ 270.0, 119.0, 0.0 ]
[ 262.0, 124.0, 0.0 ]
[ 268.0, 128.0, 0.0 ]
[ 212.0, 143.0, 0.0 ]
[ 223.0, 141.0, 0.0 ]
[ 248.0, 171.0, 0.0 ]
[ 255.0, 191.0, 0.0 ]
[ 261.0, 203.0, 0.0 ]
[ 269.0, 185.0, 0.0 ]
[ 286.0, 179.0, 0.0 ]
[ 298.0, 193.0, 0.0 ]
[ 301.0, 211.0, 0.0 ]
[ 325.0, 205.0, 0.0 ]
[ 340.0, 200.0, 0.0 ]
[ 354.0, 188.0, 0.0 ]
[ 335.0, 161.0, 0.0 ]
[ 332.0, 181.0, 0.0 ]
[ 318.0, 190.0, 0.0 ]
[ 323.0, 178.0, 0.0 ]
[ 313.0, 201.0, 0.0 ]
[ 329.0, 194.0, 0.0 ]
[ 354.0, 173.0, 0.0 ]
[ 342.0, 183.0, 0.0 ]
[ 337.0, 155.0, 0.0 ]
[ 347.0, 160.0, 0.0 ]
[ 353.0, 168.0, 0.0 ]
[ 189.0, 220.0, 0.0 ]
[ 185.0, 229.0, 0.0 ]
[ 177.0, 239.0, 0.0 ]
[ 169.0, 251.0, 0.0 ]
[ 200.0, 130.0, 0.0 ]
[ 190.0, 143.0, 0.0 ]
[ 178.0, 161.0, 0.0 ]
[ 172.0, 206.0, 0.0 ]
[ 173.0, 184.0, 0.0 ]
[ 181.0, 196.0, 0.0 ]
[ 216.0, 160.0, 0.0 ]
[ 230.0, 156.0, 0.0 ]
[ 226.0, 175.0, 0.0 ]
[ 231.0, 192.0, 0.0 ]
[ 265.0, 156.0, 0.0 ]
[ 245.0, 153.0, 0.0 ]
[ 248.0, 138.0, 0.0 ]
[ 247.0, 125.0, 0.0 ]
[ 258.0, 155.0, 0.0 ]
[ 264.0, 139.0, 0.0 ]
[ 275.0, 143.0, 0.0 ]
[ 289.0, 133.0, 0.0 ]
[ 302.0, 133.0, 0.0 ]
[ 292.0, 149.0, 0.0 ]
[ 282.0, 168.0, 0.0 ]
[ 294.0, 161.0, 0.0 ]
[ 311.0, 166.0, 0.0 ]
[ 294.0, 176.0, 0.0 ]
[ 310.0, 145.0, 0.0 ]
[ 319.0, 158.0, 0.0 ]
[ 207.0, 214.0, 0.0 ]
[ 271.0, 237.0, 0.0 ]
[ 255.0, 270.0, 0.0 ]
[ 244.0, 286.0, 0.0 ]
[ 162.0, 243.0, 0.0 ]
[ 143.0, 230.0, 0.0 ]
[ 125.0, 212.0, 0.0 ]
[ 112.0, 191.0, 0.0 ]
[ 98.0, 181.0, 0.0 ]
[ 83.0, 182.0, 0.0 ]
[ 99.0, 195.0, 0.0 ]
[ 114.0, 210.0, 0.0 ]
[ 126.0, 224.0, 0.0 ]
[ 145.0, 245.0, 0.0 ]
[ 160.0, 260.0, 0.0 ]
[ 178.0, 306.0, 0.0 ]
[ 173.0, 328.0, 0.0 ]
[ 166.0, 346.0, 0.0 ]
[ 154.0, 363.0, 0.0 ]
[ 173.0, 346.0, 0.0 ]
[ 194.0, 334.0, 0.0 ]
[ 204.0, 313.0, 0.0 ]
[ 219.0, 307.0, 0.0 ]
[ 202.0, 347.0, 0.0 ]
[ 187.0, 385.0, 0.0 ]
[ 170.0, 417.0, 0.0 ]
[ 190.0, 348.0, 0.0 ]
[ 176.0, 381.0, 0.0 ]
[ 160.0, 407.0, 0.0 ]
[ 151.0, 402.0, 0.0 ]
[ 148.0, 375.0, 0.0 ]
[ 138.0, 356.0, 0.0 ]
[ 116.0, 345.0, 0.0 ]
[ 91.0, 335.0, 0.0 ]
[ 61.0, 321.0, 0.0 ]
[ 53.0, 319.0, 0.0 ]
[ 60.0, 344.0, 0.0 ]
[ 70.0, 373.0, 0.0 ]
[ 86.0, 387.0, 0.0 ]
[ 67.0, 400.0, 0.0 ]
[ 38.0, 418.0, 0.0 ]
[ 14.0, 431.0, 0.0 ]
[ 7.0, 437.0, 0.0 ]
[ 11.0, 468.0, 0.0 ]
[ 7.0, 493.0, 0.0 ]
[ 0.0, 513.0, 0.0 ]
[ 0.0, 525.0, 0.0 ]
[ 1.0, 528.0, 0.0 ]
[ 35.0, 523.0, 0.0 ]
[ 63.0, 513.0, 0.0 ]
[ 84.0, 496.0, 0.0 ]
[ 108.0, 474.0, 0.0 ]
[ 127.0, 453.0, 0.0 ]
[ 139.0, 469.0, 0.0 ]
[ 164.0, 498.0, 0.0 ]
[ 180.0, 526.0, 0.0 ]
[ 195.0, 538.0, 0.0 ]
[ 200.0, 517.0, 0.0 ]
[ 197.0, 485.0, 0.0 ]
[ 198.0, 460.0, 0.0 ]
[ 180.0, 438.0, 0.0 ]
[ 169.0, 422.0, 0.0 ]
[ 149.0, 419.0, 0.0 ]
[ 163.0, 460.0, 0.0 ]
[ 175.0, 493.0, 0.0 ]
[ 184.0, 514.0, 0.0 ]
[ 157.0, 411.0, 0.0 ]
[ 137.0, 413.0, 0.0 ]
[ 109.0, 425.0, 0.0 ]
[ 79.0, 438.0, 0.0 ]
[ 44.0, 463.0, 0.0 ]
[ 22.0, 487.0, 0.0 ]
[ 16.0, 499.0, 0.0 ]
[ 148.0, 406.0, 0.0 ]
[ 127.0, 383.0, 0.0 ]
[ 106.0, 360.0, 0.0 ]
[ 82.0, 343.0, 0.0 ]
[ 64.0, 413.0, 0.0 ]
[ 43.0, 422.0, 0.0 ]
[ 20.0, 440.0, 0.0 ]
[ 36.0, 447.0, 0.0 ]
[ 59.0, 433.0, 0.0 ]
[ 22.0, 514.0, 0.0 ]
[ 51.0, 493.0, 0.0 ]
[ 78.0, 475.0, 0.0 ]
[ 107.0, 451.0, 0.0 ]
[ 173.0, 444.0, 0.0 ]
[ 190.0, 489.0, 0.0 ]
[ 146.0, 456.0, 0.0 ]
[ 168.0, 486.0, 0.0 ]
[ 162.0, 445.0, 0.0 ]
[ 188.0, 313.0, 0.0 ]
[ 205.0, 275.0, 0.0 ]
[ 232.0, 240.0, 0.0 ]
[ 108.0, 196.0, 0.0 ]
[ 152.0, 245.0, 0.0 ]
[ 144.0, 473.0, 0.0 ]
[ 138.0, 483.0, 0.0 ]
[ 135.0, 499.0, 0.0 ]
[ 140.0, 502.0, 0.0 ]
[ 143.0, 486.0, 0.0 ]
[ 147.0, 478.0, 0.0 ]
[ 155.0, 488.0, 0.0 ]
[ 183.0, 366.0, 0.0 ]
[ 212.0, 326.0, 0.0 ]
[ 172.0, 403.0, 0.0 ]
[ 179.0, 387.0, 0.0 ]
[ 188.0, 366.0, 0.0 ]
[ 198.0, 350.0, 0.0 ]
[ 202.0, 326.0, 0.0 ]
[ 213.0, 306.0, 0.0 ]
[ 188.0, 327.0, 0.0 ]
[ 3.0, 434.0, 0.0 ]
