573 708
[ 0.0, 0.0, 0.0 ]
[ 573.0, 0.0, 0.0 ]
[ 573.0, 708.0, 0.0 ]
[ 0.0, 708.0, 0.0 ]
[ 337.0, 44.0, 0.0 ]
[ 377.0, 42.0, 0.0 ]
[ 407.0, 52.0, 0.0 ]
[ 435.0, 64.0, 0.0 ]
[ 460.0, 89.0, 0.0 ]
[ 468.0, 114.0, 0.0 ]
[ 477.0, 134.0, 0.0 ]
[ 487.0, 166.0, 0.0 ]
[ 478.0, 194.0, 0.0 ]
[ 452.0, 220.0, 0.0 ]
[ 452.0, 240.0, 0.0 ]
[ 462.0, 278.0, 0.0 ]
[ 465.0, 317.0, 0.0 ]
[ 466.0, 345.0, 0.0 ]
[ 460.0, 379.0, 0.0 ]
[ 461.0, 413.0, 0.0 ]
[ 469.0, 447.0, 0.0 ]
[ 467.0, 485.0, 0.0 ]
[ 461.0, 520.0, 0.0 ]
[ 454.0, 553.0, 0.0 ]
[ 452.0, 580.0, 0.0 ]
[ 452.0, 596.0, 0.0 ]
[ 464.0, 609.0, 0.0 ]
[ 480.0, 628.0, 0.0 ]
[ 490.0, 644.0, 0.0 ]
[ 490.0, 651.0, 0.0 ]
[ 476.0, 653.0, 0.0 ]
[ 454.0, 654.0, 0.0 ]
[ 432.0, 652.0, 0.0 ]
[ 416.0, 655.0, 0.0 ]
[ 407.0, 651.0, 0.0 ]
[ 385.0, 652.0, 0.0 ]
[ 368.0, 657.0, 0.0 ]
[ 351.0, 660.0, 0.0 ]
[ 335.0, 660.0, 0.0 ]
[ 316.0, 660.0, 0.0 ]
[ 296.0, 658.0, 0.0 ]
[ 285.0, 649.0, 0.0 ]
[ 288.0, 633.0, 0.0 ]
[ 278.0, 628.0, 0.0 ]
[ 263.0, 618.0, 0.0 ]
[ 257.0, 614.0, 0.0 ]
[ 231.0, 614.0, 0.0 ]
[ 217.0, 617.0, 0.0 ]
[ 210.0, 623.0, 0.0 ]
[ 193.0, 624.0, 0.0 ]
[ 172.0, 625.0, 0.0 ]
[ 155.0, 625.0, 0.0 ]
[ 139.0, 621.0, 0.0 ]
[ 137.0, 610.0, 0.0 ]
[ 144.0, 592.0, 0.0 ]
[ 156.0, 586.0, 0.0 ]
[ 149.0, 575.0, 0.0 ]
[ 144.0, 549.0, 0.0 ]
[ 142.0, 522.0, 0.0 ]
[ 143.0, 494.0, 0.0 ]
[ 163.0, 468.0, 0.0 ]
[ 182.0, 448.0, 0.0 ]
[ 202.0, 431.0, 0.0 ]
[ 210.0, 401.0, 0.0 ]
[ 225.0, 376.0, 0.0 ]
[ 238.0, 342.0, 0.0 ]
[ 239.0, 308.0, 0.0 ]
[ 233.0, 281.0, 0.0 ]
[ 244.0, 255.0, 0.0 ]
[ 255.0, 223.0, 0.0 ]
[ 238.0, 202.0, 0.0 ]
[ 224.0, 178.0, 0.0 ]
[ 226.0, 148.0, 0.0 ]
[ 242.0, 112.0, 0.0 ]
[ 256.0, 90.0, 0.0 ]
[ 278.0, 68.0, 0.0 ]
[ 306.0, 54.0, 0.0 ]
[ 283.0, 97.0, 0.0 ]
[ 283.0, 123.0, 0.0 ]
[ 283.0, 146.0, 0.0 ]
[ 287.0, 183.0, 0.0 ]
[ 275.0, 232.0, 0.0 ]
[ 432.0, 129.0, 0.0 ]
[ 436.0, 158.0, 0.0 ]
[ 436.0, 196.0, 0.0 ]
[ 434.0, 225.0, 0.0 ]
[ 324.0, 84.0, 0.0 ]
[ 370.0, 83.0, 0.0 ]
[ 403.0, 89.0, 0.0 ]
[ 381.0, 120.0, 0.0 ]
[ 339.0, 121.0, 0.0 ]
[ 321.0, 126.0, 0.0 ]
[ 304.0, 137.0, 0.0 ]
[ 326.0, 144.0, 0.0 ]
[ 335.0, 139.0, 0.0 ]
[ 325.0, 128.0, 0.0 ]
[ 389.0, 135.0, 0.0 ]
[ 396.0, 120.0, 0.0 ]
[ 411.0, 126.0, 0.0 ]
[ 419.0, 133.0, 0.0 ]
[ 404.0, 139.0, 0.0 ]
[ 389.0, 135.0, 0.0 ]
[ 363.0, 155.0, 0.0 ]
[ 365.0, 178.0, 0.0 ]
[ 335.0, 181.0, 0.0 ]
[ 387.0, 180.0, 0.0 ]
[ 382.0, 185.0, 0.0 ]
[ 346.0, 186.0, 0.0 ]
[ 346.0, 202.0, 0.0 ]
[ 388.0, 200.0, 0.0 ]
[ 364.0, 214.0, 0.0 ]
[ 360.0, 207.0, 0.0 ]
[ 360.0, 200.0, 0.0 ]
[ 354.0, 197.0, 0.0 ]
[ 354.0, 204.0, 0.0 ]
[ 375.0, 202.0, 0.0 ]
[ 379.0, 196.0, 0.0 ]
[ 385.0, 200.0, 0.0 ]
[ 381.0, 207.0, 0.0 ]
[ 367.0, 200.0, 0.0 ]
[ 315.0, 205.0, 0.0 ]
[ 322.0, 227.0, 0.0 ]
[ 339.0, 239.0, 0.0 ]
[ 356.0, 234.0, 0.0 ]
[ 365.0, 229.0, 0.0 ]
[ 386.0, 235.0, 0.0 ]
[ 401.0, 236.0, 0.0 ]
[ 409.0, 221.0, 0.0 ]
[ 412.0, 204.0, 0.0 ]
[ 416.0, 196.0, 0.0 ]
[ 326.0, 238.0, 0.0 ]
[ 338.0, 256.0, 0.0 ]
[ 344.0, 268.0, 0.0 ]
[ 349.0, 271.0, 0.0 ]
[ 370.0, 270.0, 0.0 ]
[ 382.0, 267.0, 0.0 ]
[ 393.0, 252.0, 0.0 ]
[ 393.0, 239.0, 0.0 ]
[ 271.0, 264.0, 0.0 ]
[ 305.0, 281.0, 0.0 ]
[ 335.0, 308.0, 0.0 ]
[ 372.0, 315.0, 0.0 ]
[ 402.0, 295.0, 0.0 ]
[ 420.0, 268.0, 0.0 ]
[ 445.0, 243.0, 0.0 ]
[ 446.0, 329.0, 0.0 ]
[ 399.0, 362.0, 0.0 ]
[ 288.0, 336.0, 0.0 ]
[ 328.0, 368.0, 0.0 ]
[ 351.0, 402.0, 0.0 ]
[ 348.0, 465.0, 0.0 ]
[ 358.0, 531.0, 0.0 ]
[ 370.0, 588.0, 0.0 ]
[ 379.0, 635.0, 0.0 ]
[ 390.0, 411.0, 0.0 ]
[ 386.0, 465.0, 0.0 ]
[ 387.0, 516.0, 0.0 ]
[ 386.0, 552.0, 0.0 ]
[ 385.0, 615.0, 0.0 ]
[ 386.0, 644.0, 0.0 ]
[ 435.0, 409.0, 0.0 ]
[ 435.0, 471.0, 0.0 ]
[ 431.0, 530.0, 0.0 ]
[ 430.0, 580.0, 0.0 ]
[ 415.0, 614.0, 0.0 ]
[ 435.0, 634.0, 0.0 ]
[ 439.0, 652.0, 0.0 ]
[ 457.0, 622.0, 0.0 ]
[ 448.0, 637.0, 0.0 ]
[ 456.0, 643.0, 0.0 ]
[ 404.0, 625.0, 0.0 ]
[ 397.0, 644.0, 0.0 ]
[ 239.0, 406.0, 0.0 ]
[ 253.0, 479.0, 0.0 ]
[ 273.0, 542.0, 0.0 ]
[ 300.0, 589.0, 0.0 ]
[ 306.0, 616.0, 0.0 ]
[ 293.0, 631.0, 0.0 ]
[ 346.0, 635.0, 0.0 ]
[ 322.0, 638.0, 0.0 ]
[ 324.0, 593.0, 0.0 ]
[ 311.0, 546.0, 0.0 ]
[ 303.0, 503.0, 0.0 ]
[ 292.0, 443.0, 0.0 ]
[ 285.0, 388.0, 0.0 ]
[ 241.0, 477.0, 0.0 ]
[ 212.0, 523.0, 0.0 ]
[ 220.0, 558.0, 0.0 ]
[ 249.0, 566.0, 0.0 ]
[ 275.0, 558.0, 0.0 ]
[ 168.0, 501.0, 0.0 ]
[ 184.0, 578.0, 0.0 ]
[ 185.0, 609.0, 0.0 ]
[ 185.0, 624.0, 0.0 ]
[ 163.0, 614.0, 0.0 ]
[ 371.0, 456.0, 0.0 ]
[ 341.0, 439.0, 0.0 ]
[ 249.0, 412.0, 0.0 ]
[ 260.0, 495.0, 0.0 ]
[ 146.0, 589.0, 0.0 ]
[ 248.0, 534.0, 0.0 ]
[ 436.0, 91.0, 0.0 ]
[ 253.0, 162.0, 0.0 ]
[ 465.0, 172.0, 0.0 ]
[ 150.0, 579.0, 0.0 ]
[ 419.0, 491.0, 0.0 ]
[ 407.0, 576.0, 0.0 ]
[ 374.0, 234.0, 0.0 ]
[ 344.0, 267.0, 0.0 ]
[ 295.0, 221.0, 0.0 ]
[ 408.0, 228.0, 0.0 ]
[ 454.0, 229.0, 0.0 ]
[ 324.0, 132.0, 0.0 ]
[ 401.0, 130.0, 0.0 ]
[ 268.0, 181.0, 0.0 ]
[ 464.0, 145.0, 0.0 ]
[ 374.0, 326.0, 0.0 ]
[ 407.0, 468.0, 0.0 ]
[ 403.0, 514.0, 0.0 ]
[ 398.0, 546.0, 0.0 ]
[ 317.0, 432.0, 0.0 ]
[ 326.0, 482.0, 0.0 ]
[ 333.0, 528.0, 0.0 ]
[ 364.0, 572.0, 0.0 ]
[ 344.0, 580.0, 0.0 ]
[ 267.0, 460.0, 0.0 ]
[ 188.0, 537.0, 0.0 ]
[ 200.0, 491.0, 0.0 ]
[ 254.0, 388.0, 0.0 ]
[ 338.0, 648.0, 0.0 ]
[ 355.0, 645.0, 0.0 ]
[ 463.0, 642.0, 0.0 ]
[ 187.0, 613.0, 0.0 ]
[ 312.0, 145.0, 0.0 ]
[ 357.0, 54.0, 0.0 ]
[ 378.0, 57.0, 0.0 ]
[ 364.0, 103.0, 0.0 ]
[ 321.0, 99.0, 0.0 ]
[ 268.0, 199.0, 0.0 ]
[ 253.0, 295.0, 0.0 ]
[ 248.0, 341.0, 0.0 ]
[ 279.0, 449.0, 0.0 ]
[ 447.0, 448.0, 0.0 ]
[ 365.0, 160.0, 0.0 ]
[ 1.0, 333.0, 0.0 ]
