587 597
[ 0.0, 0.0, 0.0 ]
[ 587.0, 0.0, 0.0 ]
[ 587.0, 597.0, 0.0 ]
[ 0.0, 597.0, 0.0 ]
[ 279.0, 50.0, 0.0 ]
[ 269.0, 71.0, 0.0 ]
[ 243.0, 84.0, 0.0 ]
[ 227.0, 102.0, 0.0 ]
[ 215.0, 127.0, 0.0 ]
[ 256.0, 58.0, 0.0 ]
[ 237.0, 72.0, 0.0 ]
[ 218.0, 91.0, 0.0 ]
[ 205.0, 115.0, 0.0 ]
[ 196.0, 134.0, 0.0 ]
[ 177.0, 158.0, 0.0 ]
[ 156.0, 188.0, 0.0 ]
[ 179.0, 173.0, 0.0 ]
[ 203.0, 163.0, 0.0 ]
[ 229.0, 126.0, 0.0 ]
[ 246.0, 115.0, 0.0 ]
[ 268.0, 111.0, 0.0 ]
[ 291.0, 100.0, 0.0 ]
[ 322.0, 93.0, 0.0 ]
[ 325.0, 104.0, 0.0 ]
[ 292.0, 118.0, 0.0 ]
[ 272.0, 127.0, 0.0 ]
[ 276.0, 135.0, 0.0 ]
[ 291.0, 137.0, 0.0 ]
[ 313.0, 139.0, 0.0 ]
[ 336.0, 137.0, 0.0 ]
[ 351.0, 134.0, 0.0 ]
[ 357.0, 143.0, 0.0 ]
[ 330.0, 152.0, 0.0 ]
[ 311.0, 156.0, 0.0 ]
[ 314.0, 165.0, 0.0 ]
[ 328.0, 168.0, 0.0 ]
[ 341.0, 168.0, 0.0 ]
[ 325.0, 177.0, 0.0 ]
[ 308.0, 181.0, 0.0 ]
[ 294.0, 186.0, 0.0 ]
[ 296.0, 194.0, 0.0 ]
[ 307.0, 201.0, 0.0 ]
[ 336.0, 201.0, 0.0 ]
[ 369.0, 209.0, 0.0 ]
[ 397.0, 214.0, 0.0 ]
[ 416.0, 225.0, 0.0 ]
[ 426.0, 234.0, 0.0 ]
[ 455.0, 233.0, 0.0 ]
[ 476.0, 233.0, 0.0 ]
[ 501.0, 246.0, 0.0 ]
[ 510.0, 254.0, 0.0 ]
[ 535.0, 261.0, 0.0 ]
[ 508.0, 285.0, 0.0 ]
[ 487.0, 285.0, 0.0 ]
[ 474.0, 269.0, 0.0 ]
[ 454.0, 263.0, 0.0 ]
[ 444.0, 270.0, 0.0 ]
[ 423.0, 265.0, 0.0 ]
[ 401.0, 265.0, 0.0 ]
[ 404.0, 270.0, 0.0 ]
[ 419.0, 287.0, 0.0 ]
[ 429.0, 299.0, 0.0 ]
[ 424.0, 318.0, 0.0 ]
[ 416.0, 321.0, 0.0 ]
[ 393.0, 306.0, 0.0 ]
[ 379.0, 295.0, 0.0 ]
[ 367.0, 290.0, 0.0 ]
[ 354.0, 300.0, 0.0 ]
[ 361.0, 312.0, 0.0 ]
[ 375.0, 323.0, 0.0 ]
[ 377.0, 342.0, 0.0 ]
[ 380.0, 359.0, 0.0 ]
[ 388.0, 375.0, 0.0 ]
[ 385.0, 387.0, 0.0 ]
[ 392.0, 409.0, 0.0 ]
[ 374.0, 406.0, 0.0 ]
[ 368.0, 387.0, 0.0 ]
[ 352.0, 366.0, 0.0 ]
[ 328.0, 342.0, 0.0 ]
[ 314.0, 317.0, 0.0 ]
[ 308.0, 330.0, 0.0 ]
[ 316.0, 355.0, 0.0 ]
[ 330.0, 381.0, 0.0 ]
[ 342.0, 401.0, 0.0 ]
[ 364.0, 418.0, 0.0 ]
[ 396.0, 441.0, 0.0 ]
[ 355.0, 438.0, 0.0 ]
[ 332.0, 417.0, 0.0 ]
[ 313.0, 395.0, 0.0 ]
[ 297.0, 372.0, 0.0 ]
[ 284.0, 341.0, 0.0 ]
[ 275.0, 325.0, 0.0 ]
[ 266.0, 311.0, 0.0 ]
[ 259.0, 323.0, 0.0 ]
[ 257.0, 335.0, 0.0 ]
[ 283.0, 396.0, 0.0 ]
[ 267.0, 364.0, 0.0 ]
[ 246.0, 387.0, 0.0 ]
[ 217.0, 374.0, 0.0 ]
[ 202.0, 357.0, 0.0 ]
[ 187.0, 343.0, 0.0 ]
[ 170.0, 356.0, 0.0 ]
[ 165.0, 380.0, 0.0 ]
[ 176.0, 402.0, 0.0 ]
[ 189.0, 413.0, 0.0 ]
[ 159.0, 402.0, 0.0 ]
[ 149.0, 382.0, 0.0 ]
[ 157.0, 365.0, 0.0 ]
[ 167.0, 345.0, 0.0 ]
[ 174.0, 334.0, 0.0 ]
[ 153.0, 339.0, 0.0 ]
[ 136.0, 338.0, 0.0 ]
[ 128.0, 320.0, 0.0 ]
[ 101.0, 310.0, 0.0 ]
[ 83.0, 289.0, 0.0 ]
[ 78.0, 267.0, 0.0 ]
[ 97.0, 245.0, 0.0 ]
[ 135.0, 216.0, 0.0 ]
[ 150.0, 197.0, 0.0 ]
[ 111.0, 230.0, 0.0 ]
[ 152.0, 224.0, 0.0 ]
[ 155.0, 244.0, 0.0 ]
[ 165.0, 255.0, 0.0 ]
[ 154.0, 265.0, 0.0 ]
[ 156.0, 284.0, 0.0 ]
[ 165.0, 291.0, 0.0 ]
[ 184.0, 294.0, 0.0 ]
[ 196.0, 304.0, 0.0 ]
[ 208.0, 302.0, 0.0 ]
[ 206.0, 287.0, 0.0 ]
[ 202.0, 265.0, 0.0 ]
[ 188.0, 255.0, 0.0 ]
[ 174.0, 272.0, 0.0 ]
[ 193.0, 283.0, 0.0 ]
[ 225.0, 218.0, 0.0 ]
[ 251.0, 241.0, 0.0 ]
[ 262.0, 260.0, 0.0 ]
[ 257.0, 289.0, 0.0 ]
[ 249.0, 310.0, 0.0 ]
[ 272.0, 241.0, 0.0 ]
[ 214.0, 212.0, 0.0 ]
[ 232.0, 203.0, 0.0 ]
[ 253.0, 203.0, 0.0 ]
[ 270.0, 213.0, 0.0 ]
[ 282.0, 225.0, 0.0 ]
[ 313.0, 218.0, 0.0 ]
[ 348.0, 236.0, 0.0 ]
[ 382.0, 265.0, 0.0 ]
[ 328.0, 284.0, 0.0 ]
[ 310.0, 250.0, 0.0 ]
[ 339.0, 253.0, 0.0 ]
[ 294.0, 257.0, 0.0 ]
[ 298.0, 290.0, 0.0 ]
[ 280.0, 263.0, 0.0 ]
[ 283.0, 296.0, 0.0 ]
[ 119.0, 269.0, 0.0 ]
[ 127.0, 255.0, 0.0 ]
[ 142.0, 256.0, 0.0 ]
[ 149.0, 265.0, 0.0 ]
[ 144.0, 278.0, 0.0 ]
[ 126.0, 280.0, 0.0 ]
[ 140.0, 272.0, 0.0 ]
[ 137.0, 261.0, 0.0 ]
[ 126.0, 261.0, 0.0 ]
[ 127.0, 271.0, 0.0 ]
[ 134.0, 271.0, 0.0 ]
[ 132.0, 266.0, 0.0 ]
[ 109.0, 290.0, 0.0 ]
[ 128.0, 303.0, 0.0 ]
[ 147.0, 308.0, 0.0 ]
[ 165.0, 324.0, 0.0 ]
[ 87.0, 270.0, 0.0 ]
[ 104.0, 247.0, 0.0 ]
[ 123.0, 233.0, 0.0 ]
[ 196.0, 192.0, 0.0 ]
[ 168.0, 192.0, 0.0 ]
[ 187.0, 226.0, 0.0 ]
[ 222.0, 246.0, 0.0 ]
[ 230.0, 290.0, 0.0 ]
[ 211.0, 322.0, 0.0 ]
[ 218.0, 167.0, 0.0 ]
[ 248.0, 167.0, 0.0 ]
[ 273.0, 183.0, 0.0 ]
[ 256.0, 119.0, 0.0 ]
[ 201.0, 139.0, 0.0 ]
[ 298.0, 158.0, 0.0 ]
[ 300.0, 224.0, 0.0 ]
[ 258.0, 300.0, 0.0 ]
[ 217.0, 338.0, 0.0 ]
[ 406.0, 236.0, 0.0 ]
[ 501.0, 270.0, 0.0 ]
[ 320.0, 382.0, 0.0 ]
[ 243.0, 134.0, 0.0 ]
[ 208.0, 141.0, 0.0 ]
[ 363.0, 219.0, 0.0 ]
[ 378.0, 242.0, 0.0 ]
[ 231.0, 356.0, 0.0 ]
[ 157.0, 351.0, 0.0 ]
[ 155.0, 355.0, 0.0 ]
[ 184.0, 312.0, 0.0 ]
[ 479.0, 247.0, 0.0 ]
[ 217.0, 186.0, 0.0 ]
[ 263.0, 284.0, 0.0 ]
[ 6.0, 518.0, 0.0 ]
