600 600
[ 0.0, 0.0, 0.0 ]
[ 600.0, 0.0, 0.0 ]
[ 600.0, 600.0, 0.0 ]
[ 0.0, 600.0, 0.0 ]
[ 174.0, 311.0, 0.0 ]
[ 158.0, 316.0, 0.0 ]
[ 140.0, 322.0, 0.0 ]
[ 122.0, 330.0, 0.0 ]
[ 105.0, 340.0, 0.0 ]
[ 92.0, 351.0, 0.0 ]
[ 83.0, 366.0, 0.0 ]
[ 79.0, 385.0, 0.0 ]
[ 83.0, 401.0, 0.0 ]
[ 91.0, 415.0, 0.0 ]
[ 105.0, 428.0, 0.0 ]
[ 122.0, 438.0, 0.0 ]
[ 140.0, 445.0, 0.0 ]
[ 204.0, 456.0, 0.0 ]
[ 256.0, 457.0, 0.0 ]
[ 283.0, 456.0, 0.0 ]
[ 231.0, 457.0, 0.0 ]
[ 307.0, 454.0, 0.0 ]
[ 335.0, 451.0, 0.0 ]
[ 392.0, 441.0, 0.0 ]
[ 364.0, 447.0, 0.0 ]
[ 415.0, 433.0, 0.0 ]
[ 436.0, 425.0, 0.0 ]
[ 456.0, 417.0, 0.0 ]
[ 477.0, 407.0, 0.0 ]
[ 497.0, 396.0, 0.0 ]
[ 513.0, 385.0, 0.0 ]
[ 528.0, 370.0, 0.0 ]
[ 534.0, 355.0, 0.0 ]
[ 531.0, 343.0, 0.0 ]
[ 522.0, 331.0, 0.0 ]
[ 510.0, 323.0, 0.0 ]
[ 497.0, 315.0, 0.0 ]
[ 482.0, 308.0, 0.0 ]
[ 454.0, 298.0, 0.0 ]
[ 468.0, 303.0, 0.0 ]
[ 523.0, 324.0, 0.0 ]
[ 548.0, 339.0, 0.0 ]
[ 536.0, 330.0, 0.0 ]
[ 557.0, 350.0, 0.0 ]
[ 559.0, 365.0, 0.0 ]
[ 550.0, 379.0, 0.0 ]
[ 536.0, 392.0, 0.0 ]
[ 518.0, 403.0, 0.0 ]
[ 498.0, 413.0, 0.0 ]
[ 478.0, 422.0, 0.0 ]
[ 456.0, 429.0, 0.0 ]
[ 434.0, 436.0, 0.0 ]
[ 416.0, 442.0, 0.0 ]
[ 398.0, 447.0, 0.0 ]
[ 376.0, 452.0, 0.0 ]
[ 354.0, 457.0, 0.0 ]
[ 326.0, 459.0, 0.0 ]
[ 303.0, 460.0, 0.0 ]
[ 279.0, 459.0, 0.0 ]
[ 251.0, 461.0, 0.0 ]
[ 232.0, 461.0, 0.0 ]
[ 204.0, 459.0, 0.0 ]
[ 133.0, 449.0, 0.0 ]
[ 112.0, 445.0, 0.0 ]
[ 93.0, 438.0, 0.0 ]
[ 78.0, 429.0, 0.0 ]
[ 71.0, 420.0, 0.0 ]
[ 68.0, 406.0, 0.0 ]
[ 72.0, 397.0, 0.0 ]
[ 75.0, 392.0, 0.0 ]
[ 166.0, 361.0, 0.0 ]
[ 172.0, 374.0, 0.0 ]
[ 186.0, 384.0, 0.0 ]
[ 203.0, 389.0, 0.0 ]
[ 223.0, 394.0, 0.0 ]
[ 244.0, 396.0, 0.0 ]
[ 263.0, 398.0, 0.0 ]
[ 286.0, 400.0, 0.0 ]
[ 334.0, 399.0, 0.0 ]
[ 311.0, 400.0, 0.0 ]
[ 335.0, 403.0, 0.0 ]
[ 354.0, 402.0, 0.0 ]
[ 375.0, 400.0, 0.0 ]
[ 390.0, 397.0, 0.0 ]
[ 404.0, 392.0, 0.0 ]
[ 418.0, 387.0, 0.0 ]
[ 421.0, 383.0, 0.0 ]
[ 429.0, 383.0, 0.0 ]
[ 438.0, 378.0, 0.0 ]
[ 447.0, 372.0, 0.0 ]
[ 453.0, 367.0, 0.0 ]
[ 454.0, 354.0, 0.0 ]
[ 454.0, 342.0, 0.0 ]
[ 453.0, 333.0, 0.0 ]
[ 452.0, 324.0, 0.0 ]
[ 446.0, 313.0, 0.0 ]
[ 437.0, 310.0, 0.0 ]
[ 429.0, 313.0, 0.0 ]
[ 423.0, 319.0, 0.0 ]
[ 415.0, 329.0, 0.0 ]
[ 404.0, 330.0, 0.0 ]
[ 394.0, 332.0, 0.0 ]
[ 396.0, 345.0, 0.0 ]
[ 396.0, 384.0, 0.0 ]
[ 397.0, 373.0, 0.0 ]
[ 398.0, 360.0, 0.0 ]
[ 396.0, 394.0, 0.0 ]
[ 420.0, 372.0, 0.0 ]
[ 420.0, 363.0, 0.0 ]
[ 420.0, 350.0, 0.0 ]
[ 418.0, 338.0, 0.0 ]
[ 409.0, 340.0, 0.0 ]
[ 411.0, 353.0, 0.0 ]
[ 410.0, 368.0, 0.0 ]
[ 409.0, 382.0, 0.0 ]
[ 380.0, 327.0, 0.0 ]
[ 337.0, 342.0, 0.0 ]
[ 334.0, 363.0, 0.0 ]
[ 334.0, 383.0, 0.0 ]
[ 448.0, 301.0, 0.0 ]
[ 179.0, 291.0, 0.0 ]
[ 182.0, 302.0, 0.0 ]
[ 194.0, 310.0, 0.0 ]
[ 211.0, 315.0, 0.0 ]
[ 230.0, 317.0, 0.0 ]
[ 253.0, 317.0, 0.0 ]
[ 273.0, 318.0, 0.0 ]
[ 294.0, 319.0, 0.0 ]
[ 319.0, 320.0, 0.0 ]
[ 362.0, 324.0, 0.0 ]
[ 347.0, 322.0, 0.0 ]
[ 338.0, 322.0, 0.0 ]
[ 336.0, 329.0, 0.0 ]
[ 329.0, 324.0, 0.0 ]
[ 312.0, 323.0, 0.0 ]
[ 297.0, 324.0, 0.0 ]
[ 285.0, 323.0, 0.0 ]
[ 267.0, 322.0, 0.0 ]
[ 251.0, 322.0, 0.0 ]
[ 236.0, 322.0, 0.0 ]
[ 220.0, 321.0, 0.0 ]
[ 206.0, 318.0, 0.0 ]
[ 197.0, 316.0, 0.0 ]
[ 187.0, 311.0, 0.0 ]
[ 171.0, 335.0, 0.0 ]
[ 168.0, 347.0, 0.0 ]
[ 187.0, 320.0, 0.0 ]
[ 183.0, 345.0, 0.0 ]
[ 181.0, 365.0, 0.0 ]
[ 210.0, 335.0, 0.0 ]
[ 208.0, 367.0, 0.0 ]
[ 242.0, 340.0, 0.0 ]
[ 241.0, 371.0, 0.0 ]
[ 272.0, 338.0, 0.0 ]
[ 271.0, 378.0, 0.0 ]
[ 307.0, 339.0, 0.0 ]
[ 306.0, 375.0, 0.0 ]
[ 359.0, 350.0, 0.0 ]
[ 376.0, 352.0, 0.0 ]
[ 354.0, 377.0, 0.0 ]
[ 379.0, 377.0, 0.0 ]
[ 440.0, 330.0, 0.0 ]
[ 446.0, 353.0, 0.0 ]
[ 441.0, 369.0, 0.0 ]
[ 435.0, 350.0, 0.0 ]
[ 172.0, 320.0, 0.0 ]
[ 160.0, 322.0, 0.0 ]
[ 145.0, 328.0, 0.0 ]
[ 133.0, 332.0, 0.0 ]
[ 121.0, 338.0, 0.0 ]
[ 111.0, 345.0, 0.0 ]
[ 105.0, 348.0, 0.0 ]
[ 95.0, 360.0, 0.0 ]
[ 90.0, 373.0, 0.0 ]
[ 93.0, 391.0, 0.0 ]
[ 100.0, 404.0, 0.0 ]
[ 112.0, 414.0, 0.0 ]
[ 134.0, 425.0, 0.0 ]
[ 156.0, 432.0, 0.0 ]
[ 176.0, 436.0, 0.0 ]
[ 201.0, 437.0, 0.0 ]
[ 271.0, 438.0, 0.0 ]
[ 296.0, 438.0, 0.0 ]
[ 314.0, 436.0, 0.0 ]
[ 344.0, 435.0, 0.0 ]
[ 361.0, 432.0, 0.0 ]
[ 89.0, 389.0, 0.0 ]
[ 93.0, 400.0, 0.0 ]
[ 98.0, 411.0, 0.0 ]
[ 109.0, 420.0, 0.0 ]
[ 128.0, 429.0, 0.0 ]
[ 156.0, 438.0, 0.0 ]
[ 174.0, 440.0, 0.0 ]
[ 142.0, 434.0, 0.0 ]
[ 210.0, 444.0, 0.0 ]
[ 269.0, 444.0, 0.0 ]
[ 311.0, 441.0, 0.0 ]
[ 123.0, 416.0, 0.0 ]
[ 124.0, 420.0, 0.0 ]
[ 114.0, 423.0, 0.0 ]
[ 148.0, 425.0, 0.0 ]
[ 170.0, 430.0, 0.0 ]
[ 194.0, 432.0, 0.0 ]
[ 212.0, 432.0, 0.0 ]
[ 236.0, 432.0, 0.0 ]
[ 262.0, 430.0, 0.0 ]
[ 283.0, 429.0, 0.0 ]
[ 308.0, 427.0, 0.0 ]
[ 338.0, 424.0, 0.0 ]
[ 364.0, 420.0, 0.0 ]
[ 395.0, 415.0, 0.0 ]
[ 421.0, 411.0, 0.0 ]
[ 440.0, 408.0, 0.0 ]
[ 422.0, 416.0, 0.0 ]
[ 409.0, 420.0, 0.0 ]
[ 411.0, 412.0, 0.0 ]
[ 395.0, 422.0, 0.0 ]
[ 382.0, 418.0, 0.0 ]
[ 382.0, 424.0, 0.0 ]
[ 373.0, 425.0, 0.0 ]
[ 361.0, 427.0, 0.0 ]
[ 353.0, 423.0, 0.0 ]
[ 350.0, 429.0, 0.0 ]
[ 340.0, 432.0, 0.0 ]
[ 376.0, 445.0, 0.0 ]
[ 347.0, 449.0, 0.0 ]
[ 322.0, 453.0, 0.0 ]
[ 296.0, 455.0, 0.0 ]
[ 80.0, 396.0, 0.0 ]
[ 336.0, 354.0, 0.0 ]
[ 336.0, 377.0, 0.0 ]
[ 335.0, 392.0, 0.0 ]
[ 336.0, 399.0, 0.0 ]
[ 452.0, 314.0, 0.0 ]
[ 471.0, 316.0, 0.0 ]
[ 487.0, 321.0, 0.0 ]
[ 504.0, 327.0, 0.0 ]
[ 519.0, 358.0, 0.0 ]
[ 502.0, 380.0, 0.0 ]
[ 496.0, 387.0, 0.0 ]
[ 465.0, 398.0, 0.0 ]
[ 490.0, 392.0, 0.0 ]
[ 480.0, 395.0, 0.0 ]
[ 451.0, 402.0, 0.0 ]
[ 436.0, 405.0, 0.0 ]
[ 426.0, 405.0, 0.0 ]
[ 460.0, 312.0, 0.0 ]
[ 463.0, 315.0, 0.0 ]
[ 471.0, 312.0, 0.0 ]
[ 482.0, 315.0, 0.0 ]
[ 492.0, 317.0, 0.0 ]
[ 502.0, 321.0, 0.0 ]
[ 496.0, 324.0, 0.0 ]
[ 511.0, 334.0, 0.0 ]
[ 513.0, 329.0, 0.0 ]
[ 516.0, 341.0, 0.0 ]
[ 520.0, 351.0, 0.0 ]
[ 523.0, 344.0, 0.0 ]
[ 523.0, 355.0, 0.0 ]
[ 510.0, 374.0, 0.0 ]
[ 514.0, 366.0, 0.0 ]
[ 519.0, 365.0, 0.0 ]
[ 514.0, 374.0, 0.0 ]
[ 509.0, 381.0, 0.0 ]
[ 181.0, 281.0, 0.0 ]
[ 183.0, 269.0, 0.0 ]
[ 186.0, 255.0, 0.0 ]
[ 189.0, 243.0, 0.0 ]
[ 194.0, 227.0, 0.0 ]
[ 199.0, 214.0, 0.0 ]
[ 209.0, 199.0, 0.0 ]
[ 222.0, 186.0, 0.0 ]
[ 238.0, 177.0, 0.0 ]
[ 256.0, 169.0, 0.0 ]
[ 278.0, 164.0, 0.0 ]
[ 300.0, 162.0, 0.0 ]
[ 318.0, 162.0, 0.0 ]
[ 338.0, 164.0, 0.0 ]
[ 357.0, 167.0, 0.0 ]
[ 374.0, 171.0, 0.0 ]
[ 395.0, 177.0, 0.0 ]
[ 412.0, 183.0, 0.0 ]
[ 425.0, 183.0, 0.0 ]
[ 436.0, 189.0, 0.0 ]
[ 445.0, 202.0, 0.0 ]
[ 450.0, 219.0, 0.0 ]
[ 452.0, 235.0, 0.0 ]
[ 452.0, 251.0, 0.0 ]
[ 453.0, 288.0, 0.0 ]
[ 453.0, 271.0, 0.0 ]
[ 216.0, 217.0, 0.0 ]
[ 215.0, 229.0, 0.0 ]
[ 225.0, 227.0, 0.0 ]
[ 236.0, 220.0, 0.0 ]
[ 244.0, 211.0, 0.0 ]
[ 256.0, 201.0, 0.0 ]
[ 270.0, 192.0, 0.0 ]
[ 287.0, 185.0, 0.0 ]
[ 303.0, 180.0, 0.0 ]
[ 320.0, 176.0, 0.0 ]
[ 337.0, 174.0, 0.0 ]
[ 358.0, 175.0, 0.0 ]
[ 208.0, 226.0, 0.0 ]
[ 203.0, 234.0, 0.0 ]
[ 205.0, 239.0, 0.0 ]
[ 215.0, 238.0, 0.0 ]
[ 228.0, 233.0, 0.0 ]
[ 244.0, 228.0, 0.0 ]
[ 263.0, 221.0, 0.0 ]
[ 286.0, 214.0, 0.0 ]
[ 307.0, 207.0, 0.0 ]
[ 328.0, 202.0, 0.0 ]
[ 349.0, 196.0, 0.0 ]
[ 368.0, 191.0, 0.0 ]
[ 386.0, 188.0, 0.0 ]
[ 404.0, 186.0, 0.0 ]
[ 421.0, 186.0, 0.0 ]
[ 197.0, 232.0, 0.0 ]
[ 196.0, 243.0, 0.0 ]
[ 200.0, 249.0, 0.0 ]
[ 214.0, 248.0, 0.0 ]
[ 233.0, 245.0, 0.0 ]
[ 254.0, 236.0, 0.0 ]
[ 268.0, 234.0, 0.0 ]
[ 287.0, 234.0, 0.0 ]
[ 299.0, 235.0, 0.0 ]
[ 308.0, 249.0, 0.0 ]
[ 298.0, 259.0, 0.0 ]
[ 290.0, 272.0, 0.0 ]
[ 287.0, 286.0, 0.0 ]
[ 266.0, 298.0, 0.0 ]
[ 243.0, 296.0, 0.0 ]
[ 221.0, 285.0, 0.0 ]
[ 213.0, 270.0, 0.0 ]
[ 208.0, 259.0, 0.0 ]
[ 273.0, 230.0, 0.0 ]
[ 293.0, 224.0, 0.0 ]
[ 313.0, 218.0, 0.0 ]
[ 337.0, 213.0, 0.0 ]
[ 362.0, 207.0, 0.0 ]
[ 382.0, 202.0, 0.0 ]
[ 399.0, 197.0, 0.0 ]
[ 420.0, 195.0, 0.0 ]
[ 432.0, 203.0, 0.0 ]
[ 442.0, 215.0, 0.0 ]
[ 447.0, 227.0, 0.0 ]
[ 244.0, 260.0, 0.0 ]
[ 266.0, 264.0, 0.0 ]
[ 251.0, 278.0, 0.0 ]
[ 196.0, 269.0, 0.0 ]
[ 202.0, 293.0, 0.0 ]
[ 226.0, 303.0, 0.0 ]
[ 295.0, 303.0, 0.0 ]
[ 318.0, 289.0, 0.0 ]
[ 333.0, 260.0, 0.0 ]
[ 341.0, 233.0, 0.0 ]
[ 374.0, 228.0, 0.0 ]
[ 407.0, 216.0, 0.0 ]
[ 425.0, 234.0, 0.0 ]
[ 431.0, 263.0, 0.0 ]
[ 423.0, 296.0, 0.0 ]
[ 398.0, 309.0, 0.0 ]
[ 368.0, 297.0, 0.0 ]
[ 358.0, 275.0, 0.0 ]
[ 398.0, 259.0, 0.0 ]
[ 227.0, 205.0, 0.0 ]
[ 247.0, 190.0, 0.0 ]
[ 272.0, 179.0, 0.0 ]
[ 293.0, 173.0, 0.0 ]
[ 309.0, 169.0, 0.0 ]
[ 326.0, 169.0, 0.0 ]
[ 226.0, 219.0, 0.0 ]
[ 246.0, 203.0, 0.0 ]
[ 251.0, 217.0, 0.0 ]
[ 268.0, 208.0, 0.0 ]
[ 288.0, 202.0, 0.0 ]
[ 313.0, 195.0, 0.0 ]
[ 337.0, 189.0, 0.0 ]
[ 357.0, 187.0, 0.0 ]
[ 371.0, 182.0, 0.0 ]
[ 384.0, 179.0, 0.0 ]
[ 358.0, 194.0, 0.0 ]
[ 151.0, 348.0, 0.0 ]
[ 131.0, 359.0, 0.0 ]
[ 126.0, 384.0, 0.0 ]
[ 143.0, 404.0, 0.0 ]
[ 172.0, 410.0, 0.0 ]
[ 211.0, 410.0, 0.0 ]
[ 247.0, 412.0, 0.0 ]
[ 275.0, 411.0, 0.0 ]
[ 305.0, 414.0, 0.0 ]
[ 339.0, 412.0, 0.0 ]
[ 359.0, 410.0, 0.0 ]
[ 379.0, 409.0, 0.0 ]
[ 396.0, 406.0, 0.0 ]
[ 415.0, 398.0, 0.0 ]
[ 432.0, 394.0, 0.0 ]
[ 450.0, 384.0, 0.0 ]
[ 468.0, 373.0, 0.0 ]
[ 476.0, 353.0, 0.0 ]
[ 473.0, 335.0, 0.0 ]
[ 499.0, 347.0, 0.0 ]
[ 492.0, 369.0, 0.0 ]
[ 455.0, 406.0, 0.0 ]
[ 471.0, 400.0, 0.0 ]
[ 258.0, 222.0, 0.0 ]
[ 180.0, 307.0, 0.0 ]
[ 219.0, 318.0, 0.0 ]
[ 237.0, 319.0, 0.0 ]
[ 265.0, 318.0, 0.0 ]
[ 284.0, 317.0, 0.0 ]
[ 220.0, 317.0, 0.0 ]
[ 212.0, 320.0, 0.0 ]
[ 217.0, 321.0, 0.0 ]
[ 231.0, 321.0, 0.0 ]
[ 272.0, 321.0, 0.0 ]
[ 303.0, 319.0, 0.0 ]
[ 291.0, 323.0, 0.0 ]
[ 234.0, 238.0, 0.0 ]
[ 241.0, 440.0, 0.0 ]
[ 377.0, 420.0, 0.0 ]
[ 146.0, 428.0, 0.0 ]
[ 169.0, 435.0, 0.0 ]
[ 169.0, 439.0, 0.0 ]
[ 119.0, 417.0, 0.0 ]
[ 211.0, 439.0, 0.0 ]
[ 179.0, 454.0, 0.0 ]
[ 252.0, 457.0, 0.0 ]
[ 277.0, 456.0, 0.0 ]
[ 514.0, 328.0, 0.0 ]
[ 514.0, 327.0, 0.0 ]
[ 184.0, 443.0, 0.0 ]
[ 198.0, 444.0, 0.0 ]
[ 189.0, 437.0, 0.0 ]
[ 224.0, 444.0, 0.0 ]
[ 225.0, 439.0, 0.0 ]
[ 243.0, 445.0, 0.0 ]
[ 255.0, 439.0, 0.0 ]
[ 256.0, 445.0, 0.0 ]
[ 283.0, 443.0, 0.0 ]
[ 282.0, 439.0, 0.0 ]
[ 298.0, 442.0, 0.0 ]
[ 326.0, 438.0, 0.0 ]
[ 323.0, 436.0, 0.0 ]
[ 334.0, 434.0, 0.0 ]
[ 343.0, 436.0, 0.0 ]
[ 303.0, 438.0, 0.0 ]
[ 316.0, 440.0, 0.0 ]
[ 331.0, 438.0, 0.0 ]
[ 333.0, 400.0, 0.0 ]
[ 403.0, 421.0, 0.0 ]
[ 417.0, 418.0, 0.0 ]
[ 417.0, 413.0, 0.0 ]
[ 106.0, 344.0, 0.0 ]
[ 520.0, 335.0, 0.0 ]
[ 91.0, 360.0, 0.0 ]
[ 39.0, 457.0, 0.0 ]
