472 708
[ 0.0, 0.0, 0.0 ]
[ 472.0, 0.0, 0.0 ]
[ 472.0, 708.0, 0.0 ]
[ 0.0, 708.0, 0.0 ]
[ 98.0, 119.0, 0.0 ]
[ 106.0, 112.0, 0.0 ]
[ 117.0, 108.0, 0.0 ]
[ 129.0, 105.0, 0.0 ]
[ 129.0, 113.0, 0.0 ]
[ 137.0, 119.0, 0.0 ]
[ 134.0, 114.0, 0.0 ]
[ 146.0, 119.0, 0.0 ]
[ 158.0, 117.0, 0.0 ]
[ 175.0, 121.0, 0.0 ]
[ 173.0, 125.0, 0.0 ]
[ 165.0, 129.0, 0.0 ]
[ 154.0, 133.0, 0.0 ]
[ 157.0, 126.0, 0.0 ]
[ 166.0, 124.0, 0.0 ]
[ 151.0, 129.0, 0.0 ]
[ 140.0, 129.0, 0.0 ]
[ 131.0, 123.0, 0.0 ]
[ 145.0, 134.0, 0.0 ]
[ 134.0, 129.0, 0.0 ]
[ 124.0, 121.0, 0.0 ]
[ 116.0, 123.0, 0.0 ]
[ 106.0, 127.0, 0.0 ]
[ 118.0, 116.0, 0.0 ]
[ 143.0, 124.0, 0.0 ]
[ 153.0, 123.0, 0.0 ]
[ 115.0, 128.0, 0.0 ]
[ 123.0, 133.0, 0.0 ]
[ 129.0, 141.0, 0.0 ]
[ 136.0, 152.0, 0.0 ]
[ 140.0, 162.0, 0.0 ]
[ 143.0, 171.0, 0.0 ]
[ 147.0, 181.0, 0.0 ]
[ 152.0, 191.0, 0.0 ]
[ 160.0, 201.0, 0.0 ]
[ 167.0, 213.0, 0.0 ]
[ 170.0, 227.0, 0.0 ]
[ 173.0, 243.0, 0.0 ]
[ 176.0, 259.0, 0.0 ]
[ 180.0, 273.0, 0.0 ]
[ 183.0, 287.0, 0.0 ]
[ 186.0, 302.0, 0.0 ]
[ 189.0, 320.0, 0.0 ]
[ 193.0, 337.0, 0.0 ]
[ 196.0, 352.0, 0.0 ]
[ 199.0, 369.0, 0.0 ]
[ 200.0, 382.0, 0.0 ]
[ 201.0, 394.0, 0.0 ]
[ 209.0, 380.0, 0.0 ]
[ 207.0, 363.0, 0.0 ]
[ 205.0, 350.0, 0.0 ]
[ 202.0, 334.0, 0.0 ]
[ 198.0, 318.0, 0.0 ]
[ 194.0, 301.0, 0.0 ]
[ 191.0, 285.0, 0.0 ]
[ 186.0, 266.0, 0.0 ]
[ 183.0, 245.0, 0.0 ]
[ 177.0, 225.0, 0.0 ]
[ 174.0, 205.0, 0.0 ]
[ 179.0, 193.0, 0.0 ]
[ 178.0, 175.0, 0.0 ]
[ 177.0, 156.0, 0.0 ]
[ 176.0, 140.0, 0.0 ]
[ 182.0, 130.0, 0.0 ]
[ 176.0, 134.0, 0.0 ]
[ 170.0, 150.0, 0.0 ]
[ 172.0, 163.0, 0.0 ]
[ 174.0, 176.0, 0.0 ]
[ 168.0, 185.0, 0.0 ]
[ 172.0, 197.0, 0.0 ]
[ 158.0, 188.0, 0.0 ]
[ 168.0, 172.0, 0.0 ]
[ 155.0, 173.0, 0.0 ]
[ 150.0, 163.0, 0.0 ]
[ 160.0, 157.0, 0.0 ]
[ 164.0, 141.0, 0.0 ]
[ 169.0, 135.0, 0.0 ]
[ 196.0, 99.0, 0.0 ]
[ 190.0, 97.0, 0.0 ]
[ 184.0, 90.0, 0.0 ]
[ 182.0, 79.0, 0.0 ]
[ 192.0, 75.0, 0.0 ]
[ 204.0, 77.0, 0.0 ]
[ 216.0, 81.0, 0.0 ]
[ 224.0, 85.0, 0.0 ]
[ 232.0, 78.0, 0.0 ]
[ 244.0, 79.0, 0.0 ]
[ 240.0, 85.0, 0.0 ]
[ 231.0, 93.0, 0.0 ]
[ 236.0, 103.0, 0.0 ]
[ 234.0, 118.0, 0.0 ]
[ 232.0, 131.0, 0.0 ]
[ 227.0, 141.0, 0.0 ]
[ 223.0, 153.0, 0.0 ]
[ 207.0, 139.0, 0.0 ]
[ 211.0, 149.0, 0.0 ]
[ 202.0, 128.0, 0.0 ]
[ 202.0, 115.0, 0.0 ]
[ 199.0, 107.0, 0.0 ]
[ 208.0, 107.0, 0.0 ]
[ 214.0, 111.0, 0.0 ]
[ 218.0, 118.0, 0.0 ]
[ 220.0, 129.0, 0.0 ]
[ 224.0, 107.0, 0.0 ]
[ 216.0, 95.0, 0.0 ]
[ 202.0, 83.0, 0.0 ]
[ 190.0, 84.0, 0.0 ]
[ 195.0, 91.0, 0.0 ]
[ 205.0, 94.0, 0.0 ]
[ 214.0, 162.0, 0.0 ]
[ 214.0, 177.0, 0.0 ]
[ 214.0, 196.0, 0.0 ]
[ 214.0, 214.0, 0.0 ]
[ 215.0, 235.0, 0.0 ]
[ 217.0, 251.0, 0.0 ]
[ 217.0, 266.0, 0.0 ]
[ 217.0, 283.0, 0.0 ]
[ 218.0, 298.0, 0.0 ]
[ 218.0, 315.0, 0.0 ]
[ 218.0, 332.0, 0.0 ]
[ 218.0, 347.0, 0.0 ]
[ 219.0, 366.0, 0.0 ]
[ 219.0, 383.0, 0.0 ]
[ 219.0, 393.0, 0.0 ]
[ 213.0, 394.0, 0.0 ]
[ 221.0, 164.0, 0.0 ]
[ 219.0, 177.0, 0.0 ]
[ 219.0, 190.0, 0.0 ]
[ 220.0, 204.0, 0.0 ]
[ 222.0, 224.0, 0.0 ]
[ 222.0, 241.0, 0.0 ]
[ 225.0, 259.0, 0.0 ]
[ 225.0, 276.0, 0.0 ]
[ 225.0, 290.0, 0.0 ]
[ 227.0, 303.0, 0.0 ]
[ 227.0, 319.0, 0.0 ]
[ 227.0, 339.0, 0.0 ]
[ 227.0, 357.0, 0.0 ]
[ 231.0, 346.0, 0.0 ]
[ 235.0, 327.0, 0.0 ]
[ 239.0, 310.0, 0.0 ]
[ 243.0, 297.0, 0.0 ]
[ 247.0, 277.0, 0.0 ]
[ 252.0, 261.0, 0.0 ]
[ 255.0, 246.0, 0.0 ]
[ 259.0, 233.0, 0.0 ]
[ 264.0, 219.0, 0.0 ]
[ 267.0, 205.0, 0.0 ]
[ 280.0, 209.0, 0.0 ]
[ 275.0, 221.0, 0.0 ]
[ 269.0, 234.0, 0.0 ]
[ 264.0, 251.0, 0.0 ]
[ 259.0, 269.0, 0.0 ]
[ 255.0, 289.0, 0.0 ]
[ 252.0, 303.0, 0.0 ]
[ 248.0, 316.0, 0.0 ]
[ 245.0, 329.0, 0.0 ]
[ 242.0, 347.0, 0.0 ]
[ 239.0, 362.0, 0.0 ]
[ 236.0, 377.0, 0.0 ]
[ 234.0, 392.0, 0.0 ]
[ 228.0, 390.0, 0.0 ]
[ 231.0, 374.0, 0.0 ]
[ 234.0, 360.0, 0.0 ]
[ 237.0, 345.0, 0.0 ]
[ 240.0, 332.0, 0.0 ]
[ 243.0, 316.0, 0.0 ]
[ 247.0, 299.0, 0.0 ]
[ 250.0, 285.0, 0.0 ]
[ 253.0, 269.0, 0.0 ]
[ 257.0, 260.0, 0.0 ]
[ 260.0, 245.0, 0.0 ]
[ 266.0, 229.0, 0.0 ]
[ 268.0, 217.0, 0.0 ]
[ 272.0, 206.0, 0.0 ]
[ 274.0, 194.0, 0.0 ]
[ 279.0, 185.0, 0.0 ]
[ 288.0, 179.0, 0.0 ]
[ 296.0, 170.0, 0.0 ]
[ 305.0, 160.0, 0.0 ]
[ 317.0, 147.0, 0.0 ]
[ 331.0, 135.0, 0.0 ]
[ 345.0, 125.0, 0.0 ]
[ 355.0, 121.0, 0.0 ]
[ 360.0, 119.0, 0.0 ]
[ 367.0, 126.0, 0.0 ]
[ 358.0, 127.0, 0.0 ]
[ 348.0, 131.0, 0.0 ]
[ 340.0, 134.0, 0.0 ]
[ 331.0, 142.0, 0.0 ]
[ 326.0, 149.0, 0.0 ]
[ 319.0, 157.0, 0.0 ]
[ 312.0, 170.0, 0.0 ]
[ 304.0, 179.0, 0.0 ]
[ 296.0, 188.0, 0.0 ]
[ 289.0, 197.0, 0.0 ]
[ 343.0, 141.0, 0.0 ]
[ 353.0, 136.0, 0.0 ]
[ 350.0, 114.0, 0.0 ]
[ 337.0, 111.0, 0.0 ]
[ 324.0, 113.0, 0.0 ]
[ 315.0, 112.0, 0.0 ]
[ 298.0, 114.0, 0.0 ]
[ 285.0, 117.0, 0.0 ]
[ 281.0, 128.0, 0.0 ]
[ 269.0, 134.0, 0.0 ]
[ 261.0, 142.0, 0.0 ]
[ 264.0, 154.0, 0.0 ]
[ 265.0, 167.0, 0.0 ]
[ 264.0, 184.0, 0.0 ]
[ 272.0, 145.0, 0.0 ]
[ 276.0, 151.0, 0.0 ]
[ 273.0, 161.0, 0.0 ]
[ 278.0, 174.0, 0.0 ]
[ 286.0, 162.0, 0.0 ]
[ 291.0, 152.0, 0.0 ]
[ 302.0, 149.0, 0.0 ]
[ 311.0, 148.0, 0.0 ]
[ 295.0, 140.0, 0.0 ]
[ 287.0, 139.0, 0.0 ]
[ 285.0, 135.0, 0.0 ]
[ 294.0, 124.0, 0.0 ]
[ 305.0, 123.0, 0.0 ]
[ 297.0, 131.0, 0.0 ]
[ 312.0, 118.0, 0.0 ]
[ 311.0, 131.0, 0.0 ]
[ 320.0, 134.0, 0.0 ]
[ 327.0, 123.0, 0.0 ]
[ 209.0, 124.0, 0.0 ]
[ 149.0, 147.0, 0.0 ]
[ 239.0, 318.0, 0.0 ]
[ 245.0, 287.0, 0.0 ]
[ 224.0, 334.0, 0.0 ]
[ 284.0, 187.0, 0.0 ]
[ 305.0, 169.0, 0.0 ]
[ 197.0, 391.0, 0.0 ]
[ 239.0, 391.0, 0.0 ]
[ 235.0, 397.0, 0.0 ]
[ 222.0, 398.0, 0.0 ]
[ 211.0, 398.0, 0.0 ]
[ 195.0, 402.0, 0.0 ]
[ 240.0, 405.0, 0.0 ]
[ 193.0, 415.0, 0.0 ]
[ 242.0, 417.0, 0.0 ]
[ 190.0, 428.0, 0.0 ]
[ 185.0, 440.0, 0.0 ]
[ 179.0, 455.0, 0.0 ]
[ 245.0, 430.0, 0.0 ]
[ 250.0, 444.0, 0.0 ]
[ 255.0, 456.0, 0.0 ]
[ 172.0, 468.0, 0.0 ]
[ 164.0, 482.0, 0.0 ]
[ 154.0, 500.0, 0.0 ]
[ 145.0, 515.0, 0.0 ]
[ 138.0, 532.0, 0.0 ]
[ 129.0, 565.0, 0.0 ]
[ 127.0, 580.0, 0.0 ]
[ 133.0, 547.0, 0.0 ]
[ 130.0, 599.0, 0.0 ]
[ 136.0, 615.0, 0.0 ]
[ 144.0, 633.0, 0.0 ]
[ 152.0, 644.0, 0.0 ]
[ 161.0, 654.0, 0.0 ]
[ 173.0, 663.0, 0.0 ]
[ 191.0, 669.0, 0.0 ]
[ 212.0, 671.0, 0.0 ]
[ 232.0, 669.0, 0.0 ]
[ 248.0, 663.0, 0.0 ]
[ 268.0, 653.0, 0.0 ]
[ 279.0, 640.0, 0.0 ]
[ 289.0, 630.0, 0.0 ]
[ 295.0, 617.0, 0.0 ]
[ 300.0, 596.0, 0.0 ]
[ 302.0, 576.0, 0.0 ]
[ 302.0, 557.0, 0.0 ]
[ 295.0, 541.0, 0.0 ]
[ 291.0, 528.0, 0.0 ]
[ 284.0, 511.0, 0.0 ]
[ 276.0, 494.0, 0.0 ]
[ 267.0, 479.0, 0.0 ]
[ 261.0, 467.0, 0.0 ]
[ 156.0, 650.0, 0.0 ]
[ 157.0, 659.0, 0.0 ]
[ 163.0, 667.0, 0.0 ]
[ 172.0, 672.0, 0.0 ]
[ 189.0, 678.0, 0.0 ]
[ 219.0, 682.0, 0.0 ]
[ 236.0, 681.0, 0.0 ]
[ 203.0, 682.0, 0.0 ]
[ 254.0, 677.0, 0.0 ]
[ 268.0, 673.0, 0.0 ]
[ 281.0, 665.0, 0.0 ]
[ 295.0, 657.0, 0.0 ]
[ 293.0, 645.0, 0.0 ]
[ 284.0, 636.0, 0.0 ]
[ 275.0, 656.0, 0.0 ]
[ 203.0, 400.0, 0.0 ]
[ 200.0, 416.0, 0.0 ]
[ 198.0, 434.0, 0.0 ]
[ 195.0, 450.0, 0.0 ]
[ 187.0, 469.0, 0.0 ]
[ 181.0, 492.0, 0.0 ]
[ 178.0, 514.0, 0.0 ]
[ 174.0, 541.0, 0.0 ]
[ 172.0, 569.0, 0.0 ]
[ 169.0, 597.0, 0.0 ]
[ 174.0, 623.0, 0.0 ]
[ 177.0, 646.0, 0.0 ]
[ 183.0, 659.0, 0.0 ]
[ 231.0, 409.0, 0.0 ]
[ 232.0, 429.0, 0.0 ]
[ 238.0, 456.0, 0.0 ]
[ 244.0, 480.0, 0.0 ]
[ 251.0, 503.0, 0.0 ]
[ 258.0, 529.0, 0.0 ]
[ 265.0, 559.0, 0.0 ]
[ 271.0, 578.0, 0.0 ]
[ 270.0, 602.0, 0.0 ]
[ 269.0, 627.0, 0.0 ]
[ 259.0, 645.0, 0.0 ]
[ 170.0, 487.0, 0.0 ]
[ 158.0, 521.0, 0.0 ]
[ 148.0, 558.0, 0.0 ]
[ 145.0, 589.0, 0.0 ]
[ 151.0, 617.0, 0.0 ]
[ 161.0, 638.0, 0.0 ]
[ 246.0, 445.0, 0.0 ]
[ 254.0, 471.0, 0.0 ]
[ 265.0, 495.0, 0.0 ]
[ 282.0, 532.0, 0.0 ]
[ 291.0, 559.0, 0.0 ]
[ 293.0, 585.0, 0.0 ]
[ 291.0, 608.0, 0.0 ]
[ 278.0, 636.0, 0.0 ]
[ 216.0, 416.0, 0.0 ]
[ 214.0, 440.0, 0.0 ]
[ 217.0, 474.0, 0.0 ]
[ 217.0, 499.0, 0.0 ]
[ 218.0, 537.0, 0.0 ]
[ 217.0, 569.0, 0.0 ]
[ 216.0, 606.0, 0.0 ]
[ 216.0, 640.0, 0.0 ]
[ 216.0, 659.0, 0.0 ]
[ 202.0, 466.0, 0.0 ]
[ 199.0, 498.0, 0.0 ]
[ 198.0, 531.0, 0.0 ]
[ 196.0, 566.0, 0.0 ]
[ 195.0, 612.0, 0.0 ]
[ 230.0, 466.0, 0.0 ]
[ 236.0, 500.0, 0.0 ]
[ 243.0, 543.0, 0.0 ]
[ 244.0, 579.0, 0.0 ]
[ 242.0, 624.0, 0.0 ]
[ 219.0, 461.0, 0.0 ]
[ 219.0, 437.0, 0.0 ]
[ 237.0, 617.0, 0.0 ]
[ 256.0, 569.0, 0.0 ]
[ 244.0, 655.0, 0.0 ]
[ 288.0, 629.0, 0.0 ]
[ 291.0, 677.0, 0.0 ]
[ 261.0, 683.0, 0.0 ]
[ 225.0, 687.0, 0.0 ]
[ 195.0, 686.0, 0.0 ]
[ 176.0, 681.0, 0.0 ]
[ 158.0, 668.0, 0.0 ]
[ 218.0, 454.0, 0.0 ]
[ 212.0, 459.0, 0.0 ]
[ 230.0, 453.0, 0.0 ]
[ 162.0, 600.0, 0.0 ]
[ 229.0, 566.0, 0.0 ]
[ 239.0, 597.0, 0.0 ]
[ 232.0, 607.0, 0.0 ]
[ 202.0, 390.0, 0.0 ]
[ 3.0, 425.0, 0.0 ]
