700 534
[ 0.0, 0.0, 0.0 ]
[ 700.0, 0.0, 0.0 ]
[ 700.0, 534.0, 0.0 ]
[ 0.0, 534.0, 0.0 ]
[ 175.0, 197.0, 0.0 ]
[ 76.0, 303.0, 0.0 ]
[ 119.0, 391.0, 0.0 ]
[ 320.0, 473.0, 0.0 ]
[ 582.0, 423.0, 0.0 ]
[ 323.0, 451.0, 0.0 ]
[ 410.0, 455.0, 0.0 ]
[ 417.0, 473.0, 0.0 ]
[ 576.0, 412.0, 0.0 ]
[ 628.0, 380.0, 0.0 ]
[ 661.0, 320.0, 0.0 ]
[ 614.0, 342.0, 0.0 ]
[ 594.0, 372.0, 0.0 ]
[ 559.0, 400.0, 0.0 ]
[ 497.0, 431.0, 0.0 ]
[ 502.0, 440.0, 0.0 ]
[ 506.0, 455.0, 0.0 ]
[ 109.0, 334.0, 0.0 ]
[ 84.0, 349.0, 0.0 ]
[ 145.0, 375.0, 0.0 ]
[ 167.0, 419.0, 0.0 ]
[ 186.0, 407.0, 0.0 ]
[ 245.0, 436.0, 0.0 ]
[ 256.0, 361.0, 0.0 ]
[ 228.0, 330.0, 0.0 ]
[ 202.0, 290.0, 0.0 ]
[ 180.0, 241.0, 0.0 ]
[ 172.0, 145.0, 0.0 ]
[ 219.0, 84.0, 0.0 ]
[ 566.0, 123.0, 0.0 ]
[ 552.0, 127.0, 0.0 ]
[ 571.0, 160.0, 0.0 ]
[ 551.0, 152.0, 0.0 ]
[ 565.0, 153.0, 0.0 ]
[ 521.0, 196.0, 0.0 ]
[ 383.0, 219.0, 0.0 ]
[ 453.0, 97.0, 0.0 ]
[ 505.0, 77.0, 0.0 ]
[ 514.0, 72.0, 0.0 ]
[ 389.0, 78.0, 0.0 ]
[ 423.0, 81.0, 0.0 ]
[ 441.0, 58.0, 0.0 ]
[ 350.0, 81.0, 0.0 ]
[ 310.0, 57.0, 0.0 ]
[ 258.0, 97.0, 0.0 ]
[ 334.0, 73.0, 0.0 ]
[ 320.0, 116.0, 0.0 ]
[ 378.0, 131.0, 0.0 ]
[ 393.0, 136.0, 0.0 ]
[ 322.0, 135.0, 0.0 ]
[ 261.0, 137.0, 0.0 ]
[ 241.0, 198.0, 0.0 ]
[ 226.0, 206.0, 0.0 ]
[ 291.0, 174.0, 0.0 ]
[ 347.0, 155.0, 0.0 ]
[ 390.0, 114.0, 0.0 ]
[ 319.0, 227.0, 0.0 ]
[ 325.0, 217.0, 0.0 ]
[ 336.0, 187.0, 0.0 ]
[ 389.0, 185.0, 0.0 ]
[ 381.0, 232.0, 0.0 ]
[ 475.0, 217.0, 0.0 ]
[ 465.0, 208.0, 0.0 ]
[ 445.0, 179.0, 0.0 ]
[ 426.0, 155.0, 0.0 ]
[ 386.0, 154.0, 0.0 ]
[ 418.0, 140.0, 0.0 ]
[ 499.0, 158.0, 0.0 ]
[ 465.0, 141.0, 0.0 ]
[ 534.0, 170.0, 0.0 ]
[ 550.0, 177.0, 0.0 ]
[ 424.0, 119.0, 0.0 ]
[ 444.0, 107.0, 0.0 ]
[ 479.0, 86.0, 0.0 ]
[ 469.0, 116.0, 0.0 ]
[ 500.0, 113.0, 0.0 ]
[ 545.0, 102.0, 0.0 ]
[ 282.0, 61.0, 0.0 ]
[ 319.0, 219.0, 0.0 ]
[ 516.0, 186.0, 0.0 ]
[ 286.0, 377.0, 0.0 ]
[ 348.0, 397.0, 0.0 ]
[ 395.0, 396.0, 0.0 ]
[ 449.0, 378.0, 0.0 ]
[ 496.0, 354.0, 0.0 ]
[ 517.0, 329.0, 0.0 ]
[ 605.0, 302.0, 0.0 ]
[ 557.0, 316.0, 0.0 ]
[ 542.0, 284.0, 0.0 ]
[ 561.0, 284.0, 0.0 ]
[ 603.0, 275.0, 0.0 ]
[ 642.0, 250.0, 0.0 ]
[ 591.0, 207.0, 0.0 ]
[ 656.0, 277.0, 0.0 ]
[ 673.0, 244.0, 0.0 ]
[ 656.0, 231.0, 0.0 ]
[ 656.0, 212.0, 0.0 ]
[ 682.0, 201.0, 0.0 ]
[ 685.0, 226.0, 0.0 ]
[ 662.0, 175.0, 0.0 ]
[ 633.0, 159.0, 0.0 ]
[ 602.0, 160.0, 0.0 ]
[ 634.0, 191.0, 0.0 ]
[ 634.0, 181.0, 0.0 ]
[ 604.0, 195.0, 0.0 ]
[ 604.0, 178.0, 0.0 ]
[ 651.0, 201.0, 0.0 ]
[ 660.0, 191.0, 0.0 ]
[ 672.0, 204.0, 0.0 ]
[ 645.0, 266.0, 0.0 ]
[ 601.0, 290.0, 0.0 ]
[ 553.0, 301.0, 0.0 ]
[ 528.0, 303.0, 0.0 ]
[ 558.0, 231.0, 0.0 ]
[ 574.0, 218.0, 0.0 ]
[ 572.0, 184.0, 0.0 ]
[ 608.0, 221.0, 0.0 ]
[ 625.0, 233.0, 0.0 ]
[ 594.0, 257.0, 0.0 ]
[ 586.0, 239.0, 0.0 ]
[ 149.0, 216.0, 0.0 ]
[ 116.0, 240.0, 0.0 ]
[ 91.0, 271.0, 0.0 ]
[ 149.0, 262.0, 0.0 ]
[ 131.0, 292.0, 0.0 ]
[ 172.0, 323.0, 0.0 ]
[ 211.0, 348.0, 0.0 ]
[ 268.0, 407.0, 0.0 ]
[ 230.0, 389.0, 0.0 ]
[ 338.0, 422.0, 0.0 ]
[ 400.0, 425.0, 0.0 ]
[ 471.0, 402.0, 0.0 ]
[ 516.0, 376.0, 0.0 ]
[ 551.0, 351.0, 0.0 ]
[ 243.0, 459.0, 0.0 ]
[ 163.0, 428.0, 0.0 ]
[ 387.0, 50.0, 0.0 ]
[ 112.0, 284.0, 0.0 ]
[ 5.0, 369.0, 0.0 ]
