472 708
[ 0.0, 0.0, 0.0 ]
[ 472.0, 0.0, 0.0 ]
[ 472.0, 708.0, 0.0 ]
[ 0.0, 708.0, 0.0 ]
[ 178.0, 331.0, 0.0 ]
[ 218.0, 331.0, 0.0 ]
[ 183.0, 332.0, 0.0 ]
[ 189.0, 327.0, 0.0 ]
[ 194.0, 325.0, 0.0 ]
[ 203.0, 325.0, 0.0 ]
[ 212.0, 330.0, 0.0 ]
[ 211.0, 337.0, 0.0 ]
[ 202.0, 340.0, 0.0 ]
[ 191.0, 338.0, 0.0 ]
[ 206.0, 322.0, 0.0 ]
[ 195.0, 321.0, 0.0 ]
[ 185.0, 324.0, 0.0 ]
[ 179.0, 339.0, 0.0 ]
[ 185.0, 342.0, 0.0 ]
[ 214.0, 342.0, 0.0 ]
[ 218.0, 337.0, 0.0 ]
[ 219.0, 345.0, 0.0 ]
[ 229.0, 367.0, 0.0 ]
[ 222.0, 357.0, 0.0 ]
[ 236.0, 377.0, 0.0 ]
[ 246.0, 388.0, 0.0 ]
[ 257.0, 403.0, 0.0 ]
[ 263.0, 418.0, 0.0 ]
[ 270.0, 434.0, 0.0 ]
[ 274.0, 454.0, 0.0 ]
[ 277.0, 474.0, 0.0 ]
[ 278.0, 491.0, 0.0 ]
[ 175.0, 352.0, 0.0 ]
[ 164.0, 365.0, 0.0 ]
[ 153.0, 379.0, 0.0 ]
[ 139.0, 394.0, 0.0 ]
[ 130.0, 411.0, 0.0 ]
[ 121.0, 427.0, 0.0 ]
[ 115.0, 448.0, 0.0 ]
[ 110.0, 470.0, 0.0 ]
[ 107.0, 489.0, 0.0 ]
[ 115.0, 506.0, 0.0 ]
[ 130.0, 519.0, 0.0 ]
[ 144.0, 529.0, 0.0 ]
[ 163.0, 535.0, 0.0 ]
[ 182.0, 539.0, 0.0 ]
[ 231.0, 535.0, 0.0 ]
[ 252.0, 526.0, 0.0 ]
[ 268.0, 513.0, 0.0 ]
[ 107.0, 509.0, 0.0 ]
[ 108.0, 529.0, 0.0 ]
[ 110.0, 546.0, 0.0 ]
[ 113.0, 568.0, 0.0 ]
[ 116.0, 585.0, 0.0 ]
[ 122.0, 604.0, 0.0 ]
[ 128.0, 621.0, 0.0 ]
[ 135.0, 642.0, 0.0 ]
[ 144.0, 658.0, 0.0 ]
[ 159.0, 673.0, 0.0 ]
[ 177.0, 679.0, 0.0 ]
[ 204.0, 681.0, 0.0 ]
[ 226.0, 674.0, 0.0 ]
[ 239.0, 661.0, 0.0 ]
[ 248.0, 640.0, 0.0 ]
[ 257.0, 616.0, 0.0 ]
[ 266.0, 595.0, 0.0 ]
[ 271.0, 572.0, 0.0 ]
[ 276.0, 552.0, 0.0 ]
[ 279.0, 530.0, 0.0 ]
[ 280.0, 511.0, 0.0 ]
[ 193.0, 344.0, 0.0 ]
[ 192.0, 350.0, 0.0 ]
[ 192.0, 360.0, 0.0 ]
[ 189.0, 376.0, 0.0 ]
[ 189.0, 393.0, 0.0 ]
[ 184.0, 414.0, 0.0 ]
[ 178.0, 436.0, 0.0 ]
[ 175.0, 461.0, 0.0 ]
[ 171.0, 485.0, 0.0 ]
[ 169.0, 511.0, 0.0 ]
[ 168.0, 538.0, 0.0 ]
[ 202.0, 354.0, 0.0 ]
[ 204.0, 344.0, 0.0 ]
[ 203.0, 368.0, 0.0 ]
[ 202.0, 388.0, 0.0 ]
[ 203.0, 410.0, 0.0 ]
[ 201.0, 429.0, 0.0 ]
[ 198.0, 452.0, 0.0 ]
[ 198.0, 477.0, 0.0 ]
[ 202.0, 499.0, 0.0 ]
[ 202.0, 519.0, 0.0 ]
[ 204.0, 539.0, 0.0 ]
[ 211.0, 342.0, 0.0 ]
[ 211.0, 356.0, 0.0 ]
[ 213.0, 383.0, 0.0 ]
[ 218.0, 399.0, 0.0 ]
[ 226.0, 422.0, 0.0 ]
[ 232.0, 445.0, 0.0 ]
[ 238.0, 467.0, 0.0 ]
[ 244.0, 491.0, 0.0 ]
[ 245.0, 515.0, 0.0 ]
[ 221.0, 370.0, 0.0 ]
[ 231.0, 388.0, 0.0 ]
[ 237.0, 400.0, 0.0 ]
[ 246.0, 420.0, 0.0 ]
[ 256.0, 437.0, 0.0 ]
[ 263.0, 455.0, 0.0 ]
[ 267.0, 475.0, 0.0 ]
[ 268.0, 490.0, 0.0 ]
[ 234.0, 418.0, 0.0 ]
[ 240.0, 440.0, 0.0 ]
[ 248.0, 459.0, 0.0 ]
[ 254.0, 482.0, 0.0 ]
[ 257.0, 504.0, 0.0 ]
[ 229.0, 403.0, 0.0 ]
[ 217.0, 512.0, 0.0 ]
[ 225.0, 527.0, 0.0 ]
[ 214.0, 491.0, 0.0 ]
[ 214.0, 463.0, 0.0 ]
[ 211.0, 438.0, 0.0 ]
[ 210.0, 415.0, 0.0 ]
[ 176.0, 370.0, 0.0 ]
[ 166.0, 391.0, 0.0 ]
[ 156.0, 415.0, 0.0 ]
[ 146.0, 443.0, 0.0 ]
[ 141.0, 472.0, 0.0 ]
[ 137.0, 500.0, 0.0 ]
[ 151.0, 515.0, 0.0 ]
[ 119.0, 488.0, 0.0 ]
[ 125.0, 463.0, 0.0 ]
[ 158.0, 480.0, 0.0 ]
[ 130.0, 437.0, 0.0 ]
[ 163.0, 453.0, 0.0 ]
[ 142.0, 411.0, 0.0 ]
[ 170.0, 420.0, 0.0 ]
[ 155.0, 389.0, 0.0 ]
[ 228.0, 472.0, 0.0 ]
[ 230.0, 508.0, 0.0 ]
[ 107.0, 499.0, 0.0 ]
[ 113.0, 511.0, 0.0 ]
[ 119.0, 520.0, 0.0 ]
[ 128.0, 528.0, 0.0 ]
[ 141.0, 536.0, 0.0 ]
[ 152.0, 541.0, 0.0 ]
[ 175.0, 545.0, 0.0 ]
[ 196.0, 547.0, 0.0 ]
[ 215.0, 547.0, 0.0 ]
[ 235.0, 543.0, 0.0 ]
[ 254.0, 532.0, 0.0 ]
[ 266.0, 524.0, 0.0 ]
[ 277.0, 512.0, 0.0 ]
[ 117.0, 524.0, 0.0 ]
[ 128.0, 536.0, 0.0 ]
[ 143.0, 546.0, 0.0 ]
[ 164.0, 553.0, 0.0 ]
[ 182.0, 557.0, 0.0 ]
[ 198.0, 557.0, 0.0 ]
[ 221.0, 556.0, 0.0 ]
[ 242.0, 549.0, 0.0 ]
[ 262.0, 539.0, 0.0 ]
[ 272.0, 539.0, 0.0 ]
[ 264.0, 550.0, 0.0 ]
[ 248.0, 557.0, 0.0 ]
[ 236.0, 564.0, 0.0 ]
[ 218.0, 567.0, 0.0 ]
[ 201.0, 571.0, 0.0 ]
[ 181.0, 566.0, 0.0 ]
[ 161.0, 564.0, 0.0 ]
[ 148.0, 557.0, 0.0 ]
[ 126.0, 546.0, 0.0 ]
[ 118.0, 536.0, 0.0 ]
[ 118.0, 549.0, 0.0 ]
[ 139.0, 563.0, 0.0 ]
[ 162.0, 574.0, 0.0 ]
[ 188.0, 573.0, 0.0 ]
[ 219.0, 573.0, 0.0 ]
[ 253.0, 569.0, 0.0 ]
[ 269.0, 559.0, 0.0 ]
[ 120.0, 561.0, 0.0 ]
[ 132.0, 569.0, 0.0 ]
[ 150.0, 577.0, 0.0 ]
[ 172.0, 581.0, 0.0 ]
[ 198.0, 584.0, 0.0 ]
[ 217.0, 584.0, 0.0 ]
[ 243.0, 581.0, 0.0 ]
[ 267.0, 570.0, 0.0 ]
[ 274.0, 555.0, 0.0 ]
[ 258.0, 583.0, 0.0 ]
[ 243.0, 589.0, 0.0 ]
[ 225.0, 592.0, 0.0 ]
[ 210.0, 597.0, 0.0 ]
[ 185.0, 599.0, 0.0 ]
[ 165.0, 594.0, 0.0 ]
[ 146.0, 590.0, 0.0 ]
[ 139.0, 582.0, 0.0 ]
[ 119.0, 571.0, 0.0 ]
[ 120.0, 583.0, 0.0 ]
[ 133.0, 588.0, 0.0 ]
[ 151.0, 598.0, 0.0 ]
[ 172.0, 603.0, 0.0 ]
[ 198.0, 607.0, 0.0 ]
[ 219.0, 604.0, 0.0 ]
[ 237.0, 598.0, 0.0 ]
[ 261.0, 586.0, 0.0 ]
[ 268.0, 578.0, 0.0 ]
[ 259.0, 597.0, 0.0 ]
[ 236.0, 604.0, 0.0 ]
[ 212.0, 615.0, 0.0 ]
[ 187.0, 616.0, 0.0 ]
[ 167.0, 613.0, 0.0 ]
[ 149.0, 608.0, 0.0 ]
[ 133.0, 600.0, 0.0 ]
[ 127.0, 594.0, 0.0 ]
[ 128.0, 604.0, 0.0 ]
[ 149.0, 613.0, 0.0 ]
[ 171.0, 620.0, 0.0 ]
[ 188.0, 623.0, 0.0 ]
[ 205.0, 621.0, 0.0 ]
[ 221.0, 616.0, 0.0 ]
[ 239.0, 611.0, 0.0 ]
[ 261.0, 600.0, 0.0 ]
[ 225.0, 620.0, 0.0 ]
[ 258.0, 602.0, 0.0 ]
[ 253.0, 620.0, 0.0 ]
[ 230.0, 627.0, 0.0 ]
[ 206.0, 637.0, 0.0 ]
[ 185.0, 638.0, 0.0 ]
[ 158.0, 635.0, 0.0 ]
[ 143.0, 629.0, 0.0 ]
[ 130.0, 617.0, 0.0 ]
[ 125.0, 611.0, 0.0 ]
[ 146.0, 622.0, 0.0 ]
[ 177.0, 629.0, 0.0 ]
[ 160.0, 628.0, 0.0 ]
[ 186.0, 631.0, 0.0 ]
[ 205.0, 631.0, 0.0 ]
[ 222.0, 625.0, 0.0 ]
[ 244.0, 617.0, 0.0 ]
[ 238.0, 636.0, 0.0 ]
[ 208.0, 646.0, 0.0 ]
[ 189.0, 649.0, 0.0 ]
[ 170.0, 648.0, 0.0 ]
[ 153.0, 643.0, 0.0 ]
[ 140.0, 637.0, 0.0 ]
[ 136.0, 632.0, 0.0 ]
[ 149.0, 654.0, 0.0 ]
[ 172.0, 662.0, 0.0 ]
[ 183.0, 662.0, 0.0 ]
[ 208.0, 662.0, 0.0 ]
[ 220.0, 657.0, 0.0 ]
[ 239.0, 645.0, 0.0 ]
[ 233.0, 660.0, 0.0 ]
[ 211.0, 668.0, 0.0 ]
[ 192.0, 668.0, 0.0 ]
[ 171.0, 668.0, 0.0 ]
[ 159.0, 664.0, 0.0 ]
[ 164.0, 653.0, 0.0 ]
[ 199.0, 656.0, 0.0 ]
[ 216.0, 649.0, 0.0 ]
[ 228.0, 641.0, 0.0 ]
[ 218.0, 637.0, 0.0 ]
[ 241.0, 629.0, 0.0 ]
[ 232.0, 578.0, 0.0 ]
[ 245.0, 572.0, 0.0 ]
[ 262.0, 562.0, 0.0 ]
[ 270.0, 508.0, 0.0 ]
[ 188.0, 506.0, 0.0 ]
[ 187.0, 464.0, 0.0 ]
[ 190.0, 424.0, 0.0 ]
[ 160.0, 569.0, 0.0 ]
[ 169.0, 567.0, 0.0 ]
[ 189.0, 607.0, 0.0 ]
[ 208.0, 608.0, 0.0 ]
[ 200.0, 614.0, 0.0 ]
[ 242.0, 601.0, 0.0 ]
[ 216.0, 642.0, 0.0 ]
[ 211.0, 652.0, 0.0 ]
[ 224.0, 652.0, 0.0 ]
[ 249.0, 616.0, 0.0 ]
[ 134.0, 558.0, 0.0 ]
[ 129.0, 557.0, 0.0 ]
[ 129.0, 578.0, 0.0 ]
[ 142.0, 590.0, 0.0 ]
[ 157.0, 548.0, 0.0 ]
[ 178.0, 548.0, 0.0 ]
[ 203.0, 548.0, 0.0 ]
[ 240.0, 542.0, 0.0 ]
[ 209.0, 562.0, 0.0 ]
[ 192.0, 562.0, 0.0 ]
[ 170.0, 559.0, 0.0 ]
[ 150.0, 554.0, 0.0 ]
[ 156.0, 556.0, 0.0 ]
[ 171.0, 570.0, 0.0 ]
[ 190.0, 569.0, 0.0 ]
[ 210.0, 555.0, 0.0 ]
[ 231.0, 552.0, 0.0 ]
[ 194.0, 618.0, 0.0 ]
[ 176.0, 616.0, 0.0 ]
[ 191.0, 552.0, 0.0 ]
[ 171.0, 550.0, 0.0 ]
[ 151.0, 548.0, 0.0 ]
[ 135.0, 542.0, 0.0 ]
[ 212.0, 550.0, 0.0 ]
[ 200.0, 551.0, 0.0 ]
[ 219.0, 543.0, 0.0 ]
[ 238.0, 536.0, 0.0 ]
[ 150.0, 537.0, 0.0 ]
[ 163.0, 541.0, 0.0 ]
[ 186.0, 545.0, 0.0 ]
[ 123.0, 530.0, 0.0 ]
[ 135.0, 536.0, 0.0 ]
[ 135.0, 531.0, 0.0 ]
[ 138.0, 574.0, 0.0 ]
[ 138.0, 567.0, 0.0 ]
[ 148.0, 582.0, 0.0 ]
[ 166.0, 584.0, 0.0 ]
[ 187.0, 587.0, 0.0 ]
[ 212.0, 592.0, 0.0 ]
[ 237.0, 584.0, 0.0 ]
[ 249.0, 580.0, 0.0 ]
[ 259.0, 574.0, 0.0 ]
[ 221.0, 602.0, 0.0 ]
[ 202.0, 598.0, 0.0 ]
[ 177.0, 604.0, 0.0 ]
[ 165.0, 600.0, 0.0 ]
[ 254.0, 592.0, 0.0 ]
[ 134.0, 593.0, 0.0 ]
[ 126.0, 591.0, 0.0 ]
[ 159.0, 618.0, 0.0 ]
[ 203.0, 618.0, 0.0 ]
[ 225.0, 613.0, 0.0 ]
[ 249.0, 608.0, 0.0 ]
[ 170.0, 637.0, 0.0 ]
[ 165.0, 628.0, 0.0 ]
[ 153.0, 628.0, 0.0 ]
[ 194.0, 645.0, 0.0 ]
[ 230.0, 632.0, 0.0 ]
[ 242.0, 625.0, 0.0 ]
[ 235.0, 652.0, 0.0 ]
[ 225.0, 648.0, 0.0 ]
[ 206.0, 653.0, 0.0 ]
[ 157.0, 652.0, 0.0 ]
[ 153.0, 653.0, 0.0 ]
[ 146.0, 652.0, 0.0 ]
[ 217.0, 680.0, 0.0 ]
[ 261.0, 426.0, 0.0 ]
[ 250.0, 406.0, 0.0 ]
[ 242.0, 393.0, 0.0 ]
[ 215.0, 321.0, 0.0 ]
[ 208.0, 314.0, 0.0 ]
[ 213.0, 308.0, 0.0 ]
[ 212.0, 299.0, 0.0 ]
[ 212.0, 289.0, 0.0 ]
[ 204.0, 281.0, 0.0 ]
[ 205.0, 288.0, 0.0 ]
[ 204.0, 296.0, 0.0 ]
[ 204.0, 308.0, 0.0 ]
[ 218.0, 294.0, 0.0 ]
[ 227.0, 299.0, 0.0 ]
[ 240.0, 300.0, 0.0 ]
[ 245.0, 288.0, 0.0 ]
[ 247.0, 281.0, 0.0 ]
[ 254.0, 274.0, 0.0 ]
[ 250.0, 264.0, 0.0 ]
[ 244.0, 254.0, 0.0 ]
[ 234.0, 249.0, 0.0 ]
[ 225.0, 247.0, 0.0 ]
[ 214.0, 247.0, 0.0 ]
[ 206.0, 245.0, 0.0 ]
[ 212.0, 238.0, 0.0 ]
[ 218.0, 225.0, 0.0 ]
[ 223.0, 215.0, 0.0 ]
[ 228.0, 202.0, 0.0 ]
[ 218.0, 194.0, 0.0 ]
[ 208.0, 195.0, 0.0 ]
[ 183.0, 195.0, 0.0 ]
[ 193.0, 202.0, 0.0 ]
[ 185.0, 213.0, 0.0 ]
[ 186.0, 222.0, 0.0 ]
[ 194.0, 228.0, 0.0 ]
[ 194.0, 239.0, 0.0 ]
[ 199.0, 245.0, 0.0 ]
[ 195.0, 249.0, 0.0 ]
[ 192.0, 246.0, 0.0 ]
[ 169.0, 189.0, 0.0 ]
[ 155.0, 189.0, 0.0 ]
[ 144.0, 199.0, 0.0 ]
[ 139.0, 210.0, 0.0 ]
[ 142.0, 222.0, 0.0 ]
[ 148.0, 231.0, 0.0 ]
[ 163.0, 226.0, 0.0 ]
[ 155.0, 224.0, 0.0 ]
[ 175.0, 225.0, 0.0 ]
[ 184.0, 229.0, 0.0 ]
[ 190.0, 239.0, 0.0 ]
[ 130.0, 217.0, 0.0 ]
[ 125.0, 232.0, 0.0 ]
[ 130.0, 246.0, 0.0 ]
[ 139.0, 256.0, 0.0 ]
[ 151.0, 262.0, 0.0 ]
[ 166.0, 263.0, 0.0 ]
[ 174.0, 257.0, 0.0 ]
[ 185.0, 250.0, 0.0 ]
[ 177.0, 249.0, 0.0 ]
[ 166.0, 249.0, 0.0 ]
[ 156.0, 249.0, 0.0 ]
[ 151.0, 243.0, 0.0 ]
[ 152.0, 239.0, 0.0 ]
[ 165.0, 237.0, 0.0 ]
[ 178.0, 237.0, 0.0 ]
[ 158.0, 204.0, 0.0 ]
[ 165.0, 213.0, 0.0 ]
[ 212.0, 210.0, 0.0 ]
[ 200.0, 218.0, 0.0 ]
[ 206.0, 231.0, 0.0 ]
[ 138.0, 237.0, 0.0 ]
[ 166.0, 271.0, 0.0 ]
[ 165.0, 284.0, 0.0 ]
[ 171.0, 297.0, 0.0 ]
[ 178.0, 306.0, 0.0 ]
[ 190.0, 306.0, 0.0 ]
[ 192.0, 295.0, 0.0 ]
[ 197.0, 283.0, 0.0 ]
[ 199.0, 268.0, 0.0 ]
[ 199.0, 261.0, 0.0 ]
[ 191.0, 257.0, 0.0 ]
[ 188.0, 269.0, 0.0 ]
[ 184.0, 284.0, 0.0 ]
[ 178.0, 270.0, 0.0 ]
[ 183.0, 256.0, 0.0 ]
[ 175.0, 262.0, 0.0 ]
[ 175.0, 284.0, 0.0 ]
[ 203.0, 272.0, 0.0 ]
[ 210.0, 284.0, 0.0 ]
[ 206.0, 255.0, 0.0 ]
[ 213.0, 261.0, 0.0 ]
[ 225.0, 268.0, 0.0 ]
[ 235.0, 275.0, 0.0 ]
[ 215.0, 277.0, 0.0 ]
[ 229.0, 288.0, 0.0 ]
[ 222.0, 258.0, 0.0 ]
[ 236.0, 265.0, 0.0 ]
[ 222.0, 237.0, 0.0 ]
[ 227.0, 228.0, 0.0 ]
[ 232.0, 221.0, 0.0 ]
[ 238.0, 215.0, 0.0 ]
[ 248.0, 210.0, 0.0 ]
[ 243.0, 225.0, 0.0 ]
[ 235.0, 232.0, 0.0 ]
[ 230.0, 240.0, 0.0 ]
[ 248.0, 213.0, 0.0 ]
[ 246.0, 234.0, 0.0 ]
[ 253.0, 243.0, 0.0 ]
[ 261.0, 247.0, 0.0 ]
[ 273.0, 254.0, 0.0 ]
[ 282.0, 253.0, 0.0 ]
[ 248.0, 198.0, 0.0 ]
[ 242.0, 188.0, 0.0 ]
[ 249.0, 177.0, 0.0 ]
[ 256.0, 177.0, 0.0 ]
[ 267.0, 186.0, 0.0 ]
[ 274.0, 197.0, 0.0 ]
[ 272.0, 207.0, 0.0 ]
[ 272.0, 216.0, 0.0 ]
[ 280.0, 224.0, 0.0 ]
[ 280.0, 236.0, 0.0 ]
[ 288.0, 221.0, 0.0 ]
[ 300.0, 223.0, 0.0 ]
[ 309.0, 233.0, 0.0 ]
[ 316.0, 244.0, 0.0 ]
[ 314.0, 257.0, 0.0 ]
[ 302.0, 263.0, 0.0 ]
[ 292.0, 257.0, 0.0 ]
[ 291.0, 233.0, 0.0 ]
[ 297.0, 244.0, 0.0 ]
[ 259.0, 195.0, 0.0 ]
[ 261.0, 209.0, 0.0 ]
[ 256.0, 223.0, 0.0 ]
[ 268.0, 230.0, 0.0 ]
[ 283.0, 198.0, 0.0 ]
[ 289.0, 192.0, 0.0 ]
[ 294.0, 199.0, 0.0 ]
[ 299.0, 210.0, 0.0 ]
[ 284.0, 210.0, 0.0 ]
[ 297.0, 193.0, 0.0 ]
[ 300.0, 185.0, 0.0 ]
[ 316.0, 182.0, 0.0 ]
[ 328.0, 183.0, 0.0 ]
[ 339.0, 187.0, 0.0 ]
[ 345.0, 193.0, 0.0 ]
[ 343.0, 201.0, 0.0 ]
[ 337.0, 215.0, 0.0 ]
[ 325.0, 222.0, 0.0 ]
[ 314.0, 228.0, 0.0 ]
[ 310.0, 201.0, 0.0 ]
[ 311.0, 213.0, 0.0 ]
[ 324.0, 198.0, 0.0 ]
[ 327.0, 211.0, 0.0 ]
[ 233.0, 172.0, 0.0 ]
[ 241.0, 169.0, 0.0 ]
[ 226.0, 177.0, 0.0 ]
[ 216.0, 185.0, 0.0 ]
[ 203.0, 184.0, 0.0 ]
[ 195.0, 177.0, 0.0 ]
[ 189.0, 169.0, 0.0 ]
[ 189.0, 160.0, 0.0 ]
[ 196.0, 149.0, 0.0 ]
[ 202.0, 145.0, 0.0 ]
[ 196.0, 134.0, 0.0 ]
[ 193.0, 124.0, 0.0 ]
[ 193.0, 109.0, 0.0 ]
[ 194.0, 97.0, 0.0 ]
[ 201.0, 93.0, 0.0 ]
[ 214.0, 91.0, 0.0 ]
[ 226.0, 93.0, 0.0 ]
[ 234.0, 102.0, 0.0 ]
[ 243.0, 108.0, 0.0 ]
[ 263.0, 98.0, 0.0 ]
[ 273.0, 95.0, 0.0 ]
[ 275.0, 103.0, 0.0 ]
[ 282.0, 116.0, 0.0 ]
[ 283.0, 131.0, 0.0 ]
[ 274.0, 143.0, 0.0 ]
[ 262.0, 147.0, 0.0 ]
[ 251.0, 101.0, 0.0 ]
[ 266.0, 106.0, 0.0 ]
[ 261.0, 120.0, 0.0 ]
[ 257.0, 132.0, 0.0 ]
[ 254.0, 139.0, 0.0 ]
[ 246.0, 132.0, 0.0 ]
[ 241.0, 131.0, 0.0 ]
[ 236.0, 136.0, 0.0 ]
[ 237.0, 145.0, 0.0 ]
[ 242.0, 152.0, 0.0 ]
[ 250.0, 145.0, 0.0 ]
[ 246.0, 141.0, 0.0 ]
[ 245.0, 147.0, 0.0 ]
[ 271.0, 129.0, 0.0 ]
[ 252.0, 120.0, 0.0 ]
[ 210.0, 100.0, 0.0 ]
[ 203.0, 102.0, 0.0 ]
[ 204.0, 113.0, 0.0 ]
[ 211.0, 116.0, 0.0 ]
[ 216.0, 125.0, 0.0 ]
[ 218.0, 133.0, 0.0 ]
[ 230.0, 131.0, 0.0 ]
[ 218.0, 106.0, 0.0 ]
[ 226.0, 119.0, 0.0 ]
[ 236.0, 118.0, 0.0 ]
[ 232.0, 108.0, 0.0 ]
[ 207.0, 130.0, 0.0 ]
[ 226.0, 146.0, 0.0 ]
[ 231.0, 157.0, 0.0 ]
[ 218.0, 162.0, 0.0 ]
[ 205.0, 171.0, 0.0 ]
[ 204.0, 160.0, 0.0 ]
[ 213.0, 148.0, 0.0 ]
[ 214.0, 174.0, 0.0 ]
[ 251.0, 160.0, 0.0 ]
[ 263.0, 168.0, 0.0 ]
[ 269.0, 171.0, 0.0 ]
[ 285.0, 158.0, 0.0 ]
[ 297.0, 147.0, 0.0 ]
[ 301.0, 135.0, 0.0 ]
[ 297.0, 125.0, 0.0 ]
[ 292.0, 120.0, 0.0 ]
[ 291.0, 137.0, 0.0 ]
[ 278.0, 151.0, 0.0 ]
[ 264.0, 157.0, 0.0 ]
[ 272.0, 163.0, 0.0 ]
[ 286.0, 104.0, 0.0 ]
[ 294.0, 97.0, 0.0 ]
[ 310.0, 110.0, 0.0 ]
[ 304.0, 104.0, 0.0 ]
[ 322.0, 107.0, 0.0 ]
[ 333.0, 104.0, 0.0 ]
[ 343.0, 100.0, 0.0 ]
[ 352.0, 109.0, 0.0 ]
[ 351.0, 121.0, 0.0 ]
[ 343.0, 133.0, 0.0 ]
[ 338.0, 143.0, 0.0 ]
[ 325.0, 143.0, 0.0 ]
[ 316.0, 142.0, 0.0 ]
[ 311.0, 131.0, 0.0 ]
[ 308.0, 123.0, 0.0 ]
[ 298.0, 113.0, 0.0 ]
[ 331.0, 111.0, 0.0 ]
[ 326.0, 121.0, 0.0 ]
[ 324.0, 131.0, 0.0 ]
[ 318.0, 120.0, 0.0 ]
[ 338.0, 118.0, 0.0 ]
[ 336.0, 129.0, 0.0 ]
[ 296.0, 158.0, 0.0 ]
[ 298.0, 169.0, 0.0 ]
[ 300.0, 179.0, 0.0 ]
[ 310.0, 149.0, 0.0 ]
[ 318.0, 157.0, 0.0 ]
[ 314.0, 151.0, 0.0 ]
[ 322.0, 151.0, 0.0 ]
[ 328.0, 160.0, 0.0 ]
[ 342.0, 168.0, 0.0 ]
[ 350.0, 177.0, 0.0 ]
[ 355.0, 173.0, 0.0 ]
[ 361.0, 165.0, 0.0 ]
[ 357.0, 156.0, 0.0 ]
[ 346.0, 149.0, 0.0 ]
[ 344.0, 157.0, 0.0 ]
[ 350.0, 164.0, 0.0 ]
[ 336.0, 154.0, 0.0 ]
[ 348.0, 143.0, 0.0 ]
[ 359.0, 141.0, 0.0 ]
[ 371.0, 144.0, 0.0 ]
[ 381.0, 155.0, 0.0 ]
[ 381.0, 168.0, 0.0 ]
[ 375.0, 178.0, 0.0 ]
[ 370.0, 159.0, 0.0 ]
[ 365.0, 179.0, 0.0 ]
[ 356.0, 191.0, 0.0 ]
[ 351.0, 198.0, 0.0 ]
[ 347.0, 212.0, 0.0 ]
[ 343.0, 224.0, 0.0 ]
[ 340.0, 235.0, 0.0 ]
[ 353.0, 232.0, 0.0 ]
[ 353.0, 220.0, 0.0 ]
[ 360.0, 198.0, 0.0 ]
[ 363.0, 217.0, 0.0 ]
[ 370.0, 231.0, 0.0 ]
[ 375.0, 223.0, 0.0 ]
[ 381.0, 216.0, 0.0 ]
[ 390.0, 215.0, 0.0 ]
[ 398.0, 222.0, 0.0 ]
[ 412.0, 240.0, 0.0 ]
[ 404.0, 235.0, 0.0 ]
[ 394.0, 235.0, 0.0 ]
[ 383.0, 232.0, 0.0 ]
[ 404.0, 227.0, 0.0 ]
[ 413.0, 232.0, 0.0 ]
[ 388.0, 226.0, 0.0 ]
[ 365.0, 238.0, 0.0 ]
[ 364.0, 229.0, 0.0 ]
[ 359.0, 240.0, 0.0 ]
[ 347.0, 242.0, 0.0 ]
[ 345.0, 258.0, 0.0 ]
[ 343.0, 271.0, 0.0 ]
[ 349.0, 279.0, 0.0 ]
[ 357.0, 275.0, 0.0 ]
[ 362.0, 281.0, 0.0 ]
[ 359.0, 292.0, 0.0 ]
[ 358.0, 308.0, 0.0 ]
[ 358.0, 322.0, 0.0 ]
[ 364.0, 329.0, 0.0 ]
[ 373.0, 314.0, 0.0 ]
[ 377.0, 289.0, 0.0 ]
[ 388.0, 286.0, 0.0 ]
[ 372.0, 302.0, 0.0 ]
[ 352.0, 296.0, 0.0 ]
[ 354.0, 288.0, 0.0 ]
[ 361.0, 300.0, 0.0 ]
[ 365.0, 312.0, 0.0 ]
[ 391.0, 255.0, 0.0 ]
[ 399.0, 254.0, 0.0 ]
[ 409.0, 254.0, 0.0 ]
[ 398.0, 267.0, 0.0 ]
[ 405.0, 273.0, 0.0 ]
[ 416.0, 254.0, 0.0 ]
[ 397.0, 284.0, 0.0 ]
[ 385.0, 273.0, 0.0 ]
[ 373.0, 267.0, 0.0 ]
[ 362.0, 262.0, 0.0 ]
[ 376.0, 279.0, 0.0 ]
[ 382.0, 256.0, 0.0 ]
[ 374.0, 253.0, 0.0 ]
[ 356.0, 251.0, 0.0 ]
[ 354.0, 265.0, 0.0 ]
[ 391.0, 244.0, 0.0 ]
[ 387.0, 249.0, 0.0 ]
[ 398.0, 239.0, 0.0 ]
[ 389.0, 208.0, 0.0 ]
[ 377.0, 205.0, 0.0 ]
[ 376.0, 197.0, 0.0 ]
[ 381.0, 186.0, 0.0 ]
[ 372.0, 189.0, 0.0 ]
[ 363.0, 206.0, 0.0 ]
[ 372.0, 212.0, 0.0 ]
[ 318.0, 95.0, 0.0 ]
[ 314.0, 103.0, 0.0 ]
[ 330.0, 97.0, 0.0 ]
[ 340.0, 91.0, 0.0 ]
[ 339.0, 87.0, 0.0 ]
[ 321.0, 87.0, 0.0 ]
[ 313.0, 95.0, 0.0 ]
[ 308.0, 101.0, 0.0 ]
[ 298.0, 90.0, 0.0 ]
[ 302.0, 84.0, 0.0 ]
[ 302.0, 78.0, 0.0 ]
[ 298.0, 67.0, 0.0 ]
[ 304.0, 68.0, 0.0 ]
[ 313.0, 65.0, 0.0 ]
[ 323.0, 52.0, 0.0 ]
[ 308.0, 54.0, 0.0 ]
[ 315.0, 49.0, 0.0 ]
[ 302.0, 61.0, 0.0 ]
[ 300.0, 59.0, 0.0 ]
[ 302.0, 49.0, 0.0 ]
[ 294.0, 53.0, 0.0 ]
[ 306.0, 41.0, 0.0 ]
[ 318.0, 39.0, 0.0 ]
[ 330.0, 39.0, 0.0 ]
[ 337.0, 49.0, 0.0 ]
[ 339.0, 58.0, 0.0 ]
[ 340.0, 70.0, 0.0 ]
[ 329.0, 75.0, 0.0 ]
[ 336.0, 84.0, 0.0 ]
[ 328.0, 56.0, 0.0 ]
[ 325.0, 68.0, 0.0 ]
[ 342.0, 78.0, 0.0 ]
[ 349.0, 88.0, 0.0 ]
[ 302.0, 72.0, 0.0 ]
[ 300.0, 53.0, 0.0 ]
[ 327.0, 232.0, 0.0 ]
[ 322.0, 240.0, 0.0 ]
[ 335.0, 237.0, 0.0 ]
[ 339.0, 226.0, 0.0 ]
[ 330.0, 103.0, 0.0 ]
[ 42.0, 157.0, 0.0 ]
[ 36.0, 425.0, 0.0 ]
[ 42.0, 570.0, 0.0 ]
[ 394.0, 439.0, 0.0 ]
[ 390.0, 591.0, 0.0 ]
[ 232.0, 29.0, 0.0 ]
[ 120.0, 34.0, 0.0 ]
[ 428.0, 68.0, 0.0 ]
[ 217.0, 338.0, 0.0 ]
[ 184.0, 579.0, 0.0 ]
[ 225.0, 578.0, 0.0 ]
[ 249.0, 569.0, 0.0 ]
[ 150.0, 566.0, 0.0 ]
[ 162.0, 633.0, 0.0 ]
[ 118.0, 562.0, 0.0 ]
[ 2.0, 598.0, 0.0 ]
