814 1020
[ 0.0, 0.0, 0.0 ]
[ 814.0, 0.0, 0.0 ]
[ 814.0, 1020.0, 0.0 ]
[ 0.0, 1020.0, 0.0 ]
[ 301.0, 298.0, 0.0 ]
[ 296.0, 286.0, 0.0 ]
[ 314.0, 273.0, 0.0 ]
[ 302.0, 254.0, 0.0 ]
[ 297.0, 224.0, 0.0 ]
[ 297.0, 178.0, 0.0 ]
[ 284.0, 163.0, 0.0 ]
[ 298.0, 150.0, 0.0 ]
[ 305.0, 109.0, 0.0 ]
[ 342.0, 78.0, 0.0 ]
[ 392.0, 72.0, 0.0 ]
[ 441.0, 94.0, 0.0 ]
[ 451.0, 127.0, 0.0 ]
[ 466.0, 175.0, 0.0 ]
[ 472.0, 205.0, 0.0 ]
[ 461.0, 261.0, 0.0 ]
[ 441.0, 301.0, 0.0 ]
[ 422.0, 319.0, 0.0 ]
[ 427.0, 282.0, 0.0 ]
[ 448.0, 254.0, 0.0 ]
[ 448.0, 203.0, 0.0 ]
[ 439.0, 184.0, 0.0 ]
[ 413.0, 134.0, 0.0 ]
[ 383.0, 121.0, 0.0 ]
[ 379.0, 112.0, 0.0 ]
[ 373.0, 114.0, 0.0 ]
[ 370.0, 124.0, 0.0 ]
[ 348.0, 136.0, 0.0 ]
[ 335.0, 173.0, 0.0 ]
[ 334.0, 259.0, 0.0 ]
[ 339.0, 275.0, 0.0 ]
[ 328.0, 289.0, 0.0 ]
[ 415.0, 346.0, 0.0 ]
[ 436.0, 366.0, 0.0 ]
[ 478.0, 391.0, 0.0 ]
[ 502.0, 428.0, 0.0 ]
[ 513.0, 490.0, 0.0 ]
[ 527.0, 535.0, 0.0 ]
[ 564.0, 616.0, 0.0 ]
[ 555.0, 642.0, 0.0 ]
[ 572.0, 654.0, 0.0 ]
[ 548.0, 666.0, 0.0 ]
[ 537.0, 704.0, 0.0 ]
[ 507.0, 677.0, 0.0 ]
[ 454.0, 629.0, 0.0 ]
[ 478.0, 569.0, 0.0 ]
[ 477.0, 479.0, 0.0 ]
[ 209.0, 358.0, 0.0 ]
[ 168.0, 414.0, 0.0 ]
[ 139.0, 516.0, 0.0 ]
[ 111.0, 603.0, 0.0 ]
[ 101.0, 702.0, 0.0 ]
[ 78.0, 762.0, 0.0 ]
[ 336.0, 116.0, 0.0 ]
[ 346.0, 109.0, 0.0 ]
[ 341.0, 99.0, 0.0 ]
[ 329.0, 96.0, 0.0 ]
[ 322.0, 110.0, 0.0 ]
[ 320.0, 137.0, 0.0 ]
[ 313.0, 133.0, 0.0 ]
[ 314.0, 149.0, 0.0 ]
[ 322.0, 158.0, 0.0 ]
[ 325.0, 141.0, 0.0 ]
[ 365.0, 93.0, 0.0 ]
[ 362.0, 104.0, 0.0 ]
[ 379.0, 99.0, 0.0 ]
[ 385.0, 91.0, 0.0 ]
[ 409.0, 100.0, 0.0 ]
[ 424.0, 87.0, 0.0 ]
[ 432.0, 100.0, 0.0 ]
[ 421.0, 111.0, 0.0 ]
[ 435.0, 132.0, 0.0 ]
[ 416.0, 123.0, 0.0 ]
[ 403.0, 114.0, 0.0 ]
[ 460.0, 124.0, 0.0 ]
[ 474.0, 132.0, 0.0 ]
[ 461.0, 136.0, 0.0 ]
[ 278.0, 144.0, 0.0 ]
[ 301.0, 122.0, 0.0 ]
[ 612.0, 849.0, 0.0 ]
[ 599.0, 850.0, 0.0 ]
[ 594.0, 862.0, 0.0 ]
[ 603.0, 874.0, 0.0 ]
[ 616.0, 877.0, 0.0 ]
[ 622.0, 861.0, 0.0 ]
[ 611.0, 867.0, 0.0 ]
[ 611.0, 857.0, 0.0 ]
[ 604.0, 862.0, 0.0 ]
[ 625.0, 879.0, 0.0 ]
[ 639.0, 878.0, 0.0 ]
[ 635.0, 860.0, 0.0 ]
[ 623.0, 851.0, 0.0 ]
[ 620.0, 834.0, 0.0 ]
[ 592.0, 806.0, 0.0 ]
[ 580.0, 810.0, 0.0 ]
[ 584.0, 824.0, 0.0 ]
[ 603.0, 826.0, 0.0 ]
[ 611.0, 823.0, 0.0 ]
[ 605.0, 809.0, 0.0 ]
[ 610.0, 805.0, 0.0 ]
[ 544.0, 869.0, 0.0 ]
[ 533.0, 870.0, 0.0 ]
[ 541.0, 886.0, 0.0 ]
[ 554.0, 882.0, 0.0 ]
[ 587.0, 871.0, 0.0 ]
[ 582.0, 885.0, 0.0 ]
[ 593.0, 889.0, 0.0 ]
[ 605.0, 888.0, 0.0 ]
[ 550.0, 796.0, 0.0 ]
[ 542.0, 808.0, 0.0 ]
[ 564.0, 826.0, 0.0 ]
[ 568.0, 814.0, 0.0 ]
[ 520.0, 802.0, 0.0 ]
[ 517.0, 785.0, 0.0 ]
[ 530.0, 788.0, 0.0 ]
[ 557.0, 846.0, 0.0 ]
[ 566.0, 856.0, 0.0 ]
[ 580.0, 851.0, 0.0 ]
[ 595.0, 853.0, 0.0 ]
[ 579.0, 867.0, 0.0 ]
[ 559.0, 873.0, 0.0 ]
[ 520.0, 851.0, 0.0 ]
[ 512.0, 866.0, 0.0 ]
[ 474.0, 853.0, 0.0 ]
[ 445.0, 844.0, 0.0 ]
[ 403.0, 831.0, 0.0 ]
[ 405.0, 801.0, 0.0 ]
[ 425.0, 787.0, 0.0 ]
[ 438.0, 790.0, 0.0 ]
[ 459.0, 799.0, 0.0 ]
[ 486.0, 795.0, 0.0 ]
[ 496.0, 841.0, 0.0 ]
[ 457.0, 832.0, 0.0 ]
[ 428.0, 819.0, 0.0 ]
[ 495.0, 817.0, 0.0 ]
[ 518.0, 823.0, 0.0 ]
[ 539.0, 835.0, 0.0 ]
[ 537.0, 823.0, 0.0 ]
[ 552.0, 832.0, 0.0 ]
[ 518.0, 842.0, 0.0 ]
[ 535.0, 849.0, 0.0 ]
[ 553.0, 859.0, 0.0 ]
[ 531.0, 866.0, 0.0 ]
[ 477.0, 848.0, 0.0 ]
[ 609.0, 711.0, 0.0 ]
[ 651.0, 755.0, 0.0 ]
[ 629.0, 747.0, 0.0 ]
[ 614.0, 768.0, 0.0 ]
[ 586.0, 753.0, 0.0 ]
[ 566.0, 751.0, 0.0 ]
[ 553.0, 722.0, 0.0 ]
[ 664.0, 760.0, 0.0 ]
[ 689.0, 746.0, 0.0 ]
[ 728.0, 741.0, 0.0 ]
[ 740.0, 742.0, 0.0 ]
[ 754.0, 742.0, 0.0 ]
[ 773.0, 748.0, 0.0 ]
[ 768.0, 768.0, 0.0 ]
[ 760.0, 781.0, 0.0 ]
[ 746.0, 786.0, 0.0 ]
[ 757.0, 768.0, 0.0 ]
[ 759.0, 758.0, 0.0 ]
[ 712.0, 756.0, 0.0 ]
[ 702.0, 778.0, 0.0 ]
[ 691.0, 796.0, 0.0 ]
[ 659.0, 796.0, 0.0 ]
[ 636.0, 787.0, 0.0 ]
[ 683.0, 814.0, 0.0 ]
[ 717.0, 812.0, 0.0 ]
[ 680.0, 781.0, 0.0 ]
[ 729.0, 793.0, 0.0 ]
[ 729.0, 800.0, 0.0 ]
[ 752.0, 801.0, 0.0 ]
[ 768.0, 791.0, 0.0 ]
[ 775.0, 774.0, 0.0 ]
[ 766.0, 807.0, 0.0 ]
[ 751.0, 815.0, 0.0 ]
[ 736.0, 802.0, 0.0 ]
[ 745.0, 823.0, 0.0 ]
[ 757.0, 826.0, 0.0 ]
[ 769.0, 816.0, 0.0 ]
[ 753.0, 704.0, 0.0 ]
[ 767.0, 713.0, 0.0 ]
[ 791.0, 721.0, 0.0 ]
[ 791.0, 700.0, 0.0 ]
[ 799.0, 679.0, 0.0 ]
[ 779.0, 664.0, 0.0 ]
[ 760.0, 647.0, 0.0 ]
[ 738.0, 656.0, 0.0 ]
[ 762.0, 683.0, 0.0 ]
[ 717.0, 656.0, 0.0 ]
[ 688.0, 645.0, 0.0 ]
[ 691.0, 626.0, 0.0 ]
[ 714.0, 639.0, 0.0 ]
[ 737.0, 633.0, 0.0 ]
[ 746.0, 602.0, 0.0 ]
[ 730.0, 583.0, 0.0 ]
[ 718.0, 588.0, 0.0 ]
[ 719.0, 611.0, 0.0 ]
[ 697.0, 600.0, 0.0 ]
[ 757.0, 547.0, 0.0 ]
[ 764.0, 524.0, 0.0 ]
[ 782.0, 518.0, 0.0 ]
[ 804.0, 532.0, 0.0 ]
[ 810.0, 559.0, 0.0 ]
[ 753.0, 499.0, 0.0 ]
[ 768.0, 464.0, 0.0 ]
[ 796.0, 481.0, 0.0 ]
[ 748.0, 485.0, 0.0 ]
[ 797.0, 511.0, 0.0 ]
[ 781.0, 499.0, 0.0 ]
[ 771.0, 486.0, 0.0 ]
[ 765.0, 498.0, 0.0 ]
[ 777.0, 551.0, 0.0 ]
[ 791.0, 556.0, 0.0 ]
[ 776.0, 601.0, 0.0 ]
[ 770.0, 600.0, 0.0 ]
[ 752.0, 643.0, 0.0 ]
[ 725.0, 826.0, 0.0 ]
[ 742.0, 843.0, 0.0 ]
[ 771.0, 887.0, 0.0 ]
[ 806.0, 935.0, 0.0 ]
[ 361.0, 819.0, 0.0 ]
[ 325.0, 847.0, 0.0 ]
[ 282.0, 906.0, 0.0 ]
[ 234.0, 979.0, 0.0 ]
[ 204.0, 1013.0, 0.0 ]
[ 210.0, 978.0, 0.0 ]
[ 158.0, 972.0, 0.0 ]
[ 122.0, 972.0, 0.0 ]
[ 104.0, 946.0, 0.0 ]
[ 107.0, 897.0, 0.0 ]
[ 76.0, 837.0, 0.0 ]
[ 572.0, 698.0, 0.0 ]
[ 596.0, 733.0, 0.0 ]
[ 391.0, 856.0, 0.0 ]
[ 361.0, 882.0, 0.0 ]
[ 353.0, 934.0, 0.0 ]
[ 340.0, 940.0, 0.0 ]
[ 340.0, 976.0, 0.0 ]
[ 321.0, 986.0, 0.0 ]
[ 319.0, 1013.0, 0.0 ]
[ 262.0, 987.0, 0.0 ]
[ 320.0, 914.0, 0.0 ]
[ 294.0, 970.0, 0.0 ]
[ 414.0, 890.0, 0.0 ]
[ 471.0, 905.0, 0.0 ]
[ 491.0, 915.0, 0.0 ]
[ 449.0, 1005.0, 0.0 ]
[ 377.0, 980.0, 0.0 ]
[ 414.0, 1006.0, 0.0 ]
[ 589.0, 933.0, 0.0 ]
[ 677.0, 924.0, 0.0 ]
[ 765.0, 930.0, 0.0 ]
[ 565.0, 1012.0, 0.0 ]
[ 591.0, 1014.0, 0.0 ]
[ 181.0, 632.0, 0.0 ]
[ 199.0, 690.0, 0.0 ]
[ 242.0, 757.0, 0.0 ]
[ 310.0, 802.0, 0.0 ]
[ 442.0, 783.0, 0.0 ]
[ 388.0, 753.0, 0.0 ]
[ 330.0, 704.0, 0.0 ]
[ 294.0, 655.0, 0.0 ]
[ 296.0, 594.0, 0.0 ]
[ 288.0, 574.0, 0.0 ]
[ 271.0, 460.0, 0.0 ]
[ 234.0, 528.0, 0.0 ]
[ 190.0, 600.0, 0.0 ]
[ 219.0, 611.0, 0.0 ]
[ 218.0, 673.0, 0.0 ]
[ 246.0, 711.0, 0.0 ]
[ 368.0, 783.0, 0.0 ]
[ 250.0, 613.0, 0.0 ]
[ 274.0, 673.0, 0.0 ]
[ 310.0, 723.0, 0.0 ]
[ 262.0, 324.0, 0.0 ]
[ 247.0, 331.0, 0.0 ]
[ 272.0, 345.0, 0.0 ]
[ 295.0, 366.0, 0.0 ]
[ 339.0, 386.0, 0.0 ]
[ 387.0, 402.0, 0.0 ]
[ 429.0, 405.0, 0.0 ]
[ 446.0, 393.0, 0.0 ]
[ 447.0, 383.0, 0.0 ]
[ 436.0, 377.0, 0.0 ]
[ 432.0, 389.0, 0.0 ]
[ 388.0, 391.0, 0.0 ]
[ 342.0, 374.0, 0.0 ]
[ 302.0, 356.0, 0.0 ]
[ 273.0, 339.0, 0.0 ]
[ 317.0, 318.0, 0.0 ]
[ 357.0, 351.0, 0.0 ]
[ 402.0, 375.0, 0.0 ]
[ 386.0, 330.0, 0.0 ]
[ 383.0, 300.0, 0.0 ]
[ 415.0, 298.0, 0.0 ]
[ 221.0, 471.0, 0.0 ]
[ 166.0, 520.0, 0.0 ]
[ 156.0, 616.0, 0.0 ]
[ 142.0, 709.0, 0.0 ]
[ 174.0, 887.0, 0.0 ]
[ 502.0, 852.0, 0.0 ]
[ 517.0, 857.0, 0.0 ]
[ 587.0, 780.0, 0.0 ]
[ 665.0, 841.0, 0.0 ]
[ 421.0, 532.0, 0.0 ]
[ 466.0, 738.0, 0.0 ]
[ 487.0, 517.0, 0.0 ]
[ 350.0, 542.0, 0.0 ]
[ 329.0, 197.0, 0.0 ]
[ 372.0, 195.0, 0.0 ]
[ 362.0, 189.0, 0.0 ]
[ 341.0, 187.0, 0.0 ]
[ 358.0, 184.0, 0.0 ]
[ 403.0, 185.0, 0.0 ]
[ 417.0, 179.0, 0.0 ]
[ 420.0, 193.0, 0.0 ]
[ 408.0, 193.0, 0.0 ]
[ 405.0, 179.0, 0.0 ]
[ 417.0, 175.0, 0.0 ]
[ 358.0, 197.0, 0.0 ]
[ 349.0, 196.0, 0.0 ]
[ 415.0, 189.0, 0.0 ]
[ 377.0, 178.0, 0.0 ]
[ 354.0, 170.0, 0.0 ]
[ 393.0, 172.0, 0.0 ]
[ 415.0, 162.0, 0.0 ]
[ 384.0, 201.0, 0.0 ]
[ 384.0, 225.0, 0.0 ]
[ 391.0, 233.0, 0.0 ]
[ 396.0, 226.0, 0.0 ]
[ 392.0, 199.0, 0.0 ]
[ 372.0, 222.0, 0.0 ]
[ 375.0, 232.0, 0.0 ]
[ 406.0, 221.0, 0.0 ]
[ 404.0, 232.0, 0.0 ]
[ 385.0, 240.0, 0.0 ]
[ 383.0, 232.0, 0.0 ]
[ 430.0, 150.0, 0.0 ]
[ 435.0, 163.0, 0.0 ]
[ 328.0, 231.0, 0.0 ]
[ 431.0, 222.0, 0.0 ]
[ 419.0, 254.0, 0.0 ]
[ 394.0, 248.0, 0.0 ]
[ 384.0, 248.0, 0.0 ]
[ 369.0, 258.0, 0.0 ]
[ 408.0, 254.0, 0.0 ]
[ 345.0, 259.0, 0.0 ]
[ 356.0, 202.0, 0.0 ]
[ 396.0, 254.0, 0.0 ]
[ 397.0, 257.0, 0.0 ]
[ 404.0, 265.0, 0.0 ]
[ 383.0, 256.0, 0.0 ]
[ 404.0, 249.0, 0.0 ]
[ 386.0, 265.0, 0.0 ]
[ 387.0, 273.0, 0.0 ]
[ 405.0, 271.0, 0.0 ]
[ 361.0, 288.0, 0.0 ]
[ 422.0, 394.0, 0.0 ]
[ 429.0, 368.0, 0.0 ]
[ 753.0, 735.0, 0.0 ]
[ 747.0, 762.0, 0.0 ]
[ 739.0, 763.0, 0.0 ]
[ 742.0, 780.0, 0.0 ]
[ 287.0, 526.0, 0.0 ]
[ 299.0, 760.0, 0.0 ]
[ 379.0, 661.0, 0.0 ]
[ 446.0, 703.0, 0.0 ]
[ 580.0, 837.0, 0.0 ]
[ 151.0, 785.0, 0.0 ]
[ 11.0, 783.0, 0.0 ]
