708 708
[ 0.0, 0.0, 0.0 ]
[ 708.0, 0.0, 0.0 ]
[ 708.0, 708.0, 0.0 ]
[ 0.0, 708.0, 0.0 ]
[ 353.0, 39.0, 0.0 ]
[ 366.0, 39.0, 0.0 ]
[ 338.0, 39.0, 0.0 ]
[ 381.0, 53.0, 0.0 ]
[ 326.0, 52.0, 0.0 ]
[ 327.0, 41.0, 0.0 ]
[ 378.0, 41.0, 0.0 ]
[ 383.0, 56.0, 0.0 ]
[ 324.0, 56.0, 0.0 ]
[ 324.0, 70.0, 0.0 ]
[ 325.0, 74.0, 0.0 ]
[ 383.0, 70.0, 0.0 ]
[ 381.0, 75.0, 0.0 ]
[ 376.0, 72.0, 0.0 ]
[ 343.0, 71.0, 0.0 ]
[ 353.0, 70.0, 0.0 ]
[ 365.0, 71.0, 0.0 ]
[ 354.0, 75.0, 0.0 ]
[ 347.0, 75.0, 0.0 ]
[ 362.0, 76.0, 0.0 ]
[ 354.0, 55.0, 0.0 ]
[ 371.0, 54.0, 0.0 ]
[ 326.0, 87.0, 0.0 ]
[ 381.0, 87.0, 0.0 ]
[ 325.0, 102.0, 0.0 ]
[ 381.0, 101.0, 0.0 ]
[ 324.0, 118.0, 0.0 ]
[ 383.0, 117.0, 0.0 ]
[ 324.0, 134.0, 0.0 ]
[ 383.0, 136.0, 0.0 ]
[ 324.0, 152.0, 0.0 ]
[ 383.0, 154.0, 0.0 ]
[ 344.0, 153.0, 0.0 ]
[ 354.0, 154.0, 0.0 ]
[ 365.0, 153.0, 0.0 ]
[ 374.0, 154.0, 0.0 ]
[ 333.0, 153.0, 0.0 ]
[ 324.0, 158.0, 0.0 ]
[ 333.0, 159.0, 0.0 ]
[ 344.0, 159.0, 0.0 ]
[ 354.0, 160.0, 0.0 ]
[ 365.0, 160.0, 0.0 ]
[ 374.0, 160.0, 0.0 ]
[ 383.0, 160.0, 0.0 ]
[ 364.0, 54.0, 0.0 ]
[ 363.0, 42.0, 0.0 ]
[ 365.0, 63.0, 0.0 ]
[ 335.0, 64.0, 0.0 ]
[ 334.0, 72.0, 0.0 ]
[ 336.0, 54.0, 0.0 ]
[ 336.0, 88.0, 0.0 ]
[ 336.0, 102.0, 0.0 ]
[ 336.0, 116.0, 0.0 ]
[ 336.0, 143.0, 0.0 ]
[ 336.0, 131.0, 0.0 ]
[ 364.0, 88.0, 0.0 ]
[ 364.0, 103.0, 0.0 ]
[ 364.0, 117.0, 0.0 ]
[ 364.0, 132.0, 0.0 ]
[ 364.0, 143.0, 0.0 ]
[ 323.0, 165.0, 0.0 ]
[ 333.0, 165.0, 0.0 ]
[ 345.0, 167.0, 0.0 ]
[ 355.0, 167.0, 0.0 ]
[ 365.0, 167.0, 0.0 ]
[ 374.0, 167.0, 0.0 ]
[ 383.0, 167.0, 0.0 ]
[ 384.0, 181.0, 0.0 ]
[ 322.0, 182.0, 0.0 ]
[ 322.0, 196.0, 0.0 ]
[ 384.0, 196.0, 0.0 ]
[ 320.0, 212.0, 0.0 ]
[ 386.0, 213.0, 0.0 ]
[ 315.0, 225.0, 0.0 ]
[ 392.0, 226.0, 0.0 ]
[ 304.0, 238.0, 0.0 ]
[ 404.0, 239.0, 0.0 ]
[ 291.0, 254.0, 0.0 ]
[ 416.0, 253.0, 0.0 ]
[ 282.0, 271.0, 0.0 ]
[ 425.0, 269.0, 0.0 ]
[ 278.0, 288.0, 0.0 ]
[ 429.0, 286.0, 0.0 ]
[ 277.0, 309.0, 0.0 ]
[ 431.0, 307.0, 0.0 ]
[ 277.0, 329.0, 0.0 ]
[ 430.0, 330.0, 0.0 ]
[ 277.0, 348.0, 0.0 ]
[ 430.0, 351.0, 0.0 ]
[ 277.0, 368.0, 0.0 ]
[ 429.0, 370.0, 0.0 ]
[ 429.0, 377.0, 0.0 ]
[ 277.0, 377.0, 0.0 ]
[ 293.0, 379.0, 0.0 ]
[ 309.0, 380.0, 0.0 ]
[ 326.0, 381.0, 0.0 ]
[ 344.0, 381.0, 0.0 ]
[ 364.0, 381.0, 0.0 ]
[ 382.0, 381.0, 0.0 ]
[ 400.0, 380.0, 0.0 ]
[ 416.0, 379.0, 0.0 ]
[ 277.0, 530.0, 0.0 ]
[ 430.0, 531.0, 0.0 ]
[ 290.0, 534.0, 0.0 ]
[ 415.0, 535.0, 0.0 ]
[ 309.0, 537.0, 0.0 ]
[ 397.0, 537.0, 0.0 ]
[ 327.0, 539.0, 0.0 ]
[ 379.0, 539.0, 0.0 ]
[ 348.0, 540.0, 0.0 ]
[ 365.0, 540.0, 0.0 ]
[ 277.0, 400.0, 0.0 ]
[ 278.0, 424.0, 0.0 ]
[ 278.0, 446.0, 0.0 ]
[ 277.0, 468.0, 0.0 ]
[ 277.0, 485.0, 0.0 ]
[ 277.0, 503.0, 0.0 ]
[ 277.0, 520.0, 0.0 ]
[ 430.0, 523.0, 0.0 ]
[ 429.0, 395.0, 0.0 ]
[ 430.0, 420.0, 0.0 ]
[ 429.0, 444.0, 0.0 ]
[ 429.0, 469.0, 0.0 ]
[ 430.0, 490.0, 0.0 ]
[ 430.0, 511.0, 0.0 ]
[ 277.0, 549.0, 0.0 ]
[ 430.0, 550.0, 0.0 ]
[ 277.0, 569.0, 0.0 ]
[ 430.0, 572.0, 0.0 ]
[ 277.0, 594.0, 0.0 ]
[ 430.0, 595.0, 0.0 ]
[ 277.0, 617.0, 0.0 ]
[ 431.0, 618.0, 0.0 ]
[ 278.0, 637.0, 0.0 ]
[ 431.0, 637.0, 0.0 ]
[ 280.0, 648.0, 0.0 ]
[ 427.0, 652.0, 0.0 ]
[ 283.0, 657.0, 0.0 ]
[ 421.0, 661.0, 0.0 ]
[ 293.0, 665.0, 0.0 ]
[ 410.0, 667.0, 0.0 ]
[ 310.0, 669.0, 0.0 ]
[ 332.0, 674.0, 0.0 ]
[ 355.0, 675.0, 0.0 ]
[ 378.0, 675.0, 0.0 ]
[ 397.0, 672.0, 0.0 ]
[ 365.0, 186.0, 0.0 ]
[ 365.0, 205.0, 0.0 ]
[ 366.0, 221.0, 0.0 ]
[ 373.0, 232.0, 0.0 ]
[ 383.0, 229.0, 0.0 ]
[ 344.0, 233.0, 0.0 ]
[ 332.0, 232.0, 0.0 ]
[ 322.0, 229.0, 0.0 ]
[ 361.0, 233.0, 0.0 ]
[ 360.0, 246.0, 0.0 ]
[ 370.0, 242.0, 0.0 ]
[ 381.0, 242.0, 0.0 ]
[ 395.0, 247.0, 0.0 ]
[ 405.0, 255.0, 0.0 ]
[ 413.0, 268.0, 0.0 ]
[ 422.0, 317.0, 0.0 ]
[ 421.0, 334.0, 0.0 ]
[ 421.0, 353.0, 0.0 ]
[ 421.0, 299.0, 0.0 ]
[ 418.0, 282.0, 0.0 ]
[ 369.0, 254.0, 0.0 ]
[ 375.0, 262.0, 0.0 ]
[ 380.0, 271.0, 0.0 ]
[ 385.0, 284.0, 0.0 ]
[ 386.0, 319.0, 0.0 ]
[ 385.0, 301.0, 0.0 ]
[ 385.0, 335.0, 0.0 ]
[ 385.0, 352.0, 0.0 ]
[ 386.0, 370.0, 0.0 ]
[ 386.0, 380.0, 0.0 ]
[ 334.0, 179.0, 0.0 ]
[ 333.0, 198.0, 0.0 ]
[ 333.0, 216.0, 0.0 ]
[ 330.0, 246.0, 0.0 ]
[ 320.0, 259.0, 0.0 ]
[ 310.0, 273.0, 0.0 ]
[ 304.0, 289.0, 0.0 ]
[ 302.0, 309.0, 0.0 ]
[ 303.0, 331.0, 0.0 ]
[ 303.0, 350.0, 0.0 ]
[ 302.0, 368.0, 0.0 ]
[ 302.0, 379.0, 0.0 ]
[ 302.0, 556.0, 0.0 ]
[ 301.0, 577.0, 0.0 ]
[ 301.0, 599.0, 0.0 ]
[ 302.0, 617.0, 0.0 ]
[ 303.0, 637.0, 0.0 ]
[ 302.0, 654.0, 0.0 ]
[ 292.0, 652.0, 0.0 ]
[ 321.0, 658.0, 0.0 ]
[ 345.0, 658.0, 0.0 ]
[ 366.0, 657.0, 0.0 ]
[ 385.0, 653.0, 0.0 ]
[ 400.0, 647.0, 0.0 ]
[ 413.0, 643.0, 0.0 ]
[ 422.0, 534.0, 0.0 ]
[ 421.0, 552.0, 0.0 ]
[ 421.0, 572.0, 0.0 ]
[ 422.0, 593.0, 0.0 ]
[ 421.0, 613.0, 0.0 ]
[ 419.0, 632.0, 0.0 ]
[ 385.0, 553.0, 0.0 ]
[ 385.0, 539.0, 0.0 ]
[ 384.0, 568.0, 0.0 ]
[ 384.0, 589.0, 0.0 ]
[ 384.0, 610.0, 0.0 ]
[ 386.0, 627.0, 0.0 ]
[ 385.0, 643.0, 0.0 ]
[ 282.0, 389.0, 0.0 ]
[ 277.0, 387.0, 0.0 ]
[ 283.0, 384.0, 0.0 ]
[ 293.0, 390.0, 0.0 ]
[ 294.0, 385.0, 0.0 ]
[ 304.0, 391.0, 0.0 ]
[ 317.0, 391.0, 0.0 ]
[ 331.0, 392.0, 0.0 ]
[ 345.0, 391.0, 0.0 ]
[ 359.0, 391.0, 0.0 ]
[ 373.0, 391.0, 0.0 ]
[ 384.0, 387.0, 0.0 ]
[ 374.0, 386.0, 0.0 ]
[ 362.0, 387.0, 0.0 ]
[ 351.0, 386.0, 0.0 ]
[ 338.0, 386.0, 0.0 ]
[ 323.0, 386.0, 0.0 ]
[ 310.0, 385.0, 0.0 ]
[ 282.0, 518.0, 0.0 ]
[ 282.0, 527.0, 0.0 ]
[ 286.0, 524.0, 0.0 ]
[ 298.0, 525.0, 0.0 ]
[ 312.0, 527.0, 0.0 ]
[ 328.0, 529.0, 0.0 ]
[ 343.0, 529.0, 0.0 ]
[ 359.0, 530.0, 0.0 ]
[ 376.0, 529.0, 0.0 ]
[ 385.0, 533.0, 0.0 ]
[ 367.0, 534.0, 0.0 ]
[ 352.0, 534.0, 0.0 ]
[ 337.0, 535.0, 0.0 ]
[ 319.0, 533.0, 0.0 ]
[ 305.0, 531.0, 0.0 ]
[ 293.0, 529.0, 0.0 ]
[ 349.0, 95.0, 0.0 ]
[ 349.0, 119.0, 0.0 ]
[ 349.0, 140.0, 0.0 ]
[ 376.0, 87.0, 0.0 ]
[ 375.0, 105.0, 0.0 ]
[ 375.0, 123.0, 0.0 ]
[ 376.0, 139.0, 0.0 ]
[ 318.0, 238.0, 0.0 ]
[ 322.0, 225.0, 0.0 ]
[ 308.0, 245.0, 0.0 ]
[ 303.0, 252.0, 0.0 ]
[ 293.0, 260.0, 0.0 ]
[ 288.0, 270.0, 0.0 ]
[ 285.0, 276.0, 0.0 ]
[ 283.0, 293.0, 0.0 ]
[ 281.0, 317.0, 0.0 ]
[ 280.0, 330.0, 0.0 ]
[ 280.0, 340.0, 0.0 ]
[ 281.0, 358.0, 0.0 ]
[ 280.0, 370.0, 0.0 ]
[ 311.0, 253.0, 0.0 ]
[ 299.0, 266.0, 0.0 ]
[ 292.0, 286.0, 0.0 ]
[ 289.0, 308.0, 0.0 ]
[ 290.0, 331.0, 0.0 ]
[ 291.0, 353.0, 0.0 ]
[ 291.0, 369.0, 0.0 ]
[ 288.0, 560.0, 0.0 ]
[ 289.0, 584.0, 0.0 ]
[ 290.0, 608.0, 0.0 ]
[ 290.0, 633.0, 0.0 ]
[ 376.0, 187.0, 0.0 ]
[ 376.0, 216.0, 0.0 ]
[ 385.0, 255.0, 0.0 ]
[ 397.0, 271.0, 0.0 ]
[ 404.0, 296.0, 0.0 ]
[ 406.0, 324.0, 0.0 ]
[ 406.0, 352.0, 0.0 ]
[ 403.0, 570.0, 0.0 ]
[ 404.0, 608.0, 0.0 ]
[ 402.0, 636.0, 0.0 ]
[ 404.0, 537.0, 0.0 ]
[ 349.0, 190.0, 0.0 ]
[ 349.0, 216.0, 0.0 ]
[ 342.0, 260.0, 0.0 ]
[ 326.0, 284.0, 0.0 ]
[ 326.0, 315.0, 0.0 ]
[ 325.0, 347.0, 0.0 ]
[ 354.0, 283.0, 0.0 ]
[ 357.0, 316.0, 0.0 ]
[ 357.0, 348.0, 0.0 ]
[ 329.0, 570.0, 0.0 ]
[ 329.0, 610.0, 0.0 ]
[ 331.0, 635.0, 0.0 ]
[ 361.0, 566.0, 0.0 ]
[ 361.0, 608.0, 0.0 ]
[ 294.0, 408.0, 0.0 ]
[ 294.0, 442.0, 0.0 ]
[ 293.0, 475.0, 0.0 ]
[ 294.0, 506.0, 0.0 ]
[ 314.0, 415.0, 0.0 ]
[ 314.0, 453.0, 0.0 ]
[ 314.0, 488.0, 0.0 ]
[ 316.0, 512.0, 0.0 ]
[ 344.0, 416.0, 0.0 ]
[ 343.0, 448.0, 0.0 ]
[ 343.0, 479.0, 0.0 ]
[ 343.0, 506.0, 0.0 ]
[ 377.0, 417.0, 0.0 ]
[ 378.0, 449.0, 0.0 ]
[ 378.0, 484.0, 0.0 ]
[ 378.0, 512.0, 0.0 ]
[ 406.0, 409.0, 0.0 ]
[ 407.0, 444.0, 0.0 ]
[ 407.0, 475.0, 0.0 ]
[ 406.0, 507.0, 0.0 ]
[ 278.0, 564.0, 0.0 ]
[ 310.0, 529.0, 0.0 ]
[ 282.0, 378.0, 0.0 ]
[ 423.0, 383.0, 0.0 ]
[ 423.0, 375.0, 0.0 ]
[ 424.0, 379.0, 0.0 ]
[ 425.0, 378.0, 0.0 ]
[ 357.0, 700.0, 0.0 ]
[ 457.0, 684.0, 0.0 ]
[ 246.0, 690.0, 0.0 ]
[ 68.0, 648.0, 0.0 ]
[ 673.0, 660.0, 0.0 ]
[ 338.0, 532.0, 0.0 ]
[ 343.0, 534.0, 0.0 ]
[ 370.0, 529.0, 0.0 ]
[ 359.0, 529.0, 0.0 ]
[ 344.0, 392.0, 0.0 ]
[ 353.0, 394.0, 0.0 ]
[ 379.0, 394.0, 0.0 ]
[ 285.0, 415.0, 0.0 ]
[ 286.0, 430.0, 0.0 ]
[ 1.0, 95.0, 0.0 ]
