686 699
[ 0.0, 0.0, 0.0 ]
[ 686.0, 0.0, 0.0 ]
[ 686.0, 699.0, 0.0 ]
[ 0.0, 699.0, 0.0 ]
[ 101.0, 24.0, 0.0 ]
[ 80.0, 43.0, 0.0 ]
[ 127.0, 26.0, 0.0 ]
[ 76.0, 84.0, 0.0 ]
[ 156.0, 51.0, 0.0 ]
[ 74.0, 118.0, 0.0 ]
[ 82.0, 153.0, 0.0 ]
[ 90.0, 176.0, 0.0 ]
[ 88.0, 217.0, 0.0 ]
[ 100.0, 249.0, 0.0 ]
[ 99.0, 284.0, 0.0 ]
[ 86.0, 324.0, 0.0 ]
[ 76.0, 369.0, 0.0 ]
[ 82.0, 415.0, 0.0 ]
[ 71.0, 396.0, 0.0 ]
[ 98.0, 438.0, 0.0 ]
[ 124.0, 471.0, 0.0 ]
[ 147.0, 497.0, 0.0 ]
[ 285.0, 583.0, 0.0 ]
[ 322.0, 594.0, 0.0 ]
[ 358.0, 587.0, 0.0 ]
[ 543.0, 457.0, 0.0 ]
[ 558.0, 424.0, 0.0 ]
[ 564.0, 389.0, 0.0 ]
[ 551.0, 351.0, 0.0 ]
[ 539.0, 313.0, 0.0 ]
[ 525.0, 276.0, 0.0 ]
[ 534.0, 232.0, 0.0 ]
[ 548.0, 198.0, 0.0 ]
[ 554.0, 137.0, 0.0 ]
[ 552.0, 100.0, 0.0 ]
[ 550.0, 70.0, 0.0 ]
[ 540.0, 33.0, 0.0 ]
[ 495.0, 44.0, 0.0 ]
[ 465.0, 69.0, 0.0 ]
[ 436.0, 109.0, 0.0 ]
[ 417.0, 139.0, 0.0 ]
[ 391.0, 168.0, 0.0 ]
[ 352.0, 167.0, 0.0 ]
[ 316.0, 163.0, 0.0 ]
[ 269.0, 165.0, 0.0 ]
[ 242.0, 169.0, 0.0 ]
[ 210.0, 128.0, 0.0 ]
[ 190.0, 96.0, 0.0 ]
[ 173.0, 75.0, 0.0 ]
[ 217.0, 187.0, 0.0 ]
[ 137.0, 238.0, 0.0 ]
[ 99.0, 71.0, 0.0 ]
[ 138.0, 86.0, 0.0 ]
[ 448.0, 167.0, 0.0 ]
[ 470.0, 119.0, 0.0 ]
[ 509.0, 80.0, 0.0 ]
[ 510.0, 207.0, 0.0 ]
[ 494.0, 243.0, 0.0 ]
[ 263.0, 362.0, 0.0 ]
[ 267.0, 393.0, 0.0 ]
[ 275.0, 422.0, 0.0 ]
[ 303.0, 431.0, 0.0 ]
[ 331.0, 429.0, 0.0 ]
[ 357.0, 437.0, 0.0 ]
[ 375.0, 415.0, 0.0 ]
[ 382.0, 387.0, 0.0 ]
[ 381.0, 363.0, 0.0 ]
[ 260.0, 347.0, 0.0 ]
[ 249.0, 312.0, 0.0 ]
[ 204.0, 301.0, 0.0 ]
[ 171.0, 307.0, 0.0 ]
[ 185.0, 357.0, 0.0 ]
[ 204.0, 368.0, 0.0 ]
[ 234.0, 372.0, 0.0 ]
[ 252.0, 367.0, 0.0 ]
[ 388.0, 363.0, 0.0 ]
[ 383.0, 337.0, 0.0 ]
[ 428.0, 300.0, 0.0 ]
[ 466.0, 293.0, 0.0 ]
[ 453.0, 360.0, 0.0 ]
[ 423.0, 368.0, 0.0 ]
[ 403.0, 366.0, 0.0 ]
[ 396.0, 330.0, 0.0 ]
[ 404.0, 349.0, 0.0 ]
[ 424.0, 359.0, 0.0 ]
[ 442.0, 349.0, 0.0 ]
[ 448.0, 329.0, 0.0 ]
[ 445.0, 314.0, 0.0 ]
[ 199.0, 315.0, 0.0 ]
[ 196.0, 333.0, 0.0 ]
[ 201.0, 348.0, 0.0 ]
[ 217.0, 362.0, 0.0 ]
[ 237.0, 358.0, 0.0 ]
[ 248.0, 339.0, 0.0 ]
[ 215.0, 309.0, 0.0 ]
[ 244.0, 324.0, 0.0 ]
[ 405.0, 323.0, 0.0 ]
[ 433.0, 308.0, 0.0 ]
[ 443.0, 293.0, 0.0 ]
[ 411.0, 303.0, 0.0 ]
[ 290.0, 447.0, 0.0 ]
[ 306.0, 459.0, 0.0 ]
[ 314.0, 473.0, 0.0 ]
[ 318.0, 488.0, 0.0 ]
[ 328.0, 491.0, 0.0 ]
[ 343.0, 477.0, 0.0 ]
[ 343.0, 461.0, 0.0 ]
[ 347.0, 452.0, 0.0 ]
[ 365.0, 446.0, 0.0 ]
[ 349.0, 433.0, 0.0 ]
[ 313.0, 446.0, 0.0 ]
[ 323.0, 459.0, 0.0 ]
[ 340.0, 449.0, 0.0 ]
[ 323.0, 475.0, 0.0 ]
[ 323.0, 499.0, 0.0 ]
[ 311.0, 512.0, 0.0 ]
[ 294.0, 524.0, 0.0 ]
[ 321.0, 526.0, 0.0 ]
[ 348.0, 529.0, 0.0 ]
[ 335.0, 512.0, 0.0 ]
[ 142.0, 385.0, 0.0 ]
[ 140.0, 431.0, 0.0 ]
[ 125.0, 331.0, 0.0 ]
[ 214.0, 257.0, 0.0 ]
[ 253.0, 232.0, 0.0 ]
[ 289.0, 297.0, 0.0 ]
[ 324.0, 337.0, 0.0 ]
[ 362.0, 307.0, 0.0 ]
[ 377.0, 268.0, 0.0 ]
[ 397.0, 225.0, 0.0 ]
[ 302.0, 200.0, 0.0 ]
[ 315.0, 253.0, 0.0 ]
[ 321.0, 291.0, 0.0 ]
[ 351.0, 227.0, 0.0 ]
[ 319.0, 376.0, 0.0 ]
[ 282.0, 390.0, 0.0 ]
[ 349.0, 388.0, 0.0 ]
[ 412.0, 419.0, 0.0 ]
[ 462.0, 433.0, 0.0 ]
[ 488.0, 400.0, 0.0 ]
[ 507.0, 356.0, 0.0 ]
[ 500.0, 303.0, 0.0 ]
[ 214.0, 434.0, 0.0 ]
[ 198.0, 461.0, 0.0 ]
[ 425.0, 465.0, 0.0 ]
[ 384.0, 487.0, 0.0 ]
[ 231.0, 500.0, 0.0 ]
[ 194.0, 368.0, 0.0 ]
[ 505.0, 452.0, 0.0 ]
[ 165.0, 454.0, 0.0 ]
[ 249.0, 461.0, 0.0 ]
[ 216.0, 324.0, 0.0 ]
[ 223.0, 305.0, 0.0 ]
[ 422.0, 299.0, 0.0 ]
[ 423.0, 333.0, 0.0 ]
[ 221.0, 343.0, 0.0 ]
[ 301.0, 471.0, 0.0 ]
[ 282.0, 536.0, 0.0 ]
[ 362.0, 532.0, 0.0 ]
[ 137.0, 461.0, 0.0 ]
[ 522.0, 426.0, 0.0 ]
[ 506.0, 29.0, 0.0 ]
[ 239.0, 624.0, 0.0 ]
[ 412.0, 615.0, 0.0 ]
[ 249.0, 663.0, 0.0 ]
[ 406.0, 665.0, 0.0 ]
[ 322.0, 668.0, 0.0 ]
[ 267.0, 344.0, 0.0 ]
[ 118.0, 179.0, 0.0 ]
[ 102.0, 106.0, 0.0 ]
[ 180.0, 149.0, 0.0 ]
[ 109.0, 147.0, 0.0 ]
[ 164.0, 119.0, 0.0 ]
[ 478.0, 266.0, 0.0 ]
[ 447.0, 237.0, 0.0 ]
[ 520.0, 160.0, 0.0 ]
[ 526.0, 119.0, 0.0 ]
[ 177.0, 218.0, 0.0 ]
[ 431.0, 196.0, 0.0 ]
[ 466.0, 224.0, 0.0 ]
[ 124.0, 64.0, 0.0 ]
[ 114.0, 51.0, 0.0 ]
[ 174.0, 390.0, 0.0 ]
[ 395.0, 312.0, 0.0 ]
[ 387.0, 324.0, 0.0 ]
[ 175.0, 338.0, 0.0 ]
[ 219.0, 373.0, 0.0 ]
[ 463.0, 307.0, 0.0 ]
[ 469.0, 319.0, 0.0 ]
[ 472.0, 303.0, 0.0 ]
[ 469.0, 340.0, 0.0 ]
[ 458.0, 490.0, 0.0 ]
[ 417.0, 525.0, 0.0 ]
[ 396.0, 581.0, 0.0 ]
[ 440.0, 562.0, 0.0 ]
[ 488.0, 533.0, 0.0 ]
[ 534.0, 483.0, 0.0 ]
[ 171.0, 529.0, 0.0 ]
[ 212.0, 553.0, 0.0 ]
[ 251.0, 574.0, 0.0 ]
