972 646
[ 0.0, 0.0, 0.0 ]
[ 972.0, 0.0, 0.0 ]
[ 972.0, 646.0, 0.0 ]
[ 0.0, 646.0, 0.0 ]
[ 336.0, 49.0, 0.0 ]
[ 354.0, 45.0, 0.0 ]
[ 372.0, 44.0, 0.0 ]
[ 392.0, 45.0, 0.0 ]
[ 416.0, 46.0, 0.0 ]
[ 441.0, 47.0, 0.0 ]
[ 467.0, 49.0, 0.0 ]
[ 493.0, 51.0, 0.0 ]
[ 515.0, 51.0, 0.0 ]
[ 534.0, 54.0, 0.0 ]
[ 561.0, 58.0, 0.0 ]
[ 326.0, 55.0, 0.0 ]
[ 318.0, 74.0, 0.0 ]
[ 307.0, 97.0, 0.0 ]
[ 291.0, 126.0, 0.0 ]
[ 281.0, 148.0, 0.0 ]
[ 259.0, 189.0, 0.0 ]
[ 272.0, 165.0, 0.0 ]
[ 248.0, 211.0, 0.0 ]
[ 238.0, 230.0, 0.0 ]
[ 229.0, 246.0, 0.0 ]
[ 226.0, 249.0, 0.0 ]
[ 222.0, 257.0, 0.0 ]
[ 219.0, 271.0, 0.0 ]
[ 209.0, 290.0, 0.0 ]
[ 196.0, 315.0, 0.0 ]
[ 185.0, 337.0, 0.0 ]
[ 173.0, 359.0, 0.0 ]
[ 161.0, 386.0, 0.0 ]
[ 149.0, 408.0, 0.0 ]
[ 135.0, 430.0, 0.0 ]
[ 125.0, 453.0, 0.0 ]
[ 110.0, 477.0, 0.0 ]
[ 100.0, 497.0, 0.0 ]
[ 102.0, 511.0, 0.0 ]
[ 114.0, 525.0, 0.0 ]
[ 130.0, 537.0, 0.0 ]
[ 146.0, 543.0, 0.0 ]
[ 148.0, 555.0, 0.0 ]
[ 159.0, 566.0, 0.0 ]
[ 167.0, 576.0, 0.0 ]
[ 181.0, 585.0, 0.0 ]
[ 196.0, 591.0, 0.0 ]
[ 216.0, 597.0, 0.0 ]
[ 205.0, 594.0, 0.0 ]
[ 228.0, 598.0, 0.0 ]
[ 244.0, 600.0, 0.0 ]
[ 258.0, 602.0, 0.0 ]
[ 272.0, 603.0, 0.0 ]
[ 290.0, 605.0, 0.0 ]
[ 308.0, 606.0, 0.0 ]
[ 323.0, 607.0, 0.0 ]
[ 340.0, 608.0, 0.0 ]
[ 361.0, 610.0, 0.0 ]
[ 377.0, 611.0, 0.0 ]
[ 417.0, 613.0, 0.0 ]
[ 396.0, 612.0, 0.0 ]
[ 437.0, 614.0, 0.0 ]
[ 455.0, 615.0, 0.0 ]
[ 471.0, 617.0, 0.0 ]
[ 487.0, 618.0, 0.0 ]
[ 506.0, 620.0, 0.0 ]
[ 519.0, 621.0, 0.0 ]
[ 537.0, 623.0, 0.0 ]
[ 547.0, 620.0, 0.0 ]
[ 553.0, 611.0, 0.0 ]
[ 580.0, 73.0, 0.0 ]
[ 575.0, 63.0, 0.0 ]
[ 575.0, 84.0, 0.0 ]
[ 568.0, 96.0, 0.0 ]
[ 561.0, 110.0, 0.0 ]
[ 555.0, 122.0, 0.0 ]
[ 550.0, 130.0, 0.0 ]
[ 542.0, 127.0, 0.0 ]
[ 533.0, 126.0, 0.0 ]
[ 518.0, 125.0, 0.0 ]
[ 507.0, 125.0, 0.0 ]
[ 496.0, 125.0, 0.0 ]
[ 484.0, 125.0, 0.0 ]
[ 471.0, 124.0, 0.0 ]
[ 460.0, 119.0, 0.0 ]
[ 452.0, 131.0, 0.0 ]
[ 446.0, 141.0, 0.0 ]
[ 442.0, 151.0, 0.0 ]
[ 437.0, 164.0, 0.0 ]
[ 439.0, 173.0, 0.0 ]
[ 447.0, 176.0, 0.0 ]
[ 453.0, 162.0, 0.0 ]
[ 459.0, 147.0, 0.0 ]
[ 465.0, 136.0, 0.0 ]
[ 461.0, 177.0, 0.0 ]
[ 475.0, 178.0, 0.0 ]
[ 492.0, 178.0, 0.0 ]
[ 509.0, 179.0, 0.0 ]
[ 530.0, 186.0, 0.0 ]
[ 537.0, 177.0, 0.0 ]
[ 541.0, 164.0, 0.0 ]
[ 547.0, 154.0, 0.0 ]
[ 553.0, 144.0, 0.0 ]
[ 555.0, 135.0, 0.0 ]
[ 520.0, 180.0, 0.0 ]
[ 526.0, 169.0, 0.0 ]
[ 532.0, 159.0, 0.0 ]
[ 538.0, 148.0, 0.0 ]
[ 545.0, 136.0, 0.0 ]
[ 215.0, 275.0, 0.0 ]
[ 215.0, 269.0, 0.0 ]
[ 218.0, 263.0, 0.0 ]
[ 225.0, 264.0, 0.0 ]
[ 234.0, 259.0, 0.0 ]
[ 245.0, 255.0, 0.0 ]
[ 259.0, 252.0, 0.0 ]
[ 274.0, 250.0, 0.0 ]
[ 287.0, 250.0, 0.0 ]
[ 316.0, 250.0, 0.0 ]
[ 302.0, 250.0, 0.0 ]
[ 331.0, 251.0, 0.0 ]
[ 344.0, 250.0, 0.0 ]
[ 338.0, 260.0, 0.0 ]
[ 322.0, 281.0, 0.0 ]
[ 314.0, 290.0, 0.0 ]
[ 330.0, 270.0, 0.0 ]
[ 306.0, 301.0, 0.0 ]
[ 302.0, 311.0, 0.0 ]
[ 305.0, 318.0, 0.0 ]
[ 318.0, 324.0, 0.0 ]
[ 329.0, 329.0, 0.0 ]
[ 343.0, 333.0, 0.0 ]
[ 353.0, 328.0, 0.0 ]
[ 361.0, 317.0, 0.0 ]
[ 369.0, 308.0, 0.0 ]
[ 375.0, 299.0, 0.0 ]
[ 383.0, 290.0, 0.0 ]
[ 391.0, 282.0, 0.0 ]
[ 398.0, 271.0, 0.0 ]
[ 403.0, 260.0, 0.0 ]
[ 399.0, 251.0, 0.0 ]
[ 383.0, 249.0, 0.0 ]
[ 391.0, 254.0, 0.0 ]
[ 395.0, 262.0, 0.0 ]
[ 390.0, 272.0, 0.0 ]
[ 383.0, 282.0, 0.0 ]
[ 377.0, 290.0, 0.0 ]
[ 368.0, 302.0, 0.0 ]
[ 362.0, 311.0, 0.0 ]
[ 351.0, 322.0, 0.0 ]
[ 343.0, 326.0, 0.0 ]
[ 327.0, 323.0, 0.0 ]
[ 334.0, 324.0, 0.0 ]
[ 320.0, 319.0, 0.0 ]
[ 311.0, 316.0, 0.0 ]
[ 307.0, 308.0, 0.0 ]
[ 314.0, 296.0, 0.0 ]
[ 320.0, 286.0, 0.0 ]
[ 329.0, 277.0, 0.0 ]
[ 335.0, 265.0, 0.0 ]
[ 343.0, 254.0, 0.0 ]
[ 350.0, 248.0, 0.0 ]
[ 356.0, 244.0, 0.0 ]
[ 367.0, 245.0, 0.0 ]
[ 375.0, 248.0, 0.0 ]
[ 373.0, 254.0, 0.0 ]
[ 377.0, 255.0, 0.0 ]
[ 378.0, 248.0, 0.0 ]
[ 411.0, 252.0, 0.0 ]
[ 427.0, 254.0, 0.0 ]
[ 442.0, 256.0, 0.0 ]
[ 457.0, 258.0, 0.0 ]
[ 470.0, 260.0, 0.0 ]
[ 481.0, 267.0, 0.0 ]
[ 493.0, 275.0, 0.0 ]
[ 502.0, 285.0, 0.0 ]
[ 508.0, 296.0, 0.0 ]
[ 511.0, 305.0, 0.0 ]
[ 513.0, 297.0, 0.0 ]
[ 518.0, 289.0, 0.0 ]
[ 513.0, 283.0, 0.0 ]
[ 505.0, 275.0, 0.0 ]
[ 496.0, 266.0, 0.0 ]
[ 489.0, 260.0, 0.0 ]
[ 478.0, 255.0, 0.0 ]
[ 469.0, 253.0, 0.0 ]
[ 453.0, 250.0, 0.0 ]
[ 437.0, 248.0, 0.0 ]
[ 421.0, 246.0, 0.0 ]
[ 403.0, 243.0, 0.0 ]
[ 389.0, 240.0, 0.0 ]
[ 374.0, 238.0, 0.0 ]
[ 361.0, 238.0, 0.0 ]
[ 342.0, 236.0, 0.0 ]
[ 310.0, 236.0, 0.0 ]
[ 327.0, 236.0, 0.0 ]
[ 293.0, 235.0, 0.0 ]
[ 281.0, 235.0, 0.0 ]
[ 264.0, 236.0, 0.0 ]
[ 251.0, 238.0, 0.0 ]
[ 240.0, 242.0, 0.0 ]
[ 229.0, 254.0, 0.0 ]
[ 236.0, 249.0, 0.0 ]
[ 246.0, 246.0, 0.0 ]
[ 258.0, 245.0, 0.0 ]
[ 269.0, 244.0, 0.0 ]
[ 279.0, 244.0, 0.0 ]
[ 292.0, 244.0, 0.0 ]
[ 304.0, 245.0, 0.0 ]
[ 318.0, 245.0, 0.0 ]
[ 332.0, 245.0, 0.0 ]
[ 161.0, 493.0, 0.0 ]
[ 111.0, 490.0, 0.0 ]
[ 125.0, 487.0, 0.0 ]
[ 142.0, 489.0, 0.0 ]
[ 177.0, 495.0, 0.0 ]
[ 193.0, 498.0, 0.0 ]
[ 213.0, 500.0, 0.0 ]
[ 229.0, 504.0, 0.0 ]
[ 250.0, 507.0, 0.0 ]
[ 265.0, 511.0, 0.0 ]
[ 285.0, 514.0, 0.0 ]
[ 302.0, 520.0, 0.0 ]
[ 318.0, 519.0, 0.0 ]
[ 326.0, 524.0, 0.0 ]
[ 341.0, 525.0, 0.0 ]
[ 348.0, 530.0, 0.0 ]
[ 335.0, 528.0, 0.0 ]
[ 368.0, 528.0, 0.0 ]
[ 375.0, 520.0, 0.0 ]
[ 378.0, 509.0, 0.0 ]
[ 384.0, 497.0, 0.0 ]
[ 391.0, 483.0, 0.0 ]
[ 398.0, 465.0, 0.0 ]
[ 409.0, 445.0, 0.0 ]
[ 417.0, 429.0, 0.0 ]
[ 426.0, 411.0, 0.0 ]
[ 433.0, 392.0, 0.0 ]
[ 445.0, 370.0, 0.0 ]
[ 454.0, 352.0, 0.0 ]
[ 461.0, 339.0, 0.0 ]
[ 470.0, 320.0, 0.0 ]
[ 480.0, 303.0, 0.0 ]
[ 486.0, 288.0, 0.0 ]
[ 107.0, 500.0, 0.0 ]
[ 108.0, 505.0, 0.0 ]
[ 110.0, 514.0, 0.0 ]
[ 117.0, 520.0, 0.0 ]
[ 124.0, 526.0, 0.0 ]
[ 121.0, 528.0, 0.0 ]
[ 130.0, 531.0, 0.0 ]
[ 139.0, 536.0, 0.0 ]
[ 141.0, 542.0, 0.0 ]
[ 148.0, 538.0, 0.0 ]
[ 157.0, 540.0, 0.0 ]
[ 169.0, 543.0, 0.0 ]
[ 187.0, 545.0, 0.0 ]
[ 113.0, 496.0, 0.0 ]
[ 127.0, 491.0, 0.0 ]
[ 145.0, 491.0, 0.0 ]
[ 170.0, 497.0, 0.0 ]
[ 195.0, 500.0, 0.0 ]
[ 214.0, 503.0, 0.0 ]
[ 203.0, 546.0, 0.0 ]
[ 229.0, 547.0, 0.0 ]
[ 259.0, 550.0, 0.0 ]
[ 284.0, 552.0, 0.0 ]
[ 314.0, 555.0, 0.0 ]
[ 337.0, 556.0, 0.0 ]
[ 360.0, 559.0, 0.0 ]
[ 392.0, 563.0, 0.0 ]
[ 415.0, 563.0, 0.0 ]
[ 424.0, 555.0, 0.0 ]
[ 435.0, 541.0, 0.0 ]
[ 442.0, 519.0, 0.0 ]
[ 451.0, 496.0, 0.0 ]
[ 158.0, 546.0, 0.0 ]
[ 173.0, 548.0, 0.0 ]
[ 193.0, 551.0, 0.0 ]
[ 298.0, 554.0, 0.0 ]
[ 314.0, 560.0, 0.0 ]
[ 244.0, 549.0, 0.0 ]
[ 332.0, 562.0, 0.0 ]
[ 354.0, 564.0, 0.0 ]
[ 370.0, 567.0, 0.0 ]
[ 392.0, 567.0, 0.0 ]
[ 408.0, 569.0, 0.0 ]
[ 424.0, 564.0, 0.0 ]
[ 508.0, 303.0, 0.0 ]
[ 503.0, 332.0, 0.0 ]
[ 499.0, 351.0, 0.0 ]
[ 492.0, 379.0, 0.0 ]
[ 482.0, 410.0, 0.0 ]
[ 472.0, 445.0, 0.0 ]
[ 462.0, 471.0, 0.0 ]
[ 452.0, 498.0, 0.0 ]
[ 447.0, 516.0, 0.0 ]
[ 441.0, 536.0, 0.0 ]
[ 461.0, 468.0, 0.0 ]
[ 474.0, 427.0, 0.0 ]
[ 482.0, 402.0, 0.0 ]
[ 493.0, 369.0, 0.0 ]
[ 467.0, 449.0, 0.0 ]
[ 116.0, 502.0, 0.0 ]
[ 118.0, 509.0, 0.0 ]
[ 130.0, 511.0, 0.0 ]
[ 130.0, 519.0, 0.0 ]
[ 139.0, 519.0, 0.0 ]
[ 142.0, 524.0, 0.0 ]
[ 162.0, 529.0, 0.0 ]
[ 189.0, 534.0, 0.0 ]
[ 215.0, 537.0, 0.0 ]
[ 237.0, 537.0, 0.0 ]
[ 265.0, 540.0, 0.0 ]
[ 287.0, 543.0, 0.0 ]
[ 309.0, 543.0, 0.0 ]
[ 329.0, 544.0, 0.0 ]
[ 344.0, 545.0, 0.0 ]
[ 365.0, 547.0, 0.0 ]
[ 388.0, 548.0, 0.0 ]
[ 399.0, 548.0, 0.0 ]
[ 405.0, 532.0, 0.0 ]
[ 411.0, 520.0, 0.0 ]
[ 417.0, 523.0, 0.0 ]
[ 423.0, 508.0, 0.0 ]
[ 427.0, 498.0, 0.0 ]
[ 423.0, 492.0, 0.0 ]
[ 436.0, 458.0, 0.0 ]
[ 451.0, 430.0, 0.0 ]
[ 461.0, 404.0, 0.0 ]
[ 470.0, 382.0, 0.0 ]
[ 480.0, 359.0, 0.0 ]
[ 487.0, 338.0, 0.0 ]
[ 493.0, 321.0, 0.0 ]
[ 500.0, 305.0, 0.0 ]
[ 505.0, 294.0, 0.0 ]
[ 500.0, 309.0, 0.0 ]
[ 497.0, 323.0, 0.0 ]
[ 493.0, 335.0, 0.0 ]
[ 488.0, 354.0, 0.0 ]
[ 489.0, 350.0, 0.0 ]
[ 484.0, 363.0, 0.0 ]
[ 480.0, 376.0, 0.0 ]
[ 475.0, 389.0, 0.0 ]
[ 468.0, 411.0, 0.0 ]
[ 462.0, 424.0, 0.0 ]
[ 455.0, 439.0, 0.0 ]
[ 450.0, 454.0, 0.0 ]
[ 443.0, 471.0, 0.0 ]
[ 436.0, 489.0, 0.0 ]
[ 424.0, 518.0, 0.0 ]
[ 413.0, 541.0, 0.0 ]
[ 142.0, 509.0, 0.0 ]
[ 169.0, 511.0, 0.0 ]
[ 194.0, 515.0, 0.0 ]
[ 219.0, 517.0, 0.0 ]
[ 244.0, 521.0, 0.0 ]
[ 265.0, 523.0, 0.0 ]
[ 284.0, 526.0, 0.0 ]
[ 304.0, 526.0, 0.0 ]
[ 324.0, 527.0, 0.0 ]
[ 155.0, 510.0, 0.0 ]
[ 141.0, 514.0, 0.0 ]
[ 158.0, 514.0, 0.0 ]
[ 171.0, 515.0, 0.0 ]
[ 183.0, 513.0, 0.0 ]
[ 185.0, 517.0, 0.0 ]
[ 204.0, 515.0, 0.0 ]
[ 208.0, 520.0, 0.0 ]
[ 196.0, 519.0, 0.0 ]
[ 219.0, 521.0, 0.0 ]
[ 225.0, 523.0, 0.0 ]
[ 246.0, 524.0, 0.0 ]
[ 267.0, 527.0, 0.0 ]
[ 229.0, 519.0, 0.0 ]
[ 236.0, 524.0, 0.0 ]
[ 237.0, 520.0, 0.0 ]
[ 255.0, 525.0, 0.0 ]
[ 255.0, 521.0, 0.0 ]
[ 272.0, 524.0, 0.0 ]
[ 293.0, 529.0, 0.0 ]
[ 292.0, 527.0, 0.0 ]
[ 281.0, 528.0, 0.0 ]
[ 292.0, 462.0, 0.0 ]
[ 327.0, 469.0, 0.0 ]
[ 352.0, 473.0, 0.0 ]
[ 375.0, 478.0, 0.0 ]
[ 368.0, 497.0, 0.0 ]
[ 363.0, 511.0, 0.0 ]
[ 342.0, 508.0, 0.0 ]
[ 322.0, 504.0, 0.0 ]
[ 294.0, 501.0, 0.0 ]
[ 272.0, 499.0, 0.0 ]
[ 251.0, 495.0, 0.0 ]
[ 248.0, 491.0, 0.0 ]
[ 254.0, 474.0, 0.0 ]
[ 260.0, 458.0, 0.0 ]
[ 271.0, 476.0, 0.0 ]
[ 306.0, 484.0, 0.0 ]
[ 338.0, 489.0, 0.0 ]
[ 371.0, 536.0, 0.0 ]
[ 387.0, 535.0, 0.0 ]
[ 395.0, 528.0, 0.0 ]
[ 403.0, 510.0, 0.0 ]
[ 412.0, 489.0, 0.0 ]
[ 418.0, 471.0, 0.0 ]
[ 430.0, 445.0, 0.0 ]
[ 437.0, 428.0, 0.0 ]
[ 447.0, 407.0, 0.0 ]
[ 454.0, 384.0, 0.0 ]
[ 465.0, 361.0, 0.0 ]
[ 472.0, 342.0, 0.0 ]
[ 480.0, 322.0, 0.0 ]
[ 487.0, 310.0, 0.0 ]
[ 493.0, 294.0, 0.0 ]
[ 496.0, 288.0, 0.0 ]
[ 492.0, 311.0, 0.0 ]
[ 488.0, 325.0, 0.0 ]
[ 482.0, 335.0, 0.0 ]
[ 477.0, 351.0, 0.0 ]
[ 471.0, 369.0, 0.0 ]
[ 464.0, 385.0, 0.0 ]
[ 459.0, 398.0, 0.0 ]
[ 451.0, 414.0, 0.0 ]
[ 447.0, 428.0, 0.0 ]
[ 438.0, 446.0, 0.0 ]
[ 430.0, 462.0, 0.0 ]
[ 426.0, 461.0, 0.0 ]
[ 424.0, 476.0, 0.0 ]
[ 419.0, 491.0, 0.0 ]
[ 414.0, 506.0, 0.0 ]
[ 409.0, 516.0, 0.0 ]
[ 401.0, 533.0, 0.0 ]
[ 377.0, 528.0, 0.0 ]
[ 384.0, 514.0, 0.0 ]
[ 391.0, 499.0, 0.0 ]
[ 400.0, 481.0, 0.0 ]
[ 410.0, 459.0, 0.0 ]
[ 418.0, 438.0, 0.0 ]
[ 424.0, 422.0, 0.0 ]
[ 436.0, 401.0, 0.0 ]
[ 442.0, 382.0, 0.0 ]
[ 453.0, 363.0, 0.0 ]
[ 483.0, 293.0, 0.0 ]
[ 477.0, 309.0, 0.0 ]
[ 464.0, 328.0, 0.0 ]
[ 454.0, 345.0, 0.0 ]
[ 448.0, 364.0, 0.0 ]
[ 436.0, 384.0, 0.0 ]
[ 427.0, 404.0, 0.0 ]
[ 422.0, 418.0, 0.0 ]
[ 412.0, 437.0, 0.0 ]
[ 398.0, 456.0, 0.0 ]
[ 390.0, 474.0, 0.0 ]
[ 383.0, 487.0, 0.0 ]
[ 377.0, 506.0, 0.0 ]
[ 120.0, 477.0, 0.0 ]
[ 134.0, 464.0, 0.0 ]
[ 151.0, 470.0, 0.0 ]
[ 182.0, 474.0, 0.0 ]
[ 204.0, 474.0, 0.0 ]
[ 232.0, 478.0, 0.0 ]
[ 153.0, 447.0, 0.0 ]
[ 188.0, 453.0, 0.0 ]
[ 211.0, 456.0, 0.0 ]
[ 238.0, 457.0, 0.0 ]
[ 380.0, 454.0, 0.0 ]
[ 335.0, 449.0, 0.0 ]
[ 290.0, 442.0, 0.0 ]
[ 249.0, 437.0, 0.0 ]
[ 218.0, 434.0, 0.0 ]
[ 183.0, 432.0, 0.0 ]
[ 167.0, 430.0, 0.0 ]
[ 178.0, 404.0, 0.0 ]
[ 226.0, 411.0, 0.0 ]
[ 272.0, 417.0, 0.0 ]
[ 313.0, 422.0, 0.0 ]
[ 348.0, 429.0, 0.0 ]
[ 385.0, 435.0, 0.0 ]
[ 190.0, 386.0, 0.0 ]
[ 244.0, 392.0, 0.0 ]
[ 247.0, 416.0, 0.0 ]
[ 282.0, 399.0, 0.0 ]
[ 319.0, 404.0, 0.0 ]
[ 350.0, 411.0, 0.0 ]
[ 384.0, 416.0, 0.0 ]
[ 410.0, 421.0, 0.0 ]
[ 222.0, 390.0, 0.0 ]
[ 205.0, 365.0, 0.0 ]
[ 244.0, 371.0, 0.0 ]
[ 294.0, 379.0, 0.0 ]
[ 335.0, 387.0, 0.0 ]
[ 379.0, 393.0, 0.0 ]
[ 415.0, 396.0, 0.0 ]
[ 218.0, 343.0, 0.0 ]
[ 278.0, 352.0, 0.0 ]
[ 331.0, 363.0, 0.0 ]
[ 380.0, 370.0, 0.0 ]
[ 430.0, 374.0, 0.0 ]
[ 220.0, 318.0, 0.0 ]
[ 249.0, 347.0, 0.0 ]
[ 265.0, 324.0, 0.0 ]
[ 301.0, 329.0, 0.0 ]
[ 331.0, 336.0, 0.0 ]
[ 304.0, 354.0, 0.0 ]
[ 316.0, 333.0, 0.0 ]
[ 353.0, 341.0, 0.0 ]
[ 386.0, 345.0, 0.0 ]
[ 418.0, 351.0, 0.0 ]
[ 441.0, 332.0, 0.0 ]
[ 409.0, 317.0, 0.0 ]
[ 393.0, 311.0, 0.0 ]
[ 402.0, 289.0, 0.0 ]
[ 446.0, 296.0, 0.0 ]
[ 465.0, 276.0, 0.0 ]
[ 426.0, 271.0, 0.0 ]
[ 303.0, 266.0, 0.0 ]
[ 273.0, 268.0, 0.0 ]
[ 244.0, 271.0, 0.0 ]
[ 225.0, 288.0, 0.0 ]
[ 264.0, 294.0, 0.0 ]
[ 268.0, 208.0, 0.0 ]
[ 315.0, 211.0, 0.0 ]
[ 372.0, 215.0, 0.0 ]
[ 429.0, 218.0, 0.0 ]
[ 476.0, 231.0, 0.0 ]
[ 509.0, 236.0, 0.0 ]
[ 523.0, 205.0, 0.0 ]
[ 529.0, 187.0, 0.0 ]
[ 532.0, 192.0, 0.0 ]
[ 527.0, 208.0, 0.0 ]
[ 520.0, 220.0, 0.0 ]
[ 517.0, 228.0, 0.0 ]
[ 512.0, 243.0, 0.0 ]
[ 509.0, 256.0, 0.0 ]
[ 503.0, 264.0, 0.0 ]
[ 514.0, 216.0, 0.0 ]
[ 520.0, 204.0, 0.0 ]
[ 526.0, 189.0, 0.0 ]
[ 506.0, 240.0, 0.0 ]
[ 507.0, 267.0, 0.0 ]
[ 516.0, 249.0, 0.0 ]
[ 521.0, 239.0, 0.0 ]
[ 527.0, 229.0, 0.0 ]
[ 529.0, 216.0, 0.0 ]
[ 534.0, 205.0, 0.0 ]
[ 538.0, 191.0, 0.0 ]
[ 542.0, 176.0, 0.0 ]
[ 550.0, 160.0, 0.0 ]
[ 533.0, 195.0, 0.0 ]
[ 522.0, 216.0, 0.0 ]
[ 517.0, 231.0, 0.0 ]
[ 513.0, 244.0, 0.0 ]
[ 578.0, 88.0, 0.0 ]
[ 572.0, 97.0, 0.0 ]
[ 572.0, 105.0, 0.0 ]
[ 565.0, 111.0, 0.0 ]
[ 559.0, 123.0, 0.0 ]
[ 567.0, 116.0, 0.0 ]
[ 560.0, 136.0, 0.0 ]
[ 479.0, 147.0, 0.0 ]
[ 500.0, 149.0, 0.0 ]
[ 518.0, 152.0, 0.0 ]
[ 482.0, 162.0, 0.0 ]
[ 512.0, 162.0, 0.0 ]
[ 504.0, 140.0, 0.0 ]
[ 526.0, 138.0, 0.0 ]
[ 576.0, 95.0, 0.0 ]
[ 586.0, 97.0, 0.0 ]
[ 590.0, 105.0, 0.0 ]
[ 585.0, 115.0, 0.0 ]
[ 577.0, 133.0, 0.0 ]
[ 565.0, 161.0, 0.0 ]
[ 560.0, 178.0, 0.0 ]
[ 551.0, 195.0, 0.0 ]
[ 545.0, 210.0, 0.0 ]
[ 536.0, 225.0, 0.0 ]
[ 527.0, 247.0, 0.0 ]
[ 520.0, 266.0, 0.0 ]
[ 515.0, 279.0, 0.0 ]
[ 582.0, 108.0, 0.0 ]
[ 579.0, 119.0, 0.0 ]
[ 571.0, 136.0, 0.0 ]
[ 573.0, 132.0, 0.0 ]
[ 571.0, 142.0, 0.0 ]
[ 566.0, 152.0, 0.0 ]
[ 560.0, 164.0, 0.0 ]
[ 558.0, 172.0, 0.0 ]
[ 552.0, 180.0, 0.0 ]
[ 551.0, 190.0, 0.0 ]
[ 596.0, 101.0, 0.0 ]
[ 599.0, 106.0, 0.0 ]
[ 597.0, 120.0, 0.0 ]
[ 589.0, 144.0, 0.0 ]
[ 578.0, 170.0, 0.0 ]
[ 570.0, 188.0, 0.0 ]
[ 561.0, 209.0, 0.0 ]
[ 550.0, 231.0, 0.0 ]
[ 545.0, 248.0, 0.0 ]
[ 536.0, 264.0, 0.0 ]
[ 530.0, 276.0, 0.0 ]
[ 522.0, 280.0, 0.0 ]
[ 292.0, 184.0, 0.0 ]
[ 338.0, 182.0, 0.0 ]
[ 343.0, 211.0, 0.0 ]
[ 388.0, 188.0, 0.0 ]
[ 420.0, 191.0, 0.0 ]
[ 459.0, 201.0, 0.0 ]
[ 497.0, 205.0, 0.0 ]
[ 392.0, 168.0, 0.0 ]
[ 317.0, 156.0, 0.0 ]
[ 318.0, 127.0, 0.0 ]
[ 335.0, 92.0, 0.0 ]
[ 349.0, 64.0, 0.0 ]
[ 382.0, 67.0, 0.0 ]
[ 423.0, 67.0, 0.0 ]
[ 465.0, 73.0, 0.0 ]
[ 501.0, 77.0, 0.0 ]
[ 537.0, 83.0, 0.0 ]
[ 526.0, 106.0, 0.0 ]
[ 486.0, 103.0, 0.0 ]
[ 442.0, 96.0, 0.0 ]
[ 411.0, 92.0, 0.0 ]
[ 368.0, 86.0, 0.0 ]
[ 359.0, 118.0, 0.0 ]
[ 398.0, 121.0, 0.0 ]
[ 431.0, 130.0, 0.0 ]
[ 341.0, 161.0, 0.0 ]
[ 349.0, 139.0, 0.0 ]
[ 401.0, 147.0, 0.0 ]
[ 463.0, 180.0, 0.0 ]
[ 474.0, 181.0, 0.0 ]
[ 494.0, 182.0, 0.0 ]
[ 493.0, 184.0, 0.0 ]
[ 506.0, 184.0, 0.0 ]
[ 522.0, 185.0, 0.0 ]
[ 526.0, 190.0, 0.0 ]
[ 548.0, 241.0, 0.0 ]
[ 555.0, 250.0, 0.0 ]
[ 568.0, 251.0, 0.0 ]
[ 593.0, 251.0, 0.0 ]
[ 616.0, 251.0, 0.0 ]
[ 631.0, 253.0, 0.0 ]
[ 641.0, 256.0, 0.0 ]
[ 645.0, 260.0, 0.0 ]
[ 650.0, 245.0, 0.0 ]
[ 654.0, 232.0, 0.0 ]
[ 663.0, 216.0, 0.0 ]
[ 668.0, 204.0, 0.0 ]
[ 669.0, 201.0, 0.0 ]
[ 659.0, 200.0, 0.0 ]
[ 619.0, 197.0, 0.0 ]
[ 606.0, 197.0, 0.0 ]
[ 586.0, 197.0, 0.0 ]
[ 582.0, 197.0, 0.0 ]
[ 574.0, 197.0, 0.0 ]
[ 567.0, 196.0, 0.0 ]
[ 576.0, 209.0, 0.0 ]
[ 572.0, 217.0, 0.0 ]
[ 567.0, 229.0, 0.0 ]
[ 560.0, 242.0, 0.0 ]
[ 590.0, 217.0, 0.0 ]
[ 585.0, 234.0, 0.0 ]
[ 605.0, 220.0, 0.0 ]
[ 598.0, 241.0, 0.0 ]
[ 629.0, 226.0, 0.0 ]
[ 648.0, 216.0, 0.0 ]
[ 641.0, 233.0, 0.0 ]
[ 585.0, 256.0, 0.0 ]
[ 567.0, 257.0, 0.0 ]
[ 553.0, 254.0, 0.0 ]
[ 602.0, 257.0, 0.0 ]
[ 622.0, 256.0, 0.0 ]
[ 635.0, 258.0, 0.0 ]
[ 640.0, 198.0, 0.0 ]
[ 156.0, 547.0, 0.0 ]
[ 155.0, 552.0, 0.0 ]
[ 159.0, 561.0, 0.0 ]
[ 170.0, 574.0, 0.0 ]
[ 183.0, 581.0, 0.0 ]
[ 196.0, 587.0, 0.0 ]
[ 218.0, 594.0, 0.0 ]
[ 236.0, 597.0, 0.0 ]
[ 161.0, 550.0, 0.0 ]
[ 164.0, 553.0, 0.0 ]
[ 167.0, 554.0, 0.0 ]
[ 169.0, 561.0, 0.0 ]
[ 170.0, 566.0, 0.0 ]
[ 182.0, 569.0, 0.0 ]
[ 186.0, 576.0, 0.0 ]
[ 190.0, 577.0, 0.0 ]
[ 196.0, 581.0, 0.0 ]
[ 218.0, 590.0, 0.0 ]
[ 234.0, 590.0, 0.0 ]
[ 258.0, 592.0, 0.0 ]
[ 279.0, 595.0, 0.0 ]
[ 304.0, 596.0, 0.0 ]
[ 322.0, 597.0, 0.0 ]
[ 346.0, 600.0, 0.0 ]
[ 359.0, 600.0, 0.0 ]
[ 384.0, 602.0, 0.0 ]
[ 406.0, 604.0, 0.0 ]
[ 433.0, 608.0, 0.0 ]
[ 455.0, 611.0, 0.0 ]
[ 475.0, 614.0, 0.0 ]
[ 520.0, 616.0, 0.0 ]
[ 520.0, 613.0, 0.0 ]
[ 535.0, 613.0, 0.0 ]
[ 542.0, 597.0, 0.0 ]
[ 551.0, 575.0, 0.0 ]
[ 560.0, 552.0, 0.0 ]
[ 572.0, 525.0, 0.0 ]
[ 581.0, 500.0, 0.0 ]
[ 589.0, 475.0, 0.0 ]
[ 614.0, 409.0, 0.0 ]
[ 607.0, 435.0, 0.0 ]
[ 599.0, 454.0, 0.0 ]
[ 620.0, 394.0, 0.0 ]
[ 629.0, 373.0, 0.0 ]
[ 634.0, 358.0, 0.0 ]
[ 642.0, 342.0, 0.0 ]
[ 645.0, 330.0, 0.0 ]
[ 652.0, 322.0, 0.0 ]
[ 659.0, 305.0, 0.0 ]
[ 667.0, 287.0, 0.0 ]
[ 677.0, 268.0, 0.0 ]
[ 687.0, 251.0, 0.0 ]
[ 693.0, 235.0, 0.0 ]
[ 701.0, 212.0, 0.0 ]
[ 709.0, 194.0, 0.0 ]
[ 717.0, 182.0, 0.0 ]
[ 723.0, 168.0, 0.0 ]
[ 730.0, 155.0, 0.0 ]
[ 732.0, 148.0, 0.0 ]
[ 720.0, 144.0, 0.0 ]
[ 714.0, 145.0, 0.0 ]
[ 705.0, 142.0, 0.0 ]
[ 695.0, 140.0, 0.0 ]
[ 694.0, 150.0, 0.0 ]
[ 690.0, 162.0, 0.0 ]
[ 688.0, 165.0, 0.0 ]
[ 689.0, 140.0, 0.0 ]
[ 684.0, 151.0, 0.0 ]
[ 683.0, 159.0, 0.0 ]
[ 679.0, 170.0, 0.0 ]
[ 670.0, 189.0, 0.0 ]
[ 667.0, 198.0, 0.0 ]
[ 673.0, 181.0, 0.0 ]
[ 669.0, 179.0, 0.0 ]
[ 677.0, 166.0, 0.0 ]
[ 680.0, 158.0, 0.0 ]
[ 684.0, 147.0, 0.0 ]
[ 688.0, 131.0, 0.0 ]
[ 692.0, 123.0, 0.0 ]
[ 696.0, 113.0, 0.0 ]
[ 698.0, 107.0, 0.0 ]
[ 680.0, 105.0, 0.0 ]
[ 663.0, 105.0, 0.0 ]
[ 645.0, 105.0, 0.0 ]
[ 604.0, 106.0, 0.0 ]
[ 624.0, 104.0, 0.0 ]
[ 698.0, 120.0, 0.0 ]
[ 692.0, 133.0, 0.0 ]
[ 713.0, 149.0, 0.0 ]
[ 709.0, 160.0, 0.0 ]
[ 703.0, 173.0, 0.0 ]
[ 698.0, 169.0, 0.0 ]
[ 689.0, 169.0, 0.0 ]
[ 641.0, 257.0, 0.0 ]
[ 633.0, 272.0, 0.0 ]
[ 624.0, 294.0, 0.0 ]
[ 617.0, 307.0, 0.0 ]
[ 606.0, 329.0, 0.0 ]
[ 597.0, 351.0, 0.0 ]
[ 589.0, 370.0, 0.0 ]
[ 578.0, 394.0, 0.0 ]
[ 567.0, 412.0, 0.0 ]
[ 557.0, 438.0, 0.0 ]
[ 548.0, 462.0, 0.0 ]
[ 540.0, 483.0, 0.0 ]
[ 531.0, 502.0, 0.0 ]
[ 522.0, 521.0, 0.0 ]
[ 517.0, 534.0, 0.0 ]
[ 510.0, 551.0, 0.0 ]
[ 504.0, 569.0, 0.0 ]
[ 499.0, 577.0, 0.0 ]
[ 494.0, 580.0, 0.0 ]
[ 482.0, 582.0, 0.0 ]
[ 463.0, 580.0, 0.0 ]
[ 446.0, 580.0, 0.0 ]
[ 433.0, 577.0, 0.0 ]
[ 424.0, 574.0, 0.0 ]
[ 415.0, 574.0, 0.0 ]
[ 419.0, 572.0, 0.0 ]
[ 426.0, 571.0, 0.0 ]
[ 435.0, 575.0, 0.0 ]
[ 452.0, 576.0, 0.0 ]
[ 469.0, 577.0, 0.0 ]
[ 482.0, 579.0, 0.0 ]
[ 490.0, 578.0, 0.0 ]
[ 499.0, 574.0, 0.0 ]
[ 504.0, 557.0, 0.0 ]
[ 512.0, 540.0, 0.0 ]
[ 520.0, 519.0, 0.0 ]
[ 525.0, 505.0, 0.0 ]
[ 533.0, 490.0, 0.0 ]
[ 536.0, 478.0, 0.0 ]
[ 542.0, 468.0, 0.0 ]
[ 548.0, 455.0, 0.0 ]
[ 552.0, 444.0, 0.0 ]
[ 559.0, 426.0, 0.0 ]
[ 568.0, 410.0, 0.0 ]
[ 573.0, 395.0, 0.0 ]
[ 577.0, 385.0, 0.0 ]
[ 583.0, 376.0, 0.0 ]
[ 590.0, 360.0, 0.0 ]
[ 595.0, 349.0, 0.0 ]
[ 601.0, 334.0, 0.0 ]
[ 609.0, 323.0, 0.0 ]
[ 613.0, 314.0, 0.0 ]
[ 616.0, 305.0, 0.0 ]
[ 601.0, 305.0, 0.0 ]
[ 582.0, 302.0, 0.0 ]
[ 569.0, 302.0, 0.0 ]
[ 553.0, 302.0, 0.0 ]
[ 532.0, 297.0, 0.0 ]
[ 524.0, 298.0, 0.0 ]
[ 535.0, 292.0, 0.0 ]
[ 549.0, 292.0, 0.0 ]
[ 568.0, 296.0, 0.0 ]
[ 577.0, 296.0, 0.0 ]
[ 590.0, 296.0, 0.0 ]
[ 600.0, 298.0, 0.0 ]
[ 617.0, 301.0, 0.0 ]
[ 624.0, 305.0, 0.0 ]
[ 634.0, 307.0, 0.0 ]
[ 641.0, 311.0, 0.0 ]
[ 652.0, 318.0, 0.0 ]
[ 652.0, 322.0, 0.0 ]
[ 647.0, 326.0, 0.0 ]
[ 646.0, 321.0, 0.0 ]
[ 636.0, 316.0, 0.0 ]
[ 629.0, 313.0, 0.0 ]
[ 625.0, 313.0, 0.0 ]
[ 622.0, 312.0, 0.0 ]
[ 616.0, 322.0, 0.0 ]
[ 613.0, 335.0, 0.0 ]
[ 607.0, 348.0, 0.0 ]
[ 598.0, 369.0, 0.0 ]
[ 591.0, 387.0, 0.0 ]
[ 586.0, 402.0, 0.0 ]
[ 578.0, 421.0, 0.0 ]
[ 574.0, 438.0, 0.0 ]
[ 566.0, 459.0, 0.0 ]
[ 551.0, 490.0, 0.0 ]
[ 547.0, 504.0, 0.0 ]
[ 540.0, 520.0, 0.0 ]
[ 535.0, 534.0, 0.0 ]
[ 529.0, 550.0, 0.0 ]
[ 522.0, 561.0, 0.0 ]
[ 518.0, 575.0, 0.0 ]
[ 511.0, 588.0, 0.0 ]
[ 507.0, 593.0, 0.0 ]
[ 561.0, 471.0, 0.0 ]
[ 554.0, 478.0, 0.0 ]
[ 557.0, 483.0, 0.0 ]
[ 561.0, 466.0, 0.0 ]
[ 566.0, 454.0, 0.0 ]
[ 577.0, 420.0, 0.0 ]
[ 585.0, 418.0, 0.0 ]
[ 596.0, 420.0, 0.0 ]
[ 604.0, 424.0, 0.0 ]
[ 603.0, 430.0, 0.0 ]
[ 598.0, 440.0, 0.0 ]
[ 592.0, 449.0, 0.0 ]
[ 580.0, 456.0, 0.0 ]
[ 578.0, 454.0, 0.0 ]
[ 576.0, 449.0, 0.0 ]
[ 584.0, 449.0, 0.0 ]
[ 583.0, 429.0, 0.0 ]
[ 582.0, 439.0, 0.0 ]
[ 588.0, 440.0, 0.0 ]
[ 592.0, 432.0, 0.0 ]
[ 549.0, 257.0, 0.0 ]
[ 545.0, 262.0, 0.0 ]
[ 538.0, 278.0, 0.0 ]
[ 534.0, 286.0, 0.0 ]
[ 523.0, 308.0, 0.0 ]
[ 515.0, 319.0, 0.0 ]
[ 511.0, 334.0, 0.0 ]
[ 509.0, 343.0, 0.0 ]
[ 504.0, 360.0, 0.0 ]
[ 502.0, 372.0, 0.0 ]
[ 495.0, 384.0, 0.0 ]
[ 494.0, 394.0, 0.0 ]
[ 489.0, 406.0, 0.0 ]
[ 486.0, 417.0, 0.0 ]
[ 481.0, 428.0, 0.0 ]
[ 478.0, 441.0, 0.0 ]
[ 470.0, 459.0, 0.0 ]
[ 465.0, 471.0, 0.0 ]
[ 465.0, 459.0, 0.0 ]
[ 451.0, 561.0, 0.0 ]
[ 438.0, 551.0, 0.0 ]
[ 433.0, 558.0, 0.0 ]
[ 427.0, 566.0, 0.0 ]
[ 428.0, 555.0, 0.0 ]
[ 483.0, 560.0, 0.0 ]
[ 455.0, 538.0, 0.0 ]
[ 486.0, 540.0, 0.0 ]
[ 496.0, 515.0, 0.0 ]
[ 515.0, 476.0, 0.0 ]
[ 529.0, 437.0, 0.0 ]
[ 547.0, 396.0, 0.0 ]
[ 559.0, 363.0, 0.0 ]
[ 574.0, 334.0, 0.0 ]
[ 582.0, 312.0, 0.0 ]
[ 552.0, 313.0, 0.0 ]
[ 535.0, 348.0, 0.0 ]
[ 516.0, 384.0, 0.0 ]
[ 499.0, 431.0, 0.0 ]
[ 486.0, 470.0, 0.0 ]
[ 472.0, 506.0, 0.0 ]
[ 521.0, 327.0, 0.0 ]
[ 517.0, 337.0, 0.0 ]
[ 571.0, 273.0, 0.0 ]
[ 604.0, 279.0, 0.0 ]
[ 635.0, 269.0, 0.0 ]
[ 630.0, 277.0, 0.0 ]
[ 625.0, 292.0, 0.0 ]
[ 629.0, 299.0, 0.0 ]
[ 632.0, 287.0, 0.0 ]
[ 637.0, 280.0, 0.0 ]
[ 639.0, 272.0, 0.0 ]
[ 642.0, 267.0, 0.0 ]
[ 678.0, 124.0, 0.0 ]
[ 669.0, 150.0, 0.0 ]
[ 655.0, 180.0, 0.0 ]
[ 627.0, 180.0, 0.0 ]
[ 603.0, 176.0, 0.0 ]
[ 587.0, 180.0, 0.0 ]
[ 593.0, 164.0, 0.0 ]
[ 600.0, 144.0, 0.0 ]
[ 605.0, 126.0, 0.0 ]
[ 612.0, 112.0, 0.0 ]
[ 641.0, 124.0, 0.0 ]
[ 630.0, 151.0, 0.0 ]
[ 180.0, 559.0, 0.0 ]
[ 201.0, 559.0, 0.0 ]
[ 223.0, 562.0, 0.0 ]
[ 248.0, 565.0, 0.0 ]
[ 270.0, 570.0, 0.0 ]
[ 296.0, 573.0, 0.0 ]
[ 315.0, 576.0, 0.0 ]
[ 372.0, 583.0, 0.0 ]
[ 368.0, 582.0, 0.0 ]
[ 339.0, 580.0, 0.0 ]
[ 397.0, 585.0, 0.0 ]
[ 417.0, 587.0, 0.0 ]
[ 441.0, 589.0, 0.0 ]
[ 462.0, 591.0, 0.0 ]
[ 478.0, 593.0, 0.0 ]
[ 496.0, 594.0, 0.0 ]
[ 506.0, 592.0, 0.0 ]
[ 505.0, 596.0, 0.0 ]
[ 497.0, 600.0, 0.0 ]
[ 484.0, 600.0, 0.0 ]
[ 471.0, 600.0, 0.0 ]
[ 452.0, 597.0, 0.0 ]
[ 435.0, 596.0, 0.0 ]
[ 435.0, 589.0, 0.0 ]
[ 423.0, 594.0, 0.0 ]
[ 408.0, 593.0, 0.0 ]
[ 393.0, 590.0, 0.0 ]
[ 374.0, 590.0, 0.0 ]
[ 364.0, 587.0, 0.0 ]
[ 359.0, 583.0, 0.0 ]
[ 354.0, 587.0, 0.0 ]
[ 340.0, 585.0, 0.0 ]
[ 324.0, 582.0, 0.0 ]
[ 327.0, 578.0, 0.0 ]
[ 317.0, 579.0, 0.0 ]
[ 306.0, 579.0, 0.0 ]
[ 306.0, 574.0, 0.0 ]
[ 292.0, 576.0, 0.0 ]
[ 284.0, 576.0, 0.0 ]
[ 283.0, 571.0, 0.0 ]
[ 274.0, 572.0, 0.0 ]
[ 260.0, 575.0, 0.0 ]
[ 263.0, 567.0, 0.0 ]
[ 247.0, 570.0, 0.0 ]
[ 235.0, 570.0, 0.0 ]
[ 224.0, 567.0, 0.0 ]
[ 212.0, 564.0, 0.0 ]
[ 201.0, 563.0, 0.0 ]
[ 193.0, 560.0, 0.0 ]
[ 207.0, 563.0, 0.0 ]
[ 226.0, 565.0, 0.0 ]
[ 234.0, 566.0, 0.0 ]
[ 166.0, 549.0, 0.0 ]
[ 185.0, 552.0, 0.0 ]
[ 197.0, 552.0, 0.0 ]
[ 207.0, 552.0, 0.0 ]
[ 264.0, 562.0, 0.0 ]
[ 403.0, 573.0, 0.0 ]
[ 388.0, 571.0, 0.0 ]
[ 377.0, 569.0, 0.0 ]
[ 402.0, 569.0, 0.0 ]
[ 344.0, 564.0, 0.0 ]
[ 362.0, 567.0, 0.0 ]
[ 272.0, 551.0, 0.0 ]
[ 219.0, 556.0, 0.0 ]
[ 235.0, 560.0, 0.0 ]
[ 249.0, 561.0, 0.0 ]
[ 217.0, 547.0, 0.0 ]
[ 279.0, 564.0, 0.0 ]
[ 293.0, 566.0, 0.0 ]
[ 309.0, 569.0, 0.0 ]
[ 332.0, 571.0, 0.0 ]
[ 320.0, 570.0, 0.0 ]
[ 324.0, 561.0, 0.0 ]
[ 349.0, 574.0, 0.0 ]
[ 367.0, 576.0, 0.0 ]
[ 387.0, 578.0, 0.0 ]
[ 402.0, 581.0, 0.0 ]
[ 418.0, 583.0, 0.0 ]
[ 432.0, 583.0, 0.0 ]
[ 459.0, 585.0, 0.0 ]
[ 474.0, 587.0, 0.0 ]
[ 490.0, 588.0, 0.0 ]
[ 500.0, 581.0, 0.0 ]
[ 500.0, 588.0, 0.0 ]
[ 194.0, 574.0, 0.0 ]
[ 204.0, 578.0, 0.0 ]
[ 221.0, 582.0, 0.0 ]
[ 247.0, 585.0, 0.0 ]
[ 270.0, 589.0, 0.0 ]
[ 234.0, 583.0, 0.0 ]
[ 291.0, 590.0, 0.0 ]
[ 316.0, 592.0, 0.0 ]
[ 515.0, 597.0, 0.0 ]
[ 525.0, 585.0, 0.0 ]
[ 531.0, 570.0, 0.0 ]
[ 544.0, 542.0, 0.0 ]
[ 517.0, 586.0, 0.0 ]
[ 509.0, 595.0, 0.0 ]
[ 524.0, 570.0, 0.0 ]
[ 530.0, 558.0, 0.0 ]
[ 536.0, 545.0, 0.0 ]
[ 543.0, 531.0, 0.0 ]
[ 551.0, 515.0, 0.0 ]
[ 557.0, 499.0, 0.0 ]
[ 562.0, 486.0, 0.0 ]
[ 568.0, 472.0, 0.0 ]
[ 575.0, 461.0, 0.0 ]
[ 571.0, 491.0, 0.0 ]
[ 577.0, 473.0, 0.0 ]
[ 560.0, 509.0, 0.0 ]
[ 552.0, 526.0, 0.0 ]
[ 532.0, 593.0, 0.0 ]
[ 508.0, 602.0, 0.0 ]
[ 524.0, 604.0, 0.0 ]
[ 533.0, 605.0, 0.0 ]
[ 536.0, 592.0, 0.0 ]
[ 543.0, 582.0, 0.0 ]
[ 570.0, 516.0, 0.0 ]
[ 564.0, 525.0, 0.0 ]
[ 557.0, 541.0, 0.0 ]
[ 554.0, 555.0, 0.0 ]
[ 548.0, 567.0, 0.0 ]
[ 562.0, 538.0, 0.0 ]
[ 568.0, 525.0, 0.0 ]
[ 592.0, 466.0, 0.0 ]
[ 586.0, 477.0, 0.0 ]
[ 595.0, 462.0, 0.0 ]
[ 604.0, 441.0, 0.0 ]
[ 696.0, 187.0, 0.0 ]
[ 690.0, 205.0, 0.0 ]
[ 683.0, 218.0, 0.0 ]
[ 673.0, 236.0, 0.0 ]
[ 668.0, 252.0, 0.0 ]
[ 660.0, 269.0, 0.0 ]
[ 654.0, 287.0, 0.0 ]
[ 647.0, 301.0, 0.0 ]
[ 683.0, 192.0, 0.0 ]
[ 681.0, 181.0, 0.0 ]
[ 676.0, 191.0, 0.0 ]
[ 690.0, 178.0, 0.0 ]
[ 685.0, 176.0, 0.0 ]
[ 677.0, 208.0, 0.0 ]
[ 667.0, 231.0, 0.0 ]
[ 656.0, 255.0, 0.0 ]
[ 648.0, 278.0, 0.0 ]
[ 640.0, 294.0, 0.0 ]
[ 598.0, 410.0, 0.0 ]
[ 606.0, 388.0, 0.0 ]
[ 613.0, 370.0, 0.0 ]
[ 626.0, 342.0, 0.0 ]
[ 629.0, 328.0, 0.0 ]
[ 636.0, 327.0, 0.0 ]
[ 633.0, 335.0, 0.0 ]
[ 625.0, 328.0, 0.0 ]
[ 627.0, 321.0, 0.0 ]
[ 634.0, 322.0, 0.0 ]
[ 557.0, 596.0, 0.0 ]
[ 565.0, 578.0, 0.0 ]
[ 574.0, 556.0, 0.0 ]
[ 581.0, 538.0, 0.0 ]
[ 590.0, 518.0, 0.0 ]
[ 597.0, 497.0, 0.0 ]
[ 605.0, 479.0, 0.0 ]
[ 613.0, 458.0, 0.0 ]
[ 619.0, 438.0, 0.0 ]
[ 625.0, 421.0, 0.0 ]
[ 631.0, 401.0, 0.0 ]
[ 639.0, 380.0, 0.0 ]
[ 644.0, 362.0, 0.0 ]
[ 647.0, 351.0, 0.0 ]
[ 653.0, 346.0, 0.0 ]
[ 650.0, 336.0, 0.0 ]
[ 651.0, 334.0, 0.0 ]
[ 656.0, 329.0, 0.0 ]
[ 665.0, 315.0, 0.0 ]
[ 673.0, 296.0, 0.0 ]
[ 681.0, 281.0, 0.0 ]
[ 691.0, 257.0, 0.0 ]
[ 698.0, 232.0, 0.0 ]
[ 704.0, 219.0, 0.0 ]
[ 710.0, 201.0, 0.0 ]
[ 714.0, 190.0, 0.0 ]
[ 572.0, 505.0, 0.0 ]
[ 578.0, 492.0, 0.0 ]
[ 29.0, 332.0, 0.0 ]
[ 250.0, 540.0, 0.0 ]
[ 315.0, 524.0, 0.0 ]
[ 181.0, 498.0, 0.0 ]
[ 189.0, 499.0, 0.0 ]
[ 139.0, 492.0, 0.0 ]
[ 149.0, 494.0, 0.0 ]
[ 160.0, 495.0, 0.0 ]
[ 305.0, 325.0, 0.0 ]
[ 307.0, 322.0, 0.0 ]
[ 328.0, 333.0, 0.0 ]
[ 354.0, 266.0, 0.0 ]
[ 340.0, 284.0, 0.0 ]
[ 325.0, 306.0, 0.0 ]
[ 355.0, 295.0, 0.0 ]
[ 365.0, 281.0, 0.0 ]
[ 527.0, 249.0, 0.0 ]
[ 468.0, 392.0, 0.0 ]
[ 455.0, 417.0, 0.0 ]
[ 442.0, 447.0, 0.0 ]
[ 433.0, 467.0, 0.0 ]
[ 426.0, 481.0, 0.0 ]
[ 418.0, 497.0, 0.0 ]
[ 411.0, 515.0, 0.0 ]
[ 402.0, 541.0, 0.0 ]
[ 412.0, 410.0, 0.0 ]
[ 398.0, 483.0, 0.0 ]
[ 400.0, 471.0, 0.0 ]
[ 238.0, 589.0, 0.0 ]
[ 230.0, 585.0, 0.0 ]
[ 214.0, 585.0, 0.0 ]
[ 277.0, 591.0, 0.0 ]
[ 258.0, 590.0, 0.0 ]
[ 249.0, 590.0, 0.0 ]
[ 307.0, 595.0, 0.0 ]
[ 288.0, 594.0, 0.0 ]
[ 312.0, 598.0, 0.0 ]
[ 271.0, 595.0, 0.0 ]
[ 228.0, 590.0, 0.0 ]
[ 208.0, 586.0, 0.0 ]
[ 374.0, 602.0, 0.0 ]
[ 397.0, 605.0, 0.0 ]
[ 419.0, 605.0, 0.0 ]
[ 437.0, 609.0, 0.0 ]
[ 454.0, 611.0, 0.0 ]
[ 474.0, 613.0, 0.0 ]
[ 487.0, 615.0, 0.0 ]
[ 509.0, 618.0, 0.0 ]
[ 522.0, 617.0, 0.0 ]
[ 533.0, 602.0, 0.0 ]
[ 576.0, 515.0, 0.0 ]
[ 568.0, 528.0, 0.0 ]
[ 583.0, 491.0, 0.0 ]
[ 558.0, 504.0, 0.0 ]
[ 546.0, 527.0, 0.0 ]
[ 538.0, 541.0, 0.0 ]
[ 525.0, 566.0, 0.0 ]
[ 624.0, 582.0, 0.0 ]
[ 558.0, 642.0, 0.0 ]
[ 504.0, 617.0, 0.0 ]
[ 817.0, 560.0, 0.0 ]
[ 586.0, 345.0, 0.0 ]
[ 578.0, 366.0, 0.0 ]
[ 585.0, 371.0, 0.0 ]
[ 577.0, 387.0, 0.0 ]
[ 566.0, 396.0, 0.0 ]
[ 553.0, 415.0, 0.0 ]
[ 542.0, 441.0, 0.0 ]
[ 532.0, 459.0, 0.0 ]
[ 719.0, 155.0, 0.0 ]
[ 691.0, 38.0, 0.0 ]
[ 698.0, 126.0, 0.0 ]
[ 488.0, 389.0, 0.0 ]
[ 481.0, 409.0, 0.0 ]
[ 478.0, 411.0, 0.0 ]
[ 471.0, 434.0, 0.0 ]
[ 469.0, 443.0, 0.0 ]
[ 438.0, 533.0, 0.0 ]
[ 422.0, 560.0, 0.0 ]
[ 497.0, 359.0, 0.0 ]
[ 501.0, 340.0, 0.0 ]
[ 505.0, 320.0, 0.0 ]
[ 527.0, 271.0, 0.0 ]
[ 525.0, 279.0, 0.0 ]
[ 538.0, 252.0, 0.0 ]
[ 706.0, 122.0, 0.0 ]
[ 709.0, 135.0, 0.0 ]
[ 864.0, 226.0, 0.0 ]
[ 858.0, 72.0, 0.0 ]
[ 114.0, 381.0, 0.0 ]
[ 604.0, 255.0, 0.0 ]
[ 622.0, 256.0, 0.0 ]
[ 623.0, 253.0, 0.0 ]
[ 621.0, 254.0, 0.0 ]
[ 515.0, 615.0, 0.0 ]
[ 506.0, 615.0, 0.0 ]
[ 218.0, 589.0, 0.0 ]
[ 224.0, 558.0, 0.0 ]
[ 339.0, 572.0, 0.0 ]
[ 351.0, 572.0, 0.0 ]
[ 373.0, 575.0, 0.0 ]
[ 390.0, 580.0, 0.0 ]
[ 403.0, 580.0, 0.0 ]
[ 442.0, 582.0, 0.0 ]
[ 349.0, 585.0, 0.0 ]
[ 367.0, 585.0, 0.0 ]
[ 387.0, 586.0, 0.0 ]
[ 399.0, 587.0, 0.0 ]
[ 417.0, 591.0, 0.0 ]
[ 441.0, 592.0, 0.0 ]
[ 405.0, 588.0, 0.0 ]
[ 366.0, 532.0, 0.0 ]
[ 526.0, 519.0, 0.0 ]
[ 461.0, 370.0, 0.0 ]
[ 476.0, 332.0, 0.0 ]
[ 417.0, 463.0, 0.0 ]
[ 200.0, 584.0, 0.0 ]
[ 623.0, 356.0, 0.0 ]
[ 618.0, 373.0, 0.0 ]
[ 612.0, 389.0, 0.0 ]
[ 649.0, 304.0, 0.0 ]
[ 680.0, 172.0, 0.0 ]
[ 676.0, 180.0, 0.0 ]
[ 698.0, 220.0, 0.0 ]
[ 707.0, 199.0, 0.0 ]
[ 711.0, 186.0, 0.0 ]
[ 416.0, 567.0, 0.0 ]
[ 469.0, 398.0, 0.0 ]
[ 466.0, 386.0, 0.0 ]
[ 469.0, 358.0, 0.0 ]
[ 452.0, 408.0, 0.0 ]
[ 463.0, 377.0, 0.0 ]
[ 12.0, 378.0, 0.0 ]
