600 420
[ 0.0, 0.0, 0.0 ]
[ 600.0, 0.0, 0.0 ]
[ 600.0, 420.0, 0.0 ]
[ 0.0, 420.0, 0.0 ]
[ 70.0, 178.0, 0.0 ]
[ 90.0, 172.0, 0.0 ]
[ 58.0, 158.0, 0.0 ]
[ 91.0, 159.0, 0.0 ]
[ 89.0, 137.0, 0.0 ]
[ 55.0, 141.0, 0.0 ]
[ 55.0, 117.0, 0.0 ]
[ 92.0, 111.0, 0.0 ]
[ 90.0, 120.0, 0.0 ]
[ 103.0, 133.0, 0.0 ]
[ 140.0, 126.0, 0.0 ]
[ 114.0, 155.0, 0.0 ]
[ 130.0, 152.0, 0.0 ]
[ 122.0, 159.0, 0.0 ]
[ 53.0, 93.0, 0.0 ]
[ 110.0, 85.0, 0.0 ]
[ 93.0, 63.0, 0.0 ]
[ 58.0, 69.0, 0.0 ]
[ 73.0, 52.0, 0.0 ]
[ 82.0, 89.0, 0.0 ]
[ 76.0, 64.0, 0.0 ]
[ 120.0, 106.0, 0.0 ]
[ 118.0, 86.0, 0.0 ]
[ 126.0, 80.0, 0.0 ]
[ 133.0, 60.0, 0.0 ]
[ 147.0, 46.0, 0.0 ]
[ 151.0, 56.0, 0.0 ]
[ 154.0, 81.0, 0.0 ]
[ 172.0, 77.0, 0.0 ]
[ 165.0, 53.0, 0.0 ]
[ 182.0, 99.0, 0.0 ]
[ 145.0, 104.0, 0.0 ]
[ 145.0, 112.0, 0.0 ]
[ 149.0, 128.0, 0.0 ]
[ 183.0, 124.0, 0.0 ]
[ 163.0, 103.0, 0.0 ]
[ 170.0, 125.0, 0.0 ]
[ 186.0, 147.0, 0.0 ]
[ 176.0, 168.0, 0.0 ]
[ 156.0, 150.0, 0.0 ]
[ 175.0, 149.0, 0.0 ]
[ 165.0, 165.0, 0.0 ]
[ 188.0, 161.0, 0.0 ]
[ 194.0, 127.0, 0.0 ]
[ 205.0, 105.0, 0.0 ]
[ 219.0, 89.0, 0.0 ]
[ 245.0, 83.0, 0.0 ]
[ 266.0, 94.0, 0.0 ]
[ 278.0, 111.0, 0.0 ]
[ 232.0, 108.0, 0.0 ]
[ 250.0, 108.0, 0.0 ]
[ 228.0, 118.0, 0.0 ]
[ 252.0, 122.0, 0.0 ]
[ 238.0, 121.0, 0.0 ]
[ 225.0, 131.0, 0.0 ]
[ 239.0, 132.0, 0.0 ]
[ 263.0, 134.0, 0.0 ]
[ 278.0, 129.0, 0.0 ]
[ 224.0, 142.0, 0.0 ]
[ 239.0, 153.0, 0.0 ]
[ 265.0, 143.0, 0.0 ]
[ 279.0, 148.0, 0.0 ]
[ 274.0, 158.0, 0.0 ]
[ 201.0, 153.0, 0.0 ]
[ 198.0, 141.0, 0.0 ]
[ 216.0, 164.0, 0.0 ]
[ 270.0, 167.0, 0.0 ]
[ 232.0, 172.0, 0.0 ]
[ 249.0, 174.0, 0.0 ]
[ 239.0, 163.0, 0.0 ]
[ 257.0, 154.0, 0.0 ]
[ 217.0, 151.0, 0.0 ]
[ 290.0, 70.0, 0.0 ]
[ 298.0, 63.0, 0.0 ]
[ 312.0, 69.0, 0.0 ]
[ 327.0, 58.0, 0.0 ]
[ 344.0, 62.0, 0.0 ]
[ 352.0, 74.0, 0.0 ]
[ 330.0, 81.0, 0.0 ]
[ 313.0, 86.0, 0.0 ]
[ 288.0, 82.0, 0.0 ]
[ 298.0, 115.0, 0.0 ]
[ 322.0, 110.0, 0.0 ]
[ 308.0, 138.0, 0.0 ]
[ 330.0, 130.0, 0.0 ]
[ 315.0, 149.0, 0.0 ]
[ 334.0, 142.0, 0.0 ]
[ 324.0, 150.0, 0.0 ]
[ 292.0, 93.0, 0.0 ]
[ 367.0, 88.0, 0.0 ]
[ 379.0, 85.0, 0.0 ]
[ 386.0, 92.0, 0.0 ]
[ 401.0, 86.0, 0.0 ]
[ 416.0, 93.0, 0.0 ]
[ 422.0, 102.0, 0.0 ]
[ 421.0, 112.0, 0.0 ]
[ 362.0, 109.0, 0.0 ]
[ 362.0, 94.0, 0.0 ]
[ 361.0, 100.0, 0.0 ]
[ 397.0, 110.0, 0.0 ]
[ 362.0, 119.0, 0.0 ]
[ 388.0, 121.0, 0.0 ]
[ 360.0, 135.0, 0.0 ]
[ 385.0, 132.0, 0.0 ]
[ 361.0, 158.0, 0.0 ]
[ 385.0, 159.0, 0.0 ]
[ 363.0, 170.0, 0.0 ]
[ 380.0, 170.0, 0.0 ]
[ 370.0, 175.0, 0.0 ]
[ 385.0, 111.0, 0.0 ]
[ 414.0, 111.0, 0.0 ]
[ 320.0, 94.0, 0.0 ]
[ 344.0, 78.0, 0.0 ]
[ 301.0, 90.0, 0.0 ]
[ 345.0, 83.0, 0.0 ]
[ 294.0, 106.0, 0.0 ]
[ 327.0, 85.0, 0.0 ]
[ 321.0, 85.0, 0.0 ]
[ 324.0, 88.0, 0.0 ]
[ 406.0, 115.0, 0.0 ]
[ 420.0, 117.0, 0.0 ]
[ 416.0, 118.0, 0.0 ]
[ 444.0, 112.0, 0.0 ]
[ 467.0, 114.0, 0.0 ]
[ 464.0, 87.0, 0.0 ]
[ 435.0, 87.0, 0.0 ]
[ 432.0, 71.0, 0.0 ]
[ 452.0, 68.0, 0.0 ]
[ 440.0, 64.0, 0.0 ]
[ 505.0, 71.0, 0.0 ]
[ 513.0, 84.0, 0.0 ]
[ 491.0, 78.0, 0.0 ]
[ 485.0, 91.0, 0.0 ]
[ 507.0, 97.0, 0.0 ]
[ 475.0, 115.0, 0.0 ]
[ 498.0, 119.0, 0.0 ]
[ 471.0, 126.0, 0.0 ]
[ 446.0, 125.0, 0.0 ]
[ 492.0, 133.0, 0.0 ]
[ 449.0, 135.0, 0.0 ]
[ 485.0, 142.0, 0.0 ]
[ 449.0, 151.0, 0.0 ]
[ 475.0, 153.0, 0.0 ]
[ 464.0, 153.0, 0.0 ]
[ 461.0, 162.0, 0.0 ]
[ 446.0, 160.0, 0.0 ]
[ 470.0, 166.0, 0.0 ]
[ 433.0, 157.0, 0.0 ]
[ 423.0, 169.0, 0.0 ]
[ 464.0, 177.0, 0.0 ]
[ 435.0, 184.0, 0.0 ]
[ 423.0, 157.0, 0.0 ]
[ 456.0, 182.0, 0.0 ]
[ 424.0, 182.0, 0.0 ]
[ 119.0, 198.0, 0.0 ]
[ 108.0, 212.0, 0.0 ]
[ 112.0, 204.0, 0.0 ]
[ 138.0, 199.0, 0.0 ]
[ 144.0, 209.0, 0.0 ]
[ 125.0, 237.0, 0.0 ]
[ 159.0, 231.0, 0.0 ]
[ 172.0, 231.0, 0.0 ]
[ 189.0, 207.0, 0.0 ]
[ 216.0, 203.0, 0.0 ]
[ 190.0, 197.0, 0.0 ]
[ 213.0, 195.0, 0.0 ]
[ 202.0, 192.0, 0.0 ]
[ 190.0, 255.0, 0.0 ]
[ 140.0, 257.0, 0.0 ]
[ 167.0, 249.0, 0.0 ]
[ 132.0, 247.0, 0.0 ]
[ 198.0, 244.0, 0.0 ]
[ 202.0, 273.0, 0.0 ]
[ 168.0, 284.0, 0.0 ]
[ 125.0, 283.0, 0.0 ]
[ 212.0, 282.0, 0.0 ]
[ 149.0, 284.0, 0.0 ]
[ 191.0, 282.0, 0.0 ]
[ 130.0, 306.0, 0.0 ]
[ 149.0, 305.0, 0.0 ]
[ 182.0, 305.0, 0.0 ]
[ 225.0, 300.0, 0.0 ]
[ 115.0, 304.0, 0.0 ]
[ 111.0, 313.0, 0.0 ]
[ 143.0, 319.0, 0.0 ]
[ 121.0, 326.0, 0.0 ]
[ 197.0, 317.0, 0.0 ]
[ 225.0, 309.0, 0.0 ]
[ 211.0, 320.0, 0.0 ]
[ 211.0, 227.0, 0.0 ]
[ 216.0, 215.0, 0.0 ]
[ 180.0, 221.0, 0.0 ]
[ 151.0, 220.0, 0.0 ]
[ 115.0, 223.0, 0.0 ]
[ 128.0, 209.0, 0.0 ]
[ 145.0, 231.0, 0.0 ]
[ 190.0, 229.0, 0.0 ]
[ 167.0, 260.0, 0.0 ]
[ 205.0, 303.0, 0.0 ]
[ 194.0, 317.0, 0.0 ]
[ 226.0, 312.0, 0.0 ]
[ 134.0, 271.0, 0.0 ]
[ 251.0, 312.0, 0.0 ]
[ 274.0, 310.0, 0.0 ]
[ 249.0, 291.0, 0.0 ]
[ 271.0, 288.0, 0.0 ]
[ 242.0, 270.0, 0.0 ]
[ 270.0, 264.0, 0.0 ]
[ 283.0, 264.0, 0.0 ]
[ 296.0, 263.0, 0.0 ]
[ 304.0, 261.0, 0.0 ]
[ 319.0, 260.0, 0.0 ]
[ 328.0, 259.0, 0.0 ]
[ 337.0, 258.0, 0.0 ]
[ 347.0, 255.0, 0.0 ]
[ 361.0, 256.0, 0.0 ]
[ 270.0, 288.0, 0.0 ]
[ 294.0, 287.0, 0.0 ]
[ 319.0, 282.0, 0.0 ]
[ 340.0, 280.0, 0.0 ]
[ 365.0, 280.0, 0.0 ]
[ 293.0, 271.0, 0.0 ]
[ 272.0, 272.0, 0.0 ]
[ 246.0, 277.0, 0.0 ]
[ 317.0, 269.0, 0.0 ]
[ 340.0, 267.0, 0.0 ]
[ 366.0, 263.0, 0.0 ]
[ 276.0, 308.0, 0.0 ]
[ 294.0, 310.0, 0.0 ]
[ 319.0, 305.0, 0.0 ]
[ 342.0, 302.0, 0.0 ]
[ 369.0, 302.0, 0.0 ]
[ 254.0, 327.0, 0.0 ]
[ 273.0, 322.0, 0.0 ]
[ 265.0, 328.0, 0.0 ]
[ 298.0, 320.0, 0.0 ]
[ 321.0, 319.0, 0.0 ]
[ 312.0, 324.0, 0.0 ]
[ 343.0, 315.0, 0.0 ]
[ 369.0, 315.0, 0.0 ]
[ 357.0, 321.0, 0.0 ]
[ 241.0, 249.0, 0.0 ]
[ 266.0, 249.0, 0.0 ]
[ 253.0, 242.0, 0.0 ]
[ 314.0, 246.0, 0.0 ]
[ 287.0, 239.0, 0.0 ]
[ 306.0, 241.0, 0.0 ]
[ 276.0, 244.0, 0.0 ]
[ 299.0, 239.0, 0.0 ]
[ 280.0, 254.0, 0.0 ]
[ 300.0, 252.0, 0.0 ]
[ 311.0, 231.0, 0.0 ]
[ 367.0, 233.0, 0.0 ]
[ 359.0, 215.0, 0.0 ]
[ 367.0, 218.0, 0.0 ]
[ 375.0, 218.0, 0.0 ]
[ 383.0, 223.0, 0.0 ]
[ 368.0, 223.0, 0.0 ]
[ 378.0, 228.0, 0.0 ]
[ 372.0, 232.0, 0.0 ]
[ 369.0, 205.0, 0.0 ]
[ 363.0, 194.0, 0.0 ]
[ 352.0, 205.0, 0.0 ]
[ 343.0, 197.0, 0.0 ]
[ 328.0, 200.0, 0.0 ]
[ 318.0, 208.0, 0.0 ]
[ 315.0, 220.0, 0.0 ]
[ 329.0, 225.0, 0.0 ]
[ 342.0, 226.0, 0.0 ]
[ 357.0, 229.0, 0.0 ]
[ 327.0, 241.0, 0.0 ]
[ 342.0, 240.0, 0.0 ]
[ 356.0, 242.0, 0.0 ]
[ 341.0, 191.0, 0.0 ]
[ 391.0, 231.0, 0.0 ]
[ 418.0, 232.0, 0.0 ]
[ 396.0, 240.0, 0.0 ]
[ 411.0, 241.0, 0.0 ]
[ 404.0, 242.0, 0.0 ]
[ 441.0, 236.0, 0.0 ]
[ 467.0, 239.0, 0.0 ]
[ 441.0, 244.0, 0.0 ]
[ 466.0, 248.0, 0.0 ]
[ 423.0, 248.0, 0.0 ]
[ 469.0, 256.0, 0.0 ]
[ 395.0, 255.0, 0.0 ]
[ 463.0, 264.0, 0.0 ]
[ 385.0, 264.0, 0.0 ]
[ 467.0, 275.0, 0.0 ]
[ 418.0, 265.0, 0.0 ]
[ 435.0, 268.0, 0.0 ]
[ 419.0, 257.0, 0.0 ]
[ 439.0, 258.0, 0.0 ]
[ 437.0, 209.0, 0.0 ]
[ 418.0, 210.0, 0.0 ]
[ 452.0, 216.0, 0.0 ]
[ 402.0, 220.0, 0.0 ]
[ 465.0, 225.0, 0.0 ]
[ 385.0, 276.0, 0.0 ]
[ 411.0, 279.0, 0.0 ]
[ 467.0, 287.0, 0.0 ]
[ 393.0, 287.0, 0.0 ]
[ 428.0, 297.0, 0.0 ]
[ 406.0, 300.0, 0.0 ]
[ 449.0, 296.0, 0.0 ]
[ 465.0, 295.0, 0.0 ]
[ 454.0, 302.0, 0.0 ]
[ 404.0, 234.0, 0.0 ]
[ 397.0, 242.0, 0.0 ]
[ 403.0, 248.0, 0.0 ]
[ 415.0, 250.0, 0.0 ]
[ 458.0, 263.0, 0.0 ]
[ 434.0, 246.0, 0.0 ]
[ 467.0, 248.0, 0.0 ]
[ 392.0, 255.0, 0.0 ]
[ 408.0, 259.0, 0.0 ]
[ 396.0, 240.0, 0.0 ]
[ 439.0, 293.0, 0.0 ]
[ 428.0, 298.0, 0.0 ]
[ 400.0, 295.0, 0.0 ]
[ 435.0, 281.0, 0.0 ]
[ 451.0, 285.0, 0.0 ]
[ 459.0, 286.0, 0.0 ]
[ 424.0, 282.0, 0.0 ]
[ 480.0, 273.0, 0.0 ]
[ 476.0, 262.0, 0.0 ]
[ 485.0, 251.0, 0.0 ]
[ 499.0, 239.0, 0.0 ]
[ 519.0, 236.0, 0.0 ]
[ 538.0, 241.0, 0.0 ]
[ 539.0, 254.0, 0.0 ]
[ 513.0, 261.0, 0.0 ]
[ 502.0, 265.0, 0.0 ]
[ 509.0, 274.0, 0.0 ]
[ 535.0, 274.0, 0.0 ]
[ 544.0, 277.0, 0.0 ]
[ 481.0, 281.0, 0.0 ]
[ 492.0, 289.0, 0.0 ]
[ 500.0, 292.0, 0.0 ]
[ 519.0, 295.0, 0.0 ]
[ 519.0, 302.0, 0.0 ]
[ 505.0, 302.0, 0.0 ]
[ 495.0, 296.0, 0.0 ]
[ 484.0, 304.0, 0.0 ]
[ 485.0, 316.0, 0.0 ]
[ 557.0, 303.0, 0.0 ]
[ 550.0, 286.0, 0.0 ]
[ 545.0, 313.0, 0.0 ]
[ 499.0, 325.0, 0.0 ]
[ 530.0, 328.0, 0.0 ]
[ 505.0, 307.0, 0.0 ]
[ 533.0, 262.0, 0.0 ]
[ 531.0, 256.0, 0.0 ]
