708 708
[ 0.0, 0.0, 0.0 ]
[ 708.0, 0.0, 0.0 ]
[ 708.0, 708.0, 0.0 ]
[ 0.0, 708.0, 0.0 ]
[ 328.0, 362.0, 0.0 ]
[ 295.0, 344.0, 0.0 ]
[ 255.0, 333.0, 0.0 ]
[ 219.0, 330.0, 0.0 ]
[ 184.0, 340.0, 0.0 ]
[ 149.0, 355.0, 0.0 ]
[ 123.0, 370.0, 0.0 ]
[ 99.0, 398.0, 0.0 ]
[ 84.0, 433.0, 0.0 ]
[ 82.0, 446.0, 0.0 ]
[ 86.0, 467.0, 0.0 ]
[ 94.0, 492.0, 0.0 ]
[ 102.0, 512.0, 0.0 ]
[ 120.0, 533.0, 0.0 ]
[ 147.0, 554.0, 0.0 ]
[ 175.0, 568.0, 0.0 ]
[ 206.0, 577.0, 0.0 ]
[ 239.0, 581.0, 0.0 ]
[ 268.0, 581.0, 0.0 ]
[ 278.0, 563.0, 0.0 ]
[ 289.0, 545.0, 0.0 ]
[ 299.0, 526.0, 0.0 ]
[ 321.0, 525.0, 0.0 ]
[ 350.0, 523.0, 0.0 ]
[ 374.0, 518.0, 0.0 ]
[ 387.0, 506.0, 0.0 ]
[ 398.0, 487.0, 0.0 ]
[ 394.0, 457.0, 0.0 ]
[ 386.0, 433.0, 0.0 ]
[ 373.0, 408.0, 0.0 ]
[ 354.0, 384.0, 0.0 ]
[ 78.0, 464.0, 0.0 ]
[ 83.0, 459.0, 0.0 ]
[ 83.0, 479.0, 0.0 ]
[ 85.0, 496.0, 0.0 ]
[ 89.0, 518.0, 0.0 ]
[ 98.0, 537.0, 0.0 ]
[ 110.0, 556.0, 0.0 ]
[ 126.0, 572.0, 0.0 ]
[ 145.0, 586.0, 0.0 ]
[ 168.0, 596.0, 0.0 ]
[ 198.0, 605.0, 0.0 ]
[ 225.0, 614.0, 0.0 ]
[ 254.0, 617.0, 0.0 ]
[ 280.0, 609.0, 0.0 ]
[ 292.0, 600.0, 0.0 ]
[ 317.0, 594.0, 0.0 ]
[ 341.0, 573.0, 0.0 ]
[ 359.0, 552.0, 0.0 ]
[ 377.0, 527.0, 0.0 ]
[ 219.0, 466.0, 0.0 ]
[ 206.0, 448.0, 0.0 ]
[ 204.0, 422.0, 0.0 ]
[ 212.0, 400.0, 0.0 ]
[ 236.0, 397.0, 0.0 ]
[ 262.0, 400.0, 0.0 ]
[ 286.0, 410.0, 0.0 ]
[ 305.0, 431.0, 0.0 ]
[ 318.0, 457.0, 0.0 ]
[ 330.0, 476.0, 0.0 ]
[ 327.0, 500.0, 0.0 ]
[ 313.0, 509.0, 0.0 ]
[ 288.0, 506.0, 0.0 ]
[ 263.0, 499.0, 0.0 ]
[ 240.0, 483.0, 0.0 ]
[ 392.0, 511.0, 0.0 ]
[ 407.0, 523.0, 0.0 ]
[ 434.0, 536.0, 0.0 ]
[ 462.0, 547.0, 0.0 ]
[ 499.0, 548.0, 0.0 ]
[ 530.0, 541.0, 0.0 ]
[ 560.0, 532.0, 0.0 ]
[ 586.0, 519.0, 0.0 ]
[ 610.0, 499.0, 0.0 ]
[ 626.0, 475.0, 0.0 ]
[ 645.0, 442.0, 0.0 ]
[ 654.0, 405.0, 0.0 ]
[ 655.0, 370.0, 0.0 ]
[ 646.0, 328.0, 0.0 ]
[ 634.0, 297.0, 0.0 ]
[ 617.0, 275.0, 0.0 ]
[ 593.0, 256.0, 0.0 ]
[ 558.0, 244.0, 0.0 ]
[ 529.0, 236.0, 0.0 ]
[ 506.0, 236.0, 0.0 ]
[ 496.0, 239.0, 0.0 ]
[ 491.0, 233.0, 0.0 ]
[ 481.0, 231.0, 0.0 ]
[ 477.0, 242.0, 0.0 ]
[ 474.0, 249.0, 0.0 ]
[ 454.0, 236.0, 0.0 ]
[ 431.0, 223.0, 0.0 ]
[ 409.0, 214.0, 0.0 ]
[ 395.0, 217.0, 0.0 ]
[ 379.0, 214.0, 0.0 ]
[ 364.0, 218.0, 0.0 ]
[ 347.0, 220.0, 0.0 ]
[ 336.0, 227.0, 0.0 ]
[ 316.0, 232.0, 0.0 ]
[ 303.0, 240.0, 0.0 ]
[ 279.0, 250.0, 0.0 ]
[ 263.0, 263.0, 0.0 ]
[ 250.0, 277.0, 0.0 ]
[ 264.0, 272.0, 0.0 ]
[ 284.0, 276.0, 0.0 ]
[ 300.0, 279.0, 0.0 ]
[ 325.0, 282.0, 0.0 ]
[ 346.0, 285.0, 0.0 ]
[ 362.0, 283.0, 0.0 ]
[ 384.0, 277.0, 0.0 ]
[ 408.0, 269.0, 0.0 ]
[ 432.0, 265.0, 0.0 ]
[ 454.0, 270.0, 0.0 ]
[ 481.0, 272.0, 0.0 ]
[ 486.0, 277.0, 0.0 ]
[ 494.0, 274.0, 0.0 ]
[ 499.0, 271.0, 0.0 ]
[ 481.0, 256.0, 0.0 ]
[ 483.0, 265.0, 0.0 ]
[ 497.0, 252.0, 0.0 ]
[ 498.0, 260.0, 0.0 ]
[ 483.0, 244.0, 0.0 ]
[ 487.0, 256.0, 0.0 ]
[ 488.0, 267.0, 0.0 ]
[ 471.0, 261.0, 0.0 ]
[ 449.0, 256.0, 0.0 ]
[ 432.0, 253.0, 0.0 ]
[ 411.0, 253.0, 0.0 ]
[ 388.0, 253.0, 0.0 ]
[ 369.0, 253.0, 0.0 ]
[ 341.0, 251.0, 0.0 ]
[ 320.0, 251.0, 0.0 ]
[ 297.0, 255.0, 0.0 ]
[ 277.0, 264.0, 0.0 ]
[ 399.0, 281.0, 0.0 ]
[ 428.0, 283.0, 0.0 ]
[ 448.0, 285.0, 0.0 ]
[ 468.0, 287.0, 0.0 ]
[ 511.0, 269.0, 0.0 ]
[ 534.0, 269.0, 0.0 ]
[ 560.0, 268.0, 0.0 ]
[ 493.0, 285.0, 0.0 ]
[ 507.0, 277.0, 0.0 ]
[ 528.0, 275.0, 0.0 ]
[ 376.0, 304.0, 0.0 ]
[ 348.0, 298.0, 0.0 ]
[ 335.0, 321.0, 0.0 ]
[ 330.0, 345.0, 0.0 ]
[ 365.0, 352.0, 0.0 ]
[ 450.0, 516.0, 0.0 ]
[ 506.0, 515.0, 0.0 ]
[ 550.0, 499.0, 0.0 ]
[ 590.0, 472.0, 0.0 ]
[ 609.0, 428.0, 0.0 ]
[ 562.0, 295.0, 0.0 ]
[ 529.0, 315.0, 0.0 ]
[ 489.0, 335.0, 0.0 ]
[ 529.0, 431.0, 0.0 ]
[ 578.0, 408.0, 0.0 ]
[ 583.0, 364.0, 0.0 ]
[ 571.0, 335.0, 0.0 ]
[ 533.0, 367.0, 0.0 ]
[ 236.0, 531.0, 0.0 ]
[ 268.0, 542.0, 0.0 ]
[ 235.0, 554.0, 0.0 ]
[ 219.0, 414.0, 0.0 ]
[ 218.0, 433.0, 0.0 ]
[ 223.0, 452.0, 0.0 ]
[ 235.0, 465.0, 0.0 ]
[ 246.0, 451.0, 0.0 ]
[ 263.0, 477.0, 0.0 ]
[ 282.0, 496.0, 0.0 ]
[ 260.0, 418.0, 0.0 ]
[ 280.0, 432.0, 0.0 ]
[ 297.0, 453.0, 0.0 ]
[ 306.0, 474.0, 0.0 ]
[ 272.0, 452.0, 0.0 ]
[ 282.0, 472.0, 0.0 ]
[ 432.0, 240.0, 0.0 ]
[ 398.0, 234.0, 0.0 ]
[ 369.0, 233.0, 0.0 ]
[ 337.0, 237.0, 0.0 ]
[ 319.0, 266.0, 0.0 ]
[ 355.0, 267.0, 0.0 ]
[ 419.0, 500.0, 0.0 ]
[ 408.0, 390.0, 0.0 ]
[ 447.0, 445.0, 0.0 ]
[ 490.0, 485.0, 0.0 ]
[ 547.0, 460.0, 0.0 ]
[ 416.0, 321.0, 0.0 ]
[ 609.0, 296.0, 0.0 ]
[ 628.0, 335.0, 0.0 ]
[ 627.0, 391.0, 0.0 ]
[ 578.0, 275.0, 0.0 ]
[ 528.0, 254.0, 0.0 ]
[ 334.0, 556.0, 0.0 ]
[ 312.0, 586.0, 0.0 ]
[ 295.0, 559.0, 0.0 ]
[ 297.0, 584.0, 0.0 ]
[ 238.0, 601.0, 0.0 ]
[ 201.0, 593.0, 0.0 ]
[ 154.0, 572.0, 0.0 ]
[ 172.0, 535.0, 0.0 ]
[ 209.0, 499.0, 0.0 ]
[ 242.0, 168.0, 0.0 ]
[ 150.0, 210.0, 0.0 ]
[ 111.0, 127.0, 0.0 ]
[ 227.0, 416.0, 0.0 ]
[ 291.0, 444.0, 0.0 ]
[ 456.0, 400.0, 0.0 ]
[ 316.0, 550.0, 0.0 ]
[ 317.0, 473.0, 0.0 ]
[ 312.0, 498.0, 0.0 ]
[ 314.0, 443.0, 0.0 ]
[ 323.0, 482.0, 0.0 ]
[ 296.0, 416.0, 0.0 ]
[ 251.0, 397.0, 0.0 ]
[ 276.0, 403.0, 0.0 ]
[ 240.0, 421.0, 0.0 ]
[ 254.0, 590.0, 0.0 ]
[ 312.0, 525.0, 0.0 ]
[ 333.0, 525.0, 0.0 ]
[ 362.0, 520.0, 0.0 ]
[ 263.0, 577.0, 0.0 ]
[ 187.0, 463.0, 0.0 ]
[ 123.0, 433.0, 0.0 ]
[ 126.0, 490.0, 0.0 ]
[ 164.0, 417.0, 0.0 ]
[ 0.0, 436.0, 0.0 ]
