747 708
[ 0.0, 0.0, 0.0 ]
[ 747.0, 0.0, 0.0 ]
[ 747.0, 708.0, 0.0 ]
[ 0.0, 708.0, 0.0 ]
[ 339.0, 47.0, 0.0 ]
[ 340.0, 75.0, 0.0 ]
[ 352.0, 71.0, 0.0 ]
[ 337.0, 104.0, 0.0 ]
[ 333.0, 123.0, 0.0 ]
[ 366.0, 95.0, 0.0 ]
[ 381.0, 120.0, 0.0 ]
[ 402.0, 151.0, 0.0 ]
[ 428.0, 171.0, 0.0 ]
[ 449.0, 189.0, 0.0 ]
[ 458.0, 197.0, 0.0 ]
[ 482.0, 206.0, 0.0 ]
[ 503.0, 220.0, 0.0 ]
[ 520.0, 233.0, 0.0 ]
[ 536.0, 254.0, 0.0 ]
[ 550.0, 266.0, 0.0 ]
[ 562.0, 282.0, 0.0 ]
[ 577.0, 299.0, 0.0 ]
[ 590.0, 322.0, 0.0 ]
[ 601.0, 342.0, 0.0 ]
[ 605.0, 368.0, 0.0 ]
[ 602.0, 395.0, 0.0 ]
[ 589.0, 411.0, 0.0 ]
[ 577.0, 429.0, 0.0 ]
[ 324.0, 144.0, 0.0 ]
[ 311.0, 160.0, 0.0 ]
[ 289.0, 180.0, 0.0 ]
[ 271.0, 203.0, 0.0 ]
[ 261.0, 215.0, 0.0 ]
[ 250.0, 236.0, 0.0 ]
[ 235.0, 248.0, 0.0 ]
[ 216.0, 259.0, 0.0 ]
[ 193.0, 271.0, 0.0 ]
[ 182.0, 284.0, 0.0 ]
[ 177.0, 300.0, 0.0 ]
[ 174.0, 312.0, 0.0 ]
[ 158.0, 318.0, 0.0 ]
[ 157.0, 330.0, 0.0 ]
[ 158.0, 344.0, 0.0 ]
[ 144.0, 359.0, 0.0 ]
[ 144.0, 370.0, 0.0 ]
[ 153.0, 385.0, 0.0 ]
[ 159.0, 395.0, 0.0 ]
[ 150.0, 407.0, 0.0 ]
[ 149.0, 423.0, 0.0 ]
[ 161.0, 436.0, 0.0 ]
[ 172.0, 443.0, 0.0 ]
[ 198.0, 446.0, 0.0 ]
[ 202.0, 463.0, 0.0 ]
[ 219.0, 474.0, 0.0 ]
[ 244.0, 478.0, 0.0 ]
[ 272.0, 478.0, 0.0 ]
[ 302.0, 478.0, 0.0 ]
[ 337.0, 474.0, 0.0 ]
[ 371.0, 468.0, 0.0 ]
[ 397.0, 468.0, 0.0 ]
[ 421.0, 480.0, 0.0 ]
[ 439.0, 477.0, 0.0 ]
[ 465.0, 464.0, 0.0 ]
[ 493.0, 455.0, 0.0 ]
[ 518.0, 458.0, 0.0 ]
[ 549.0, 447.0, 0.0 ]
[ 347.0, 92.0, 0.0 ]
[ 355.0, 122.0, 0.0 ]
[ 364.0, 157.0, 0.0 ]
[ 369.0, 196.0, 0.0 ]
[ 370.0, 227.0, 0.0 ]
[ 358.0, 256.0, 0.0 ]
[ 338.0, 286.0, 0.0 ]
[ 312.0, 310.0, 0.0 ]
[ 274.0, 328.0, 0.0 ]
[ 238.0, 343.0, 0.0 ]
[ 202.0, 350.0, 0.0 ]
[ 175.0, 348.0, 0.0 ]
[ 198.0, 305.0, 0.0 ]
[ 232.0, 292.0, 0.0 ]
[ 261.0, 278.0, 0.0 ]
[ 287.0, 260.0, 0.0 ]
[ 308.0, 238.0, 0.0 ]
[ 323.0, 214.0, 0.0 ]
[ 334.0, 184.0, 0.0 ]
[ 343.0, 149.0, 0.0 ]
[ 315.0, 174.0, 0.0 ]
[ 298.0, 194.0, 0.0 ]
[ 275.0, 217.0, 0.0 ]
[ 172.0, 404.0, 0.0 ]
[ 209.0, 402.0, 0.0 ]
[ 248.0, 394.0, 0.0 ]
[ 285.0, 383.0, 0.0 ]
[ 320.0, 367.0, 0.0 ]
[ 357.0, 346.0, 0.0 ]
[ 387.0, 322.0, 0.0 ]
[ 408.0, 291.0, 0.0 ]
[ 423.0, 253.0, 0.0 ]
[ 420.0, 218.0, 0.0 ]
[ 406.0, 192.0, 0.0 ]
[ 393.0, 162.0, 0.0 ]
[ 377.0, 132.0, 0.0 ]
[ 234.0, 448.0, 0.0 ]
[ 277.0, 438.0, 0.0 ]
[ 312.0, 429.0, 0.0 ]
[ 352.0, 416.0, 0.0 ]
[ 386.0, 399.0, 0.0 ]
[ 419.0, 376.0, 0.0 ]
[ 444.0, 351.0, 0.0 ]
[ 465.0, 321.0, 0.0 ]
[ 476.0, 293.0, 0.0 ]
[ 478.0, 260.0, 0.0 ]
[ 467.0, 231.0, 0.0 ]
[ 445.0, 204.0, 0.0 ]
[ 425.0, 185.0, 0.0 ]
[ 503.0, 235.0, 0.0 ]
[ 523.0, 265.0, 0.0 ]
[ 531.0, 300.0, 0.0 ]
[ 527.0, 333.0, 0.0 ]
[ 522.0, 366.0, 0.0 ]
[ 503.0, 399.0, 0.0 ]
[ 475.0, 413.0, 0.0 ]
[ 449.0, 434.0, 0.0 ]
[ 409.0, 452.0, 0.0 ]
[ 534.0, 433.0, 0.0 ]
[ 563.0, 402.0, 0.0 ]
[ 577.0, 374.0, 0.0 ]
[ 577.0, 338.0, 0.0 ]
[ 573.0, 313.0, 0.0 ]
[ 317.0, 201.0, 0.0 ]
[ 307.0, 220.0, 0.0 ]
[ 289.0, 242.0, 0.0 ]
[ 269.0, 259.0, 0.0 ]
[ 242.0, 275.0, 0.0 ]
[ 215.0, 287.0, 0.0 ]
[ 192.0, 298.0, 0.0 ]
[ 176.0, 338.0, 0.0 ]
[ 203.0, 339.0, 0.0 ]
[ 226.0, 332.0, 0.0 ]
[ 259.0, 322.0, 0.0 ]
[ 289.0, 309.0, 0.0 ]
[ 312.0, 289.0, 0.0 ]
[ 334.0, 267.0, 0.0 ]
[ 348.0, 243.0, 0.0 ]
[ 358.0, 211.0, 0.0 ]
[ 359.0, 180.0, 0.0 ]
[ 404.0, 210.0, 0.0 ]
[ 392.0, 179.0, 0.0 ]
[ 379.0, 153.0, 0.0 ]
[ 412.0, 239.0, 0.0 ]
[ 411.0, 261.0, 0.0 ]
[ 395.0, 291.0, 0.0 ]
[ 370.0, 321.0, 0.0 ]
[ 330.0, 352.0, 0.0 ]
[ 294.0, 368.0, 0.0 ]
[ 246.0, 382.0, 0.0 ]
[ 209.0, 389.0, 0.0 ]
[ 180.0, 387.0, 0.0 ]
[ 326.0, 415.0, 0.0 ]
[ 363.0, 394.0, 0.0 ]
[ 398.0, 367.0, 0.0 ]
[ 425.0, 338.0, 0.0 ]
[ 443.0, 304.0, 0.0 ]
[ 448.0, 273.0, 0.0 ]
[ 450.0, 238.0, 0.0 ]
[ 437.0, 211.0, 0.0 ]
[ 425.0, 194.0, 0.0 ]
[ 501.0, 260.0, 0.0 ]
[ 504.0, 286.0, 0.0 ]
[ 504.0, 313.0, 0.0 ]
[ 499.0, 345.0, 0.0 ]
[ 471.0, 377.0, 0.0 ]
[ 439.0, 407.0, 0.0 ]
[ 400.0, 431.0, 0.0 ]
[ 368.0, 450.0, 0.0 ]
[ 329.0, 462.0, 0.0 ]
[ 564.0, 300.0, 0.0 ]
[ 548.0, 300.0, 0.0 ]
[ 549.0, 337.0, 0.0 ]
[ 537.0, 368.0, 0.0 ]
[ 559.0, 394.0, 0.0 ]
[ 531.0, 424.0, 0.0 ]
[ 512.0, 439.0, 0.0 ]
[ 572.0, 349.0, 0.0 ]
[ 348.0, 334.0, 0.0 ]
[ 394.0, 280.0, 0.0 ]
[ 401.0, 254.0, 0.0 ]
[ 401.0, 232.0, 0.0 ]
[ 397.0, 203.0, 0.0 ]
[ 297.0, 427.0, 0.0 ]
[ 304.0, 431.0, 0.0 ]
[ 341.0, 418.0, 0.0 ]
[ 224.0, 440.0, 0.0 ]
[ 269.0, 429.0, 0.0 ]
[ 296.0, 419.0, 0.0 ]
[ 220.0, 452.0, 0.0 ]
[ 202.0, 457.0, 0.0 ]
[ 274.0, 463.0, 0.0 ]
[ 310.0, 456.0, 0.0 ]
[ 341.0, 452.0, 0.0 ]
[ 220.0, 646.0, 0.0 ]
[ 254.0, 669.0, 0.0 ]
[ 268.0, 669.0, 0.0 ]
[ 280.0, 682.0, 0.0 ]
[ 302.0, 682.0, 0.0 ]
[ 321.0, 689.0, 0.0 ]
[ 347.0, 688.0, 0.0 ]
[ 370.0, 693.0, 0.0 ]
[ 401.0, 684.0, 0.0 ]
[ 430.0, 688.0, 0.0 ]
[ 451.0, 679.0, 0.0 ]
[ 468.0, 682.0, 0.0 ]
[ 480.0, 673.0, 0.0 ]
[ 501.0, 670.0, 0.0 ]
[ 509.0, 661.0, 0.0 ]
[ 524.0, 657.0, 0.0 ]
[ 529.0, 644.0, 0.0 ]
[ 575.0, 431.0, 0.0 ]
[ 185.0, 493.0, 0.0 ]
[ 202.0, 567.0, 0.0 ]
[ 204.0, 483.0, 0.0 ]
[ 214.0, 542.0, 0.0 ]
[ 224.0, 594.0, 0.0 ]
[ 234.0, 645.0, 0.0 ]
[ 237.0, 660.0, 0.0 ]
[ 224.0, 482.0, 0.0 ]
[ 233.0, 546.0, 0.0 ]
[ 240.0, 583.0, 0.0 ]
[ 249.0, 623.0, 0.0 ]
[ 219.0, 573.0, 0.0 ]
[ 228.0, 620.0, 0.0 ]
[ 246.0, 498.0, 0.0 ]
[ 250.0, 544.0, 0.0 ]
[ 229.0, 512.0, 0.0 ]
[ 253.0, 576.0, 0.0 ]
[ 257.0, 607.0, 0.0 ]
[ 243.0, 612.0, 0.0 ]
[ 253.0, 656.0, 0.0 ]
[ 269.0, 495.0, 0.0 ]
[ 267.0, 481.0, 0.0 ]
[ 272.0, 562.0, 0.0 ]
[ 280.0, 613.0, 0.0 ]
[ 289.0, 654.0, 0.0 ]
[ 261.0, 631.0, 0.0 ]
[ 265.0, 660.0, 0.0 ]
[ 251.0, 643.0, 0.0 ]
[ 268.0, 536.0, 0.0 ]
[ 290.0, 496.0, 0.0 ]
[ 296.0, 540.0, 0.0 ]
[ 294.0, 482.0, 0.0 ]
[ 300.0, 593.0, 0.0 ]
[ 275.0, 593.0, 0.0 ]
[ 305.0, 619.0, 0.0 ]
[ 312.0, 657.0, 0.0 ]
[ 318.0, 686.0, 0.0 ]
[ 325.0, 479.0, 0.0 ]
[ 323.0, 524.0, 0.0 ]
[ 328.0, 568.0, 0.0 ]
[ 328.0, 608.0, 0.0 ]
[ 332.0, 647.0, 0.0 ]
[ 333.0, 674.0, 0.0 ]
[ 336.0, 688.0, 0.0 ]
[ 301.0, 499.0, 0.0 ]
[ 325.0, 498.0, 0.0 ]
[ 351.0, 493.0, 0.0 ]
[ 375.0, 502.0, 0.0 ]
[ 402.0, 497.0, 0.0 ]
[ 427.0, 493.0, 0.0 ]
[ 460.0, 485.0, 0.0 ]
[ 487.0, 483.0, 0.0 ]
[ 515.0, 473.0, 0.0 ]
[ 531.0, 470.0, 0.0 ]
[ 544.0, 465.0, 0.0 ]
[ 562.0, 455.0, 0.0 ]
[ 573.0, 448.0, 0.0 ]
[ 355.0, 524.0, 0.0 ]
[ 356.0, 584.0, 0.0 ]
[ 357.0, 639.0, 0.0 ]
[ 359.0, 676.0, 0.0 ]
[ 359.0, 692.0, 0.0 ]
[ 391.0, 515.0, 0.0 ]
[ 391.0, 570.0, 0.0 ]
[ 391.0, 622.0, 0.0 ]
[ 390.0, 670.0, 0.0 ]
[ 392.0, 693.0, 0.0 ]
[ 427.0, 524.0, 0.0 ]
[ 423.0, 568.0, 0.0 ]
[ 423.0, 616.0, 0.0 ]
[ 418.0, 664.0, 0.0 ]
[ 418.0, 688.0, 0.0 ]
[ 458.0, 514.0, 0.0 ]
[ 454.0, 570.0, 0.0 ]
[ 448.0, 616.0, 0.0 ]
[ 445.0, 652.0, 0.0 ]
[ 442.0, 683.0, 0.0 ]
[ 479.0, 502.0, 0.0 ]
[ 471.0, 573.0, 0.0 ]
[ 465.0, 626.0, 0.0 ]
[ 461.0, 664.0, 0.0 ]
[ 461.0, 684.0, 0.0 ]
[ 476.0, 537.0, 0.0 ]
[ 506.0, 493.0, 0.0 ]
[ 500.0, 538.0, 0.0 ]
[ 493.0, 582.0, 0.0 ]
[ 489.0, 616.0, 0.0 ]
[ 469.0, 610.0, 0.0 ]
[ 484.0, 652.0, 0.0 ]
[ 524.0, 486.0, 0.0 ]
[ 517.0, 522.0, 0.0 ]
[ 512.0, 561.0, 0.0 ]
[ 503.0, 519.0, 0.0 ]
[ 494.0, 568.0, 0.0 ]
[ 511.0, 582.0, 0.0 ]
[ 506.0, 614.0, 0.0 ]
[ 504.0, 644.0, 0.0 ]
[ 500.0, 666.0, 0.0 ]
[ 541.0, 492.0, 0.0 ]
[ 534.0, 522.0, 0.0 ]
[ 531.0, 556.0, 0.0 ]
[ 517.0, 548.0, 0.0 ]
[ 524.0, 590.0, 0.0 ]
[ 518.0, 624.0, 0.0 ]
[ 516.0, 642.0, 0.0 ]
[ 562.0, 487.0, 0.0 ]
[ 552.0, 537.0, 0.0 ]
[ 542.0, 581.0, 0.0 ]
[ 531.0, 628.0, 0.0 ]
[ 456.0, 543.0, 0.0 ]
[ 226.0, 315.0, 0.0 ]
[ 248.0, 235.0, 0.0 ]
[ 191.0, 292.0, 0.0 ]
[ 238.0, 400.0, 0.0 ]
[ 334.0, 180.0, 0.0 ]
[ 529.0, 391.0, 0.0 ]
[ 491.0, 403.0, 0.0 ]
[ 525.0, 285.0, 0.0 ]
[ 512.0, 306.0, 0.0 ]
[ 583.0, 402.0, 0.0 ]
[ 596.0, 354.0, 0.0 ]
[ 592.0, 328.0, 0.0 ]
[ 567.0, 369.0, 0.0 ]
[ 302.0, 266.0, 0.0 ]
[ 166.0, 402.0, 0.0 ]
[ 348.0, 186.0, 0.0 ]
[ 342.0, 183.0, 0.0 ]
[ 410.0, 176.0, 0.0 ]
[ 446.0, 216.0, 0.0 ]
[ 247.0, 536.0, 0.0 ]
[ 213.0, 525.0, 0.0 ]
[ 584.0, 341.0, 0.0 ]
[ 489.0, 244.0, 0.0 ]
[ 5.0, 16.0, 0.0 ]
[ 146.0, 28.0, 0.0 ]
[ 48.0, 182.0, 0.0 ]
[ 634.0, 23.0, 0.0 ]
[ 705.0, 296.0, 0.0 ]
[ 10.0, 466.0, 0.0 ]
