1000 877
[ 0.0, 0.0, 0.0 ]
[ 1000.0, 0.0, 0.0 ]
[ 1000.0, 877.0, 0.0 ]
[ 0.0, 877.0, 0.0 ]
[ 380.0, 73.0, 0.0 ]
[ 343.0, 108.0, 0.0 ]
[ 304.0, 169.0, 0.0 ]
[ 288.0, 185.0, 0.0 ]
[ 275.0, 216.0, 0.0 ]
[ 269.0, 240.0, 0.0 ]
[ 206.0, 290.0, 0.0 ]
[ 190.0, 295.0, 0.0 ]
[ 201.0, 314.0, 0.0 ]
[ 220.0, 318.0, 0.0 ]
[ 241.0, 298.0, 0.0 ]
[ 223.0, 294.0, 0.0 ]
[ 257.0, 292.0, 0.0 ]
[ 285.0, 281.0, 0.0 ]
[ 240.0, 282.0, 0.0 ]
[ 260.0, 267.0, 0.0 ]
[ 296.0, 241.0, 0.0 ]
[ 279.0, 253.0, 0.0 ]
[ 301.0, 263.0, 0.0 ]
[ 301.0, 230.0, 0.0 ]
[ 342.0, 215.0, 0.0 ]
[ 324.0, 205.0, 0.0 ]
[ 307.0, 182.0, 0.0 ]
[ 302.0, 195.0, 0.0 ]
[ 287.0, 211.0, 0.0 ]
[ 301.0, 219.0, 0.0 ]
[ 315.0, 211.0, 0.0 ]
[ 228.0, 278.0, 0.0 ]
[ 248.0, 262.0, 0.0 ]
[ 323.0, 239.0, 0.0 ]
[ 321.0, 253.0, 0.0 ]
[ 366.0, 250.0, 0.0 ]
[ 345.0, 232.0, 0.0 ]
[ 379.0, 198.0, 0.0 ]
[ 342.0, 192.0, 0.0 ]
[ 317.0, 150.0, 0.0 ]
[ 346.0, 170.0, 0.0 ]
[ 399.0, 167.0, 0.0 ]
[ 326.0, 133.0, 0.0 ]
[ 360.0, 144.0, 0.0 ]
[ 395.0, 140.0, 0.0 ]
[ 388.0, 123.0, 0.0 ]
[ 394.0, 98.0, 0.0 ]
[ 352.0, 89.0, 0.0 ]
[ 373.0, 89.0, 0.0 ]
[ 367.0, 110.0, 0.0 ]
[ 399.0, 107.0, 0.0 ]
[ 423.0, 77.0, 0.0 ]
[ 414.0, 93.0, 0.0 ]
[ 426.0, 90.0, 0.0 ]
[ 420.0, 103.0, 0.0 ]
[ 414.0, 111.0, 0.0 ]
[ 410.0, 126.0, 0.0 ]
[ 416.0, 149.0, 0.0 ]
[ 418.0, 167.0, 0.0 ]
[ 414.0, 198.0, 0.0 ]
[ 411.0, 225.0, 0.0 ]
[ 394.0, 247.0, 0.0 ]
[ 442.0, 114.0, 0.0 ]
[ 459.0, 96.0, 0.0 ]
[ 487.0, 81.0, 0.0 ]
[ 471.0, 94.0, 0.0 ]
[ 460.0, 117.0, 0.0 ]
[ 478.0, 126.0, 0.0 ]
[ 425.0, 119.0, 0.0 ]
[ 433.0, 132.0, 0.0 ]
[ 447.0, 145.0, 0.0 ]
[ 417.0, 171.0, 0.0 ]
[ 458.0, 170.0, 0.0 ]
[ 448.0, 205.0, 0.0 ]
[ 473.0, 184.0, 0.0 ]
[ 520.0, 144.0, 0.0 ]
[ 507.0, 133.0, 0.0 ]
[ 520.0, 124.0, 0.0 ]
[ 527.0, 108.0, 0.0 ]
[ 519.0, 116.0, 0.0 ]
[ 526.0, 125.0, 0.0 ]
[ 523.0, 106.0, 0.0 ]
[ 446.0, 231.0, 0.0 ]
[ 478.0, 147.0, 0.0 ]
[ 500.0, 168.0, 0.0 ]
[ 531.0, 158.0, 0.0 ]
[ 467.0, 252.0, 0.0 ]
[ 475.0, 228.0, 0.0 ]
[ 498.0, 204.0, 0.0 ]
[ 520.0, 190.0, 0.0 ]
[ 549.0, 180.0, 0.0 ]
[ 484.0, 241.0, 0.0 ]
[ 510.0, 227.0, 0.0 ]
[ 530.0, 216.0, 0.0 ]
[ 550.0, 211.0, 0.0 ]
[ 579.0, 204.0, 0.0 ]
[ 597.0, 194.0, 0.0 ]
[ 608.0, 182.0, 0.0 ]
[ 610.0, 195.0, 0.0 ]
[ 602.0, 203.0, 0.0 ]
[ 588.0, 208.0, 0.0 ]
[ 589.0, 230.0, 0.0 ]
[ 570.0, 229.0, 0.0 ]
[ 466.0, 270.0, 0.0 ]
[ 487.0, 260.0, 0.0 ]
[ 506.0, 248.0, 0.0 ]
[ 539.0, 238.0, 0.0 ]
[ 459.0, 287.0, 0.0 ]
[ 489.0, 281.0, 0.0 ]
[ 511.0, 280.0, 0.0 ]
[ 547.0, 270.0, 0.0 ]
[ 566.0, 268.0, 0.0 ]
[ 594.0, 260.0, 0.0 ]
[ 444.0, 310.0, 0.0 ]
[ 480.0, 299.0, 0.0 ]
[ 495.0, 301.0, 0.0 ]
[ 554.0, 295.0, 0.0 ]
[ 578.0, 292.0, 0.0 ]
[ 606.0, 276.0, 0.0 ]
[ 615.0, 292.0, 0.0 ]
[ 606.0, 310.0, 0.0 ]
[ 582.0, 316.0, 0.0 ]
[ 556.0, 327.0, 0.0 ]
[ 494.0, 320.0, 0.0 ]
[ 463.0, 328.0, 0.0 ]
[ 439.0, 331.0, 0.0 ]
[ 424.0, 361.0, 0.0 ]
[ 442.0, 357.0, 0.0 ]
[ 462.0, 349.0, 0.0 ]
[ 481.0, 350.0, 0.0 ]
[ 553.0, 345.0, 0.0 ]
[ 588.0, 338.0, 0.0 ]
[ 610.0, 338.0, 0.0 ]
[ 414.0, 389.0, 0.0 ]
[ 488.0, 374.0, 0.0 ]
[ 547.0, 376.0, 0.0 ]
[ 597.0, 361.0, 0.0 ]
[ 619.0, 364.0, 0.0 ]
[ 575.0, 364.0, 0.0 ]
[ 400.0, 410.0, 0.0 ]
[ 492.0, 400.0, 0.0 ]
[ 549.0, 390.0, 0.0 ]
[ 580.0, 388.0, 0.0 ]
[ 603.0, 390.0, 0.0 ]
[ 410.0, 430.0, 0.0 ]
[ 556.0, 414.0, 0.0 ]
[ 586.0, 411.0, 0.0 ]
[ 604.0, 413.0, 0.0 ]
[ 417.0, 456.0, 0.0 ]
[ 417.0, 494.0, 0.0 ]
[ 438.0, 486.0, 0.0 ]
[ 488.0, 470.0, 0.0 ]
[ 564.0, 451.0, 0.0 ]
[ 589.0, 446.0, 0.0 ]
[ 612.0, 436.0, 0.0 ]
[ 631.0, 437.0, 0.0 ]
[ 647.0, 424.0, 0.0 ]
[ 663.0, 443.0, 0.0 ]
[ 665.0, 465.0, 0.0 ]
[ 644.0, 438.0, 0.0 ]
[ 645.0, 453.0, 0.0 ]
[ 644.0, 469.0, 0.0 ]
[ 663.0, 485.0, 0.0 ]
[ 624.0, 469.0, 0.0 ]
[ 620.0, 448.0, 0.0 ]
[ 622.0, 497.0, 0.0 ]
[ 645.0, 489.0, 0.0 ]
[ 663.0, 519.0, 0.0 ]
[ 619.0, 513.0, 0.0 ]
[ 639.0, 511.0, 0.0 ]
[ 644.0, 531.0, 0.0 ]
[ 629.0, 546.0, 0.0 ]
[ 617.0, 562.0, 0.0 ]
[ 591.0, 473.0, 0.0 ]
[ 596.0, 521.0, 0.0 ]
[ 599.0, 548.0, 0.0 ]
[ 447.0, 531.0, 0.0 ]
[ 450.0, 541.0, 0.0 ]
[ 451.0, 560.0, 0.0 ]
[ 516.0, 525.0, 0.0 ]
[ 521.0, 547.0, 0.0 ]
[ 547.0, 543.0, 0.0 ]
[ 560.0, 550.0, 0.0 ]
[ 487.0, 561.0, 0.0 ]
[ 509.0, 565.0, 0.0 ]
[ 529.0, 572.0, 0.0 ]
[ 547.0, 587.0, 0.0 ]
[ 564.0, 600.0, 0.0 ]
[ 593.0, 589.0, 0.0 ]
[ 619.0, 588.0, 0.0 ]
[ 641.0, 580.0, 0.0 ]
[ 599.0, 614.0, 0.0 ]
[ 631.0, 602.0, 0.0 ]
[ 576.0, 628.0, 0.0 ]
[ 595.0, 657.0, 0.0 ]
[ 624.0, 638.0, 0.0 ]
[ 636.0, 619.0, 0.0 ]
[ 655.0, 619.0, 0.0 ]
[ 611.0, 669.0, 0.0 ]
[ 641.0, 655.0, 0.0 ]
[ 655.0, 644.0, 0.0 ]
[ 671.0, 644.0, 0.0 ]
[ 647.0, 691.0, 0.0 ]
[ 661.0, 676.0, 0.0 ]
[ 675.0, 671.0, 0.0 ]
[ 700.0, 658.0, 0.0 ]
[ 670.0, 709.0, 0.0 ]
[ 680.0, 697.0, 0.0 ]
[ 695.0, 686.0, 0.0 ]
[ 717.0, 679.0, 0.0 ]
[ 688.0, 723.0, 0.0 ]
[ 707.0, 715.0, 0.0 ]
[ 720.0, 704.0, 0.0 ]
[ 741.0, 700.0, 0.0 ]
[ 716.0, 738.0, 0.0 ]
[ 732.0, 737.0, 0.0 ]
[ 740.0, 758.0, 0.0 ]
[ 728.0, 768.0, 0.0 ]
[ 739.0, 784.0, 0.0 ]
[ 717.0, 792.0, 0.0 ]
[ 715.0, 765.0, 0.0 ]
[ 707.0, 779.0, 0.0 ]
[ 685.0, 785.0, 0.0 ]
[ 689.0, 767.0, 0.0 ]
[ 675.0, 771.0, 0.0 ]
[ 665.0, 781.0, 0.0 ]
[ 667.0, 800.0, 0.0 ]
[ 680.0, 807.0, 0.0 ]
[ 695.0, 815.0, 0.0 ]
[ 720.0, 814.0, 0.0 ]
[ 737.0, 800.0, 0.0 ]
[ 709.0, 799.0, 0.0 ]
[ 690.0, 797.0, 0.0 ]
[ 706.0, 761.0, 0.0 ]
[ 687.0, 751.0, 0.0 ]
[ 671.0, 747.0, 0.0 ]
[ 654.0, 764.0, 0.0 ]
[ 645.0, 791.0, 0.0 ]
[ 646.0, 815.0, 0.0 ]
[ 677.0, 832.0, 0.0 ]
[ 709.0, 834.0, 0.0 ]
[ 745.0, 825.0, 0.0 ]
[ 760.0, 804.0, 0.0 ]
[ 767.0, 773.0, 0.0 ]
[ 765.0, 748.0, 0.0 ]
[ 763.0, 729.0, 0.0 ]
[ 659.0, 425.0, 0.0 ]
[ 434.0, 391.0, 0.0 ]
[ 449.0, 399.0, 0.0 ]
[ 489.0, 384.0, 0.0 ]
[ 471.0, 414.0, 0.0 ]
[ 495.0, 408.0, 0.0 ]
[ 472.0, 387.0, 0.0 ]
[ 473.0, 413.0, 0.0 ]
[ 450.0, 415.0, 0.0 ]
[ 435.0, 416.0, 0.0 ]
[ 433.0, 429.0, 0.0 ]
[ 453.0, 426.0, 0.0 ]
[ 430.0, 401.0, 0.0 ]
[ 472.0, 420.0, 0.0 ]
[ 476.0, 440.0, 0.0 ]
[ 503.0, 431.0, 0.0 ]
[ 480.0, 447.0, 0.0 ]
[ 506.0, 443.0, 0.0 ]
[ 481.0, 465.0, 0.0 ]
[ 510.0, 456.0, 0.0 ]
[ 456.0, 444.0, 0.0 ]
[ 438.0, 443.0, 0.0 ]
[ 439.0, 464.0, 0.0 ]
[ 462.0, 456.0, 0.0 ]
[ 447.0, 490.0, 0.0 ]
[ 465.0, 470.0, 0.0 ]
[ 478.0, 504.0, 0.0 ]
[ 462.0, 517.0, 0.0 ]
[ 513.0, 487.0, 0.0 ]
[ 509.0, 468.0, 0.0 ]
[ 512.0, 478.0, 0.0 ]
[ 20.0, 163.0, 0.0 ]
