1600 900
[ 0.0, 0.0, 0.0 ]
[ 1600.0, 0.0, 0.0 ]
[ 1600.0, 900.0, 0.0 ]
[ 0.0, 900.0, 0.0 ]
[ 322.0, 590.0, 0.0 ]
[ 306.0, 589.0, 0.0 ]
[ 299.0, 558.0, 0.0 ]
[ 312.0, 513.0, 0.0 ]
[ 355.0, 440.0, 0.0 ]
[ 403.0, 380.0, 0.0 ]
[ 487.0, 312.0, 0.0 ]
[ 529.0, 287.0, 0.0 ]
[ 557.0, 244.0, 0.0 ]
[ 285.0, 627.0, 0.0 ]
[ 222.0, 701.0, 0.0 ]
[ 143.0, 800.0, 0.0 ]
[ 67.0, 899.0, 0.0 ]
[ 126.0, 897.0, 0.0 ]
[ 153.0, 868.0, 0.0 ]
[ 151.0, 895.0, 0.0 ]
[ 217.0, 884.0, 0.0 ]
[ 276.0, 856.0, 0.0 ]
[ 328.0, 790.0, 0.0 ]
[ 369.0, 730.0, 0.0 ]
[ 453.0, 633.0, 0.0 ]
[ 453.0, 671.0, 0.0 ]
[ 459.0, 684.0, 0.0 ]
[ 462.0, 666.0, 0.0 ]
[ 480.0, 666.0, 0.0 ]
[ 489.0, 685.0, 0.0 ]
[ 482.0, 705.0, 0.0 ]
[ 500.0, 677.0, 0.0 ]
[ 500.0, 661.0, 0.0 ]
[ 542.0, 645.0, 0.0 ]
[ 628.0, 629.0, 0.0 ]
[ 628.0, 667.0, 0.0 ]
[ 654.0, 668.0, 0.0 ]
[ 674.0, 686.0, 0.0 ]
[ 647.0, 692.0, 0.0 ]
[ 671.0, 704.0, 0.0 ]
[ 464.0, 705.0, 0.0 ]
[ 468.0, 744.0, 0.0 ]
[ 461.0, 787.0, 0.0 ]
[ 475.0, 798.0, 0.0 ]
[ 476.0, 826.0, 0.0 ]
[ 475.0, 839.0, 0.0 ]
[ 492.0, 881.0, 0.0 ]
[ 492.0, 838.0, 0.0 ]
[ 487.0, 852.0, 0.0 ]
[ 498.0, 807.0, 0.0 ]
[ 512.0, 789.0, 0.0 ]
[ 540.0, 788.0, 0.0 ]
[ 532.0, 777.0, 0.0 ]
[ 502.0, 770.0, 0.0 ]
[ 484.0, 755.0, 0.0 ]
[ 474.0, 695.0, 0.0 ]
[ 473.0, 712.0, 0.0 ]
[ 476.0, 750.0, 0.0 ]
[ 475.0, 775.0, 0.0 ]
[ 487.0, 786.0, 0.0 ]
[ 698.0, 697.0, 0.0 ]
[ 750.0, 736.0, 0.0 ]
[ 772.0, 748.0, 0.0 ]
[ 805.0, 779.0, 0.0 ]
[ 777.0, 779.0, 0.0 ]
[ 751.0, 798.0, 0.0 ]
[ 748.0, 813.0, 0.0 ]
[ 748.0, 829.0, 0.0 ]
[ 761.0, 855.0, 0.0 ]
[ 741.0, 837.0, 0.0 ]
[ 729.0, 805.0, 0.0 ]
[ 740.0, 800.0, 0.0 ]
[ 738.0, 774.0, 0.0 ]
[ 737.0, 757.0, 0.0 ]
[ 714.0, 729.0, 0.0 ]
[ 655.0, 682.0, 0.0 ]
[ 674.0, 697.0, 0.0 ]
[ 699.0, 711.0, 0.0 ]
[ 730.0, 731.0, 0.0 ]
[ 757.0, 770.0, 0.0 ]
[ 770.0, 761.0, 0.0 ]
[ 687.0, 639.0, 0.0 ]
[ 705.0, 608.0, 0.0 ]
[ 750.0, 546.0, 0.0 ]
[ 799.0, 437.0, 0.0 ]
[ 749.0, 450.0, 0.0 ]
[ 680.0, 473.0, 0.0 ]
[ 610.0, 468.0, 0.0 ]
[ 529.0, 481.0, 0.0 ]
[ 457.0, 523.0, 0.0 ]
[ 375.0, 539.0, 0.0 ]
[ 812.0, 389.0, 0.0 ]
[ 803.0, 335.0, 0.0 ]
[ 782.0, 296.0, 0.0 ]
[ 782.0, 254.0, 0.0 ]
[ 820.0, 222.0, 0.0 ]
[ 868.0, 220.0, 0.0 ]
[ 905.0, 216.0, 0.0 ]
[ 940.0, 205.0, 0.0 ]
[ 925.0, 182.0, 0.0 ]
[ 899.0, 164.0, 0.0 ]
[ 833.0, 148.0, 0.0 ]
[ 819.0, 136.0, 0.0 ]
[ 797.0, 117.0, 0.0 ]
[ 745.0, 106.0, 0.0 ]
[ 674.0, 106.0, 0.0 ]
[ 608.0, 126.0, 0.0 ]
[ 603.0, 137.0, 0.0 ]
[ 568.0, 162.0, 0.0 ]
[ 541.0, 195.0, 0.0 ]
[ 517.0, 214.0, 0.0 ]
[ 515.0, 240.0, 0.0 ]
[ 540.0, 211.0, 0.0 ]
[ 563.0, 190.0, 0.0 ]
[ 588.0, 165.0, 0.0 ]
[ 668.0, 140.0, 0.0 ]
[ 698.0, 126.0, 0.0 ]
[ 742.0, 131.0, 0.0 ]
[ 786.0, 130.0, 0.0 ]
[ 817.0, 152.0, 0.0 ]
[ 800.0, 167.0, 0.0 ]
[ 772.0, 160.0, 0.0 ]
[ 786.0, 227.0, 0.0 ]
[ 793.0, 212.0, 0.0 ]
[ 787.0, 205.0, 0.0 ]
[ 758.0, 202.0, 0.0 ]
[ 775.0, 188.0, 0.0 ]
[ 808.0, 177.0, 0.0 ]
[ 832.0, 165.0, 0.0 ]
[ 544.0, 221.0, 0.0 ]
[ 530.0, 245.0, 0.0 ]
[ 546.0, 237.0, 0.0 ]
[ 534.0, 262.0, 0.0 ]
[ 747.0, 288.0, 0.0 ]
[ 712.0, 268.0, 0.0 ]
[ 656.0, 243.0, 0.0 ]
[ 596.0, 221.0, 0.0 ]
[ 648.0, 207.0, 0.0 ]
[ 713.0, 203.0, 0.0 ]
[ 757.0, 226.0, 0.0 ]
[ 861.0, 195.0, 0.0 ]
[ 821.0, 194.0, 0.0 ]
[ 785.0, 196.0, 0.0 ]
[ 860.0, 172.0, 0.0 ]
[ 905.0, 184.0, 0.0 ]
[ 909.0, 198.0, 0.0 ]
[ 456.0, 382.0, 0.0 ]
[ 511.0, 364.0, 0.0 ]
[ 570.0, 355.0, 0.0 ]
[ 768.0, 398.0, 0.0 ]
[ 541.0, 325.0, 0.0 ]
[ 624.0, 266.0, 0.0 ]
[ 695.0, 309.0, 0.0 ]
[ 496.0, 630.0, 0.0 ]
[ 709.0, 543.0, 0.0 ]
[ 620.0, 523.0, 0.0 ]
[ 569.0, 583.0, 0.0 ]
[ 526.0, 546.0, 0.0 ]
[ 626.0, 154.0, 0.0 ]
[ 713.0, 191.0, 0.0 ]
[ 733.0, 195.0, 0.0 ]
[ 751.0, 182.0, 0.0 ]
[ 755.0, 168.0, 0.0 ]
[ 747.0, 154.0, 0.0 ]
[ 731.0, 147.0, 0.0 ]
[ 714.0, 146.0, 0.0 ]
[ 701.0, 156.0, 0.0 ]
[ 695.0, 171.0, 0.0 ]
[ 700.0, 186.0, 0.0 ]
[ 731.0, 152.0, 0.0 ]
[ 717.0, 152.0, 0.0 ]
[ 705.0, 161.0, 0.0 ]
[ 704.0, 179.0, 0.0 ]
[ 716.0, 187.0, 0.0 ]
[ 734.0, 187.0, 0.0 ]
[ 745.0, 177.0, 0.0 ]
[ 745.0, 164.0, 0.0 ]
[ 719.0, 179.0, 0.0 ]
[ 731.0, 179.0, 0.0 ]
[ 735.0, 168.0, 0.0 ]
[ 733.0, 157.0, 0.0 ]
[ 709.0, 172.0, 0.0 ]
[ 711.0, 163.0, 0.0 ]
[ 726.0, 169.0, 0.0 ]
[ 723.0, 161.0, 0.0 ]
[ 741.0, 206.0, 0.0 ]
[ 532.0, 219.0, 0.0 ]
[ 542.0, 231.0, 0.0 ]
[ 541.0, 215.0, 0.0 ]
[ 654.0, 170.0, 0.0 ]
[ 614.0, 187.0, 0.0 ]
[ 582.0, 208.0, 0.0 ]
[ 822.0, 165.0, 0.0 ]
[ 782.0, 186.0, 0.0 ]
[ 470.0, 401.0, 0.0 ]
[ 444.0, 424.0, 0.0 ]
[ 422.0, 451.0, 0.0 ]
[ 412.0, 468.0, 0.0 ]
[ 381.0, 500.0, 0.0 ]
[ 350.0, 543.0, 0.0 ]
[ 488.0, 587.0, 0.0 ]
[ 633.0, 378.0, 0.0 ]
[ 580.0, 403.0, 0.0 ]
[ 521.0, 436.0, 0.0 ]
[ 436.0, 499.0, 0.0 ]
[ 691.0, 411.0, 0.0 ]
[ 604.0, 439.0, 0.0 ]
[ 680.0, 455.0, 0.0 ]
[ 587.0, 377.0, 0.0 ]
[ 538.0, 401.0, 0.0 ]
[ 489.0, 436.0, 0.0 ]
[ 475.0, 467.0, 0.0 ]
[ 450.0, 456.0, 0.0 ]
[ 481.0, 418.0, 0.0 ]
[ 530.0, 392.0, 0.0 ]
[ 399.0, 410.0, 0.0 ]
[ 387.0, 460.0, 0.0 ]
[ 356.0, 467.0, 0.0 ]
[ 353.0, 518.0, 0.0 ]
[ 322.0, 542.0, 0.0 ]
[ 400.0, 584.0, 0.0 ]
[ 322.0, 698.0, 0.0 ]
[ 240.0, 792.0, 0.0 ]
[ 405.0, 689.0, 0.0 ]
[ 728.0, 788.0, 0.0 ]
[ 628.0, 788.0, 0.0 ]
[ 914.0, 779.0, 0.0 ]
[ 918.0, 893.0, 0.0 ]
[ 924.0, 805.0, 0.0 ]
[ 927.0, 859.0, 0.0 ]
[ 807.0, 897.0, 0.0 ]
[ 562.0, 898.0, 0.0 ]
[ 390.0, 899.0, 0.0 ]
[ 369.0, 868.0, 0.0 ]
[ 369.0, 826.0, 0.0 ]
[ 375.0, 789.0, 0.0 ]
[ 832.0, 807.0, 0.0 ]
[ 843.0, 856.0, 0.0 ]
[ 601.0, 839.0, 0.0 ]
[ 692.0, 837.0, 0.0 ]
[ 697.0, 897.0, 0.0 ]
[ 492.0, 896.0, 0.0 ]
[ 374.0, 635.0, 0.0 ]
[ 338.0, 625.0, 0.0 ]
[ 286.0, 675.0, 0.0 ]
[ 232.0, 734.0, 0.0 ]
[ 189.0, 795.0, 0.0 ]
[ 391.0, 673.0, 0.0 ]
[ 282.0, 744.0, 0.0 ]
[ 197.0, 845.0, 0.0 ]
[ 434.0, 658.0, 0.0 ]
[ 1.0, 116.0, 0.0 ]
