727 708
[ 0.0, 0.0, 0.0 ]
[ 727.0, 0.0, 0.0 ]
[ 727.0, 708.0, 0.0 ]
[ 0.0, 708.0, 0.0 ]
[ 413.0, 293.0, 0.0 ]
[ 425.0, 293.0, 0.0 ]
[ 440.0, 285.0, 0.0 ]
[ 402.0, 285.0, 0.0 ]
[ 390.0, 283.0, 0.0 ]
[ 385.0, 287.0, 0.0 ]
[ 384.0, 291.0, 0.0 ]
[ 393.0, 297.0, 0.0 ]
[ 408.0, 306.0, 0.0 ]
[ 408.0, 315.0, 0.0 ]
[ 398.0, 316.0, 0.0 ]
[ 446.0, 295.0, 0.0 ]
[ 437.0, 302.0, 0.0 ]
[ 428.0, 311.0, 0.0 ]
[ 424.0, 321.0, 0.0 ]
[ 419.0, 330.0, 0.0 ]
[ 406.0, 325.0, 0.0 ]
[ 420.0, 304.0, 0.0 ]
[ 402.0, 293.0, 0.0 ]
[ 437.0, 293.0, 0.0 ]
[ 437.0, 309.0, 0.0 ]
[ 384.0, 305.0, 0.0 ]
[ 372.0, 296.0, 0.0 ]
[ 368.0, 282.0, 0.0 ]
[ 375.0, 278.0, 0.0 ]
[ 395.0, 310.0, 0.0 ]
[ 443.0, 302.0, 0.0 ]
[ 407.0, 330.0, 0.0 ]
[ 417.0, 335.0, 0.0 ]
[ 411.0, 341.0, 0.0 ]
[ 407.0, 347.0, 0.0 ]
[ 396.0, 351.0, 0.0 ]
[ 379.0, 358.0, 0.0 ]
[ 394.0, 360.0, 0.0 ]
[ 410.0, 362.0, 0.0 ]
[ 435.0, 369.0, 0.0 ]
[ 426.0, 358.0, 0.0 ]
[ 417.0, 351.0, 0.0 ]
[ 324.0, 201.0, 0.0 ]
[ 324.0, 189.0, 0.0 ]
[ 313.0, 176.0, 0.0 ]
[ 299.0, 174.0, 0.0 ]
[ 291.0, 182.0, 0.0 ]
[ 282.0, 182.0, 0.0 ]
[ 288.0, 195.0, 0.0 ]
[ 299.0, 202.0, 0.0 ]
[ 317.0, 202.0, 0.0 ]
[ 324.0, 202.0, 0.0 ]
[ 295.0, 186.0, 0.0 ]
[ 295.0, 196.0, 0.0 ]
[ 316.0, 196.0, 0.0 ]
[ 305.0, 194.0, 0.0 ]
[ 314.0, 191.0, 0.0 ]
[ 312.0, 188.0, 0.0 ]
[ 428.0, 179.0, 0.0 ]
[ 427.0, 191.0, 0.0 ]
[ 432.0, 197.0, 0.0 ]
[ 442.0, 192.0, 0.0 ]
[ 442.0, 180.0, 0.0 ]
[ 451.0, 184.0, 0.0 ]
[ 446.0, 200.0, 0.0 ]
[ 433.0, 204.0, 0.0 ]
[ 435.0, 190.0, 0.0 ]
[ 466.0, 192.0, 0.0 ]
[ 447.0, 200.0, 0.0 ]
[ 435.0, 214.0, 0.0 ]
[ 456.0, 186.0, 0.0 ]
[ 447.0, 173.0, 0.0 ]
[ 458.0, 175.0, 0.0 ]
[ 464.0, 175.0, 0.0 ]
[ 448.0, 157.0, 0.0 ]
[ 458.0, 159.0, 0.0 ]
[ 450.0, 147.0, 0.0 ]
[ 442.0, 147.0, 0.0 ]
[ 439.0, 159.0, 0.0 ]
[ 305.0, 161.0, 0.0 ]
[ 294.0, 150.0, 0.0 ]
[ 283.0, 146.0, 0.0 ]
[ 276.0, 151.0, 0.0 ]
[ 278.0, 161.0, 0.0 ]
[ 298.0, 163.0, 0.0 ]
[ 231.0, 290.0, 0.0 ]
[ 215.0, 284.0, 0.0 ]
[ 199.0, 291.0, 0.0 ]
[ 205.0, 310.0, 0.0 ]
[ 223.0, 312.0, 0.0 ]
[ 345.0, 138.0, 0.0 ]
[ 345.0, 156.0, 0.0 ]
[ 346.0, 176.0, 0.0 ]
[ 351.0, 191.0, 0.0 ]
[ 350.0, 159.0, 0.0 ]
[ 348.0, 144.0, 0.0 ]
[ 363.0, 200.0, 0.0 ]
[ 373.0, 215.0, 0.0 ]
[ 381.0, 243.0, 0.0 ]
[ 388.0, 271.0, 0.0 ]
[ 426.0, 205.0, 0.0 ]
[ 430.0, 223.0, 0.0 ]
[ 433.0, 241.0, 0.0 ]
[ 439.0, 264.0, 0.0 ]
[ 364.0, 186.0, 0.0 ]
[ 412.0, 185.0, 0.0 ]
[ 386.0, 182.0, 0.0 ]
[ 369.0, 155.0, 0.0 ]
[ 404.0, 152.0, 0.0 ]
[ 402.0, 208.0, 0.0 ]
[ 408.0, 234.0, 0.0 ]
[ 413.0, 270.0, 0.0 ]
[ 419.0, 289.0, 0.0 ]
[ 418.0, 318.0, 0.0 ]
[ 315.0, 281.0, 0.0 ]
[ 306.0, 300.0, 0.0 ]
[ 294.0, 321.0, 0.0 ]
[ 306.0, 345.0, 0.0 ]
[ 342.0, 350.0, 0.0 ]
[ 368.0, 355.0, 0.0 ]
[ 432.0, 363.0, 0.0 ]
[ 470.0, 341.0, 0.0 ]
[ 482.0, 304.0, 0.0 ]
[ 316.0, 318.0, 0.0 ]
[ 345.0, 319.0, 0.0 ]
[ 380.0, 323.0, 0.0 ]
[ 323.0, 303.0, 0.0 ]
[ 358.0, 305.0, 0.0 ]
[ 326.0, 338.0, 0.0 ]
[ 356.0, 337.0, 0.0 ]
[ 387.0, 338.0, 0.0 ]
[ 430.0, 340.0, 0.0 ]
[ 449.0, 342.0, 0.0 ]
[ 466.0, 342.0, 0.0 ]
[ 470.0, 321.0, 0.0 ]
[ 448.0, 326.0, 0.0 ]
[ 251.0, 72.0, 0.0 ]
[ 229.0, 55.0, 0.0 ]
[ 214.0, 39.0, 0.0 ]
[ 191.0, 28.0, 0.0 ]
[ 168.0, 36.0, 0.0 ]
[ 149.0, 46.0, 0.0 ]
[ 142.0, 71.0, 0.0 ]
[ 142.0, 90.0, 0.0 ]
[ 153.0, 109.0, 0.0 ]
[ 166.0, 121.0, 0.0 ]
[ 160.0, 143.0, 0.0 ]
[ 164.0, 162.0, 0.0 ]
[ 172.0, 176.0, 0.0 ]
[ 166.0, 103.0, 0.0 ]
[ 155.0, 80.0, 0.0 ]
[ 159.0, 61.0, 0.0 ]
[ 183.0, 45.0, 0.0 ]
[ 209.0, 47.0, 0.0 ]
[ 220.0, 64.0, 0.0 ]
[ 230.0, 85.0, 0.0 ]
[ 210.0, 105.0, 0.0 ]
[ 182.0, 109.0, 0.0 ]
[ 172.0, 129.0, 0.0 ]
[ 169.0, 148.0, 0.0 ]
[ 186.0, 150.0, 0.0 ]
[ 201.0, 132.0, 0.0 ]
[ 185.0, 127.0, 0.0 ]
[ 249.0, 61.0, 0.0 ]
[ 242.0, 65.0, 0.0 ]
[ 271.0, 53.0, 0.0 ]
[ 297.0, 49.0, 0.0 ]
[ 328.0, 53.0, 0.0 ]
[ 369.0, 63.0, 0.0 ]
[ 402.0, 69.0, 0.0 ]
[ 425.0, 65.0, 0.0 ]
[ 448.0, 38.0, 0.0 ]
[ 460.0, 28.0, 0.0 ]
[ 486.0, 38.0, 0.0 ]
[ 492.0, 66.0, 0.0 ]
[ 481.0, 84.0, 0.0 ]
[ 463.0, 99.0, 0.0 ]
[ 461.0, 117.0, 0.0 ]
[ 466.0, 136.0, 0.0 ]
[ 473.0, 163.0, 0.0 ]
[ 487.0, 183.0, 0.0 ]
[ 505.0, 207.0, 0.0 ]
[ 515.0, 235.0, 0.0 ]
[ 515.0, 269.0, 0.0 ]
[ 512.0, 310.0, 0.0 ]
[ 500.0, 336.0, 0.0 ]
[ 490.0, 354.0, 0.0 ]
[ 479.0, 380.0, 0.0 ]
[ 446.0, 396.0, 0.0 ]
[ 412.0, 407.0, 0.0 ]
[ 382.0, 411.0, 0.0 ]
[ 355.0, 405.0, 0.0 ]
[ 324.0, 396.0, 0.0 ]
[ 315.0, 389.0, 0.0 ]
[ 283.0, 389.0, 0.0 ]
[ 267.0, 372.0, 0.0 ]
[ 254.0, 357.0, 0.0 ]
[ 219.0, 338.0, 0.0 ]
[ 188.0, 358.0, 0.0 ]
[ 171.0, 335.0, 0.0 ]
[ 173.0, 305.0, 0.0 ]
[ 164.0, 279.0, 0.0 ]
[ 164.0, 245.0, 0.0 ]
[ 171.0, 195.0, 0.0 ]
[ 192.0, 194.0, 0.0 ]
[ 172.0, 220.0, 0.0 ]
[ 191.0, 215.0, 0.0 ]
[ 189.0, 242.0, 0.0 ]
[ 185.0, 272.0, 0.0 ]
[ 186.0, 300.0, 0.0 ]
[ 230.0, 283.0, 0.0 ]
[ 220.0, 253.0, 0.0 ]
[ 213.0, 224.0, 0.0 ]
[ 213.0, 192.0, 0.0 ]
[ 222.0, 171.0, 0.0 ]
[ 228.0, 189.0, 0.0 ]
[ 230.0, 213.0, 0.0 ]
[ 222.0, 235.0, 0.0 ]
[ 229.0, 263.0, 0.0 ]
[ 239.0, 264.0, 0.0 ]
[ 251.0, 252.0, 0.0 ]
[ 255.0, 263.0, 0.0 ]
[ 246.0, 271.0, 0.0 ]
[ 238.0, 281.0, 0.0 ]
[ 265.0, 280.0, 0.0 ]
[ 265.0, 290.0, 0.0 ]
[ 278.0, 299.0, 0.0 ]
[ 279.0, 292.0, 0.0 ]
[ 275.0, 279.0, 0.0 ]
[ 295.0, 260.0, 0.0 ]
[ 277.0, 238.0, 0.0 ]
[ 262.0, 232.0, 0.0 ]
[ 249.0, 229.0, 0.0 ]
[ 246.0, 211.0, 0.0 ]
[ 249.0, 199.0, 0.0 ]
[ 264.0, 212.0, 0.0 ]
[ 271.0, 227.0, 0.0 ]
[ 285.0, 232.0, 0.0 ]
[ 251.0, 190.0, 0.0 ]
[ 257.0, 159.0, 0.0 ]
[ 248.0, 175.0, 0.0 ]
[ 266.0, 177.0, 0.0 ]
[ 244.0, 158.0, 0.0 ]
[ 244.0, 143.0, 0.0 ]
[ 253.0, 124.0, 0.0 ]
[ 264.0, 132.0, 0.0 ]
[ 258.0, 149.0, 0.0 ]
[ 290.0, 94.0, 0.0 ]
[ 311.0, 93.0, 0.0 ]
[ 318.0, 85.0, 0.0 ]
[ 294.0, 85.0, 0.0 ]
[ 301.0, 73.0, 0.0 ]
[ 326.0, 64.0, 0.0 ]
[ 356.0, 69.0, 0.0 ]
[ 332.0, 77.0, 0.0 ]
[ 315.0, 79.0, 0.0 ]
[ 353.0, 81.0, 0.0 ]
[ 368.0, 82.0, 0.0 ]
[ 337.0, 98.0, 0.0 ]
[ 304.0, 105.0, 0.0 ]
[ 342.0, 108.0, 0.0 ]
[ 350.0, 89.0, 0.0 ]
[ 358.0, 104.0, 0.0 ]
[ 324.0, 98.0, 0.0 ]
[ 324.0, 108.0, 0.0 ]
[ 401.0, 111.0, 0.0 ]
[ 430.0, 127.0, 0.0 ]
[ 420.0, 115.0, 0.0 ]
[ 415.0, 105.0, 0.0 ]
[ 383.0, 98.0, 0.0 ]
[ 397.0, 108.0, 0.0 ]
[ 358.0, 121.0, 0.0 ]
[ 157.0, 190.0, 0.0 ]
[ 146.0, 221.0, 0.0 ]
[ 137.0, 256.0, 0.0 ]
[ 140.0, 306.0, 0.0 ]
[ 159.0, 345.0, 0.0 ]
[ 183.0, 363.0, 0.0 ]
[ 249.0, 386.0, 0.0 ]
[ 285.0, 401.0, 0.0 ]
[ 324.0, 402.0, 0.0 ]
[ 302.0, 376.0, 0.0 ]
[ 282.0, 347.0, 0.0 ]
[ 304.0, 357.0, 0.0 ]
[ 340.0, 371.0, 0.0 ]
[ 450.0, 336.0, 0.0 ]
[ 367.0, 334.0, 0.0 ]
[ 345.0, 213.0, 0.0 ]
[ 335.0, 222.0, 0.0 ]
[ 329.0, 208.0, 0.0 ]
[ 341.0, 195.0, 0.0 ]
[ 327.0, 246.0, 0.0 ]
[ 299.0, 265.0, 0.0 ]
[ 321.0, 170.0, 0.0 ]
[ 322.0, 152.0, 0.0 ]
[ 455.0, 223.0, 0.0 ]
[ 456.0, 245.0, 0.0 ]
[ 486.0, 241.0, 0.0 ]
[ 487.0, 266.0, 0.0 ]
[ 488.0, 288.0, 0.0 ]
[ 473.0, 270.0, 0.0 ]
[ 479.0, 234.0, 0.0 ]
[ 479.0, 208.0, 0.0 ]
[ 471.0, 216.0, 0.0 ]
[ 500.0, 231.0, 0.0 ]
[ 502.0, 266.0, 0.0 ]
[ 216.0, 298.0, 0.0 ]
[ 141.0, 374.0, 0.0 ]
[ 152.0, 398.0, 0.0 ]
[ 190.0, 426.0, 0.0 ]
[ 214.0, 440.0, 0.0 ]
[ 270.0, 456.0, 0.0 ]
[ 318.0, 453.0, 0.0 ]
[ 359.0, 455.0, 0.0 ]
[ 370.0, 446.0, 0.0 ]
[ 362.0, 425.0, 0.0 ]
[ 434.0, 428.0, 0.0 ]
[ 400.0, 458.0, 0.0 ]
[ 348.0, 485.0, 0.0 ]
[ 289.0, 503.0, 0.0 ]
[ 227.0, 493.0, 0.0 ]
[ 184.0, 466.0, 0.0 ]
[ 156.0, 415.0, 0.0 ]
[ 217.0, 467.0, 0.0 ]
[ 269.0, 478.0, 0.0 ]
[ 322.0, 481.0, 0.0 ]
[ 126.0, 402.0, 0.0 ]
[ 128.0, 458.0, 0.0 ]
[ 138.0, 502.0, 0.0 ]
[ 152.0, 537.0, 0.0 ]
[ 167.0, 572.0, 0.0 ]
[ 180.0, 611.0, 0.0 ]
[ 204.0, 633.0, 0.0 ]
[ 240.0, 654.0, 0.0 ]
[ 239.0, 638.0, 0.0 ]
[ 212.0, 628.0, 0.0 ]
[ 189.0, 611.0, 0.0 ]
[ 180.0, 585.0, 0.0 ]
[ 202.0, 594.0, 0.0 ]
[ 240.0, 617.0, 0.0 ]
[ 227.0, 599.0, 0.0 ]
[ 201.0, 579.0, 0.0 ]
[ 177.0, 566.0, 0.0 ]
[ 154.0, 521.0, 0.0 ]
[ 168.0, 557.0, 0.0 ]
[ 136.0, 475.0, 0.0 ]
[ 134.0, 429.0, 0.0 ]
[ 142.0, 409.0, 0.0 ]
[ 265.0, 584.0, 0.0 ]
[ 366.0, 540.0, 0.0 ]
[ 286.0, 591.0, 0.0 ]
[ 353.0, 566.0, 0.0 ]
[ 289.0, 579.0, 0.0 ]
[ 339.0, 553.0, 0.0 ]
[ 314.0, 568.0, 0.0 ]
[ 322.0, 583.0, 0.0 ]
[ 311.0, 564.0, 0.0 ]
[ 405.0, 460.0, 0.0 ]
[ 392.0, 479.0, 0.0 ]
[ 374.0, 509.0, 0.0 ]
[ 375.0, 529.0, 0.0 ]
[ 431.0, 448.0, 0.0 ]
[ 415.0, 477.0, 0.0 ]
[ 407.0, 508.0, 0.0 ]
[ 402.0, 542.0, 0.0 ]
[ 390.0, 568.0, 0.0 ]
[ 380.0, 599.0, 0.0 ]
[ 361.0, 620.0, 0.0 ]
[ 325.0, 627.0, 0.0 ]
[ 294.0, 648.0, 0.0 ]
[ 285.0, 671.0, 0.0 ]
[ 288.0, 623.0, 0.0 ]
[ 322.0, 612.0, 0.0 ]
[ 364.0, 595.0, 0.0 ]
[ 376.0, 573.0, 0.0 ]
[ 238.0, 640.0, 0.0 ]
[ 120.0, 589.0, 0.0 ]
[ 138.0, 629.0, 0.0 ]
[ 160.0, 664.0, 0.0 ]
[ 183.0, 689.0, 0.0 ]
[ 198.0, 696.0, 0.0 ]
[ 128.0, 605.0, 0.0 ]
[ 126.0, 616.0, 0.0 ]
[ 139.0, 648.0, 0.0 ]
[ 155.0, 675.0, 0.0 ]
[ 178.0, 699.0, 0.0 ]
[ 359.0, 701.0, 0.0 ]
[ 386.0, 681.0, 0.0 ]
[ 413.0, 644.0, 0.0 ]
[ 429.0, 623.0, 0.0 ]
[ 450.0, 598.0, 0.0 ]
[ 466.0, 554.0, 0.0 ]
[ 470.0, 572.0, 0.0 ]
[ 449.0, 628.0, 0.0 ]
[ 432.0, 649.0, 0.0 ]
[ 419.0, 672.0, 0.0 ]
[ 397.0, 689.0, 0.0 ]
[ 495.0, 404.0, 0.0 ]
[ 503.0, 460.0, 0.0 ]
[ 510.0, 499.0, 0.0 ]
[ 510.0, 548.0, 0.0 ]
[ 511.0, 596.0, 0.0 ]
[ 511.0, 634.0, 0.0 ]
[ 500.0, 672.0, 0.0 ]
[ 489.0, 692.0, 0.0 ]
[ 512.0, 424.0, 0.0 ]
[ 523.0, 474.0, 0.0 ]
[ 521.0, 514.0, 0.0 ]
[ 530.0, 556.0, 0.0 ]
[ 528.0, 593.0, 0.0 ]
[ 528.0, 643.0, 0.0 ]
[ 514.0, 679.0, 0.0 ]
[ 506.0, 696.0, 0.0 ]
[ 536.0, 357.0, 0.0 ]
[ 564.0, 401.0, 0.0 ]
[ 568.0, 444.0, 0.0 ]
[ 577.0, 498.0, 0.0 ]
[ 585.0, 551.0, 0.0 ]
[ 586.0, 601.0, 0.0 ]
[ 588.0, 647.0, 0.0 ]
[ 574.0, 691.0, 0.0 ]
[ 611.0, 693.0, 0.0 ]
[ 612.0, 631.0, 0.0 ]
[ 600.0, 556.0, 0.0 ]
[ 595.0, 508.0, 0.0 ]
[ 591.0, 400.0, 0.0 ]
[ 613.0, 492.0, 0.0 ]
[ 631.0, 571.0, 0.0 ]
[ 631.0, 614.0, 0.0 ]
[ 630.0, 669.0, 0.0 ]
[ 630.0, 697.0, 0.0 ]
[ 669.0, 694.0, 0.0 ]
[ 659.0, 658.0, 0.0 ]
[ 652.0, 594.0, 0.0 ]
[ 652.0, 551.0, 0.0 ]
[ 658.0, 511.0, 0.0 ]
[ 658.0, 460.0, 0.0 ]
[ 647.0, 484.0, 0.0 ]
[ 635.0, 516.0, 0.0 ]
[ 639.0, 639.0, 0.0 ]
[ 672.0, 482.0, 0.0 ]
[ 679.0, 524.0, 0.0 ]
[ 679.0, 561.0, 0.0 ]
[ 684.0, 608.0, 0.0 ]
[ 677.0, 650.0, 0.0 ]
[ 689.0, 573.0, 0.0 ]
[ 694.0, 541.0, 0.0 ]
[ 694.0, 503.0, 0.0 ]
[ 685.0, 466.0, 0.0 ]
[ 677.0, 418.0, 0.0 ]
[ 662.0, 382.0, 0.0 ]
[ 699.0, 448.0, 0.0 ]
[ 708.0, 480.0, 0.0 ]
[ 717.0, 520.0, 0.0 ]
[ 718.0, 559.0, 0.0 ]
[ 717.0, 601.0, 0.0 ]
[ 717.0, 646.0, 0.0 ]
[ 710.0, 663.0, 0.0 ]
[ 716.0, 677.0, 0.0 ]
[ 712.0, 701.0, 0.0 ]
[ 701.0, 695.0, 0.0 ]
[ 657.0, 364.0, 0.0 ]
[ 682.0, 398.0, 0.0 ]
[ 691.0, 419.0, 0.0 ]
[ 646.0, 343.0, 0.0 ]
[ 633.0, 315.0, 0.0 ]
[ 616.0, 292.0, 0.0 ]
[ 584.0, 278.0, 0.0 ]
[ 561.0, 272.0, 0.0 ]
[ 530.0, 267.0, 0.0 ]
[ 538.0, 286.0, 0.0 ]
[ 563.0, 305.0, 0.0 ]
[ 582.0, 327.0, 0.0 ]
[ 610.0, 358.0, 0.0 ]
[ 633.0, 389.0, 0.0 ]
[ 642.0, 422.0, 0.0 ]
[ 633.0, 364.0, 0.0 ]
[ 604.0, 325.0, 0.0 ]
[ 582.0, 301.0, 0.0 ]
[ 553.0, 328.0, 0.0 ]
[ 586.0, 363.0, 0.0 ]
[ 617.0, 432.0, 0.0 ]
[ 609.0, 470.0, 0.0 ]
[ 555.0, 620.0, 0.0 ]
[ 554.0, 556.0, 0.0 ]
[ 551.0, 494.0, 0.0 ]
[ 537.0, 439.0, 0.0 ]
[ 207.0, 516.0, 0.0 ]
[ 170.0, 520.0, 0.0 ]
[ 210.0, 559.0, 0.0 ]
[ 246.0, 577.0, 0.0 ]
[ 259.0, 520.0, 0.0 ]
[ 323.0, 527.0, 0.0 ]
[ 240.0, 536.0, 0.0 ]
[ 122.0, 354.0, 0.0 ]
[ 118.0, 386.0, 0.0 ]
[ 110.0, 418.0, 0.0 ]
[ 106.0, 464.0, 0.0 ]
[ 106.0, 499.0, 0.0 ]
[ 107.0, 547.0, 0.0 ]
[ 311.0, 680.0, 0.0 ]
[ 367.0, 651.0, 0.0 ]
[ 402.0, 611.0, 0.0 ]
[ 433.0, 548.0, 0.0 ]
[ 456.0, 494.0, 0.0 ]
[ 466.0, 444.0, 0.0 ]
[ 469.0, 417.0, 0.0 ]
[ 127.0, 703.0, 0.0 ]
[ 131.0, 670.0, 0.0 ]
[ 119.0, 631.0, 0.0 ]
[ 118.0, 599.0, 0.0 ]
[ 304.0, 148.0, 0.0 ]
[ 299.0, 129.0, 0.0 ]
[ 315.0, 119.0, 0.0 ]
[ 328.0, 118.0, 0.0 ]
[ 314.0, 127.0, 0.0 ]
[ 304.0, 145.0, 0.0 ]
[ 276.0, 118.0, 0.0 ]
[ 265.0, 125.0, 0.0 ]
[ 456.0, 60.0, 0.0 ]
[ 192.0, 71.0, 0.0 ]
[ 425.0, 81.0, 0.0 ]
[ 442.0, 91.0, 0.0 ]
[ 455.0, 103.0, 0.0 ]
[ 357.0, 263.0, 0.0 ]
[ 298.0, 187.0, 0.0 ]
[ 315.0, 172.0, 0.0 ]
[ 315.0, 170.0, 0.0 ]
[ 295.0, 168.0, 0.0 ]
[ 443.0, 175.0, 0.0 ]
[ 324.0, 244.0, 0.0 ]
[ 234.0, 430.0, 0.0 ]
[ 182.0, 393.0, 0.0 ]
[ 413.0, 97.0, 0.0 ]
[ 401.0, 91.0, 0.0 ]
[ 262.0, 270.0, 0.0 ]
[ 260.0, 100.0, 0.0 ]
[ 579.0, 526.0, 0.0 ]
[ 351.0, 292.0, 0.0 ]
[ 350.0, 246.0, 0.0 ]
[ 309.0, 241.0, 0.0 ]
[ 201.0, 264.0, 0.0 ]
[ 285.0, 217.0, 0.0 ]
[ 303.0, 219.0, 0.0 ]
[ 444.0, 213.0, 0.0 ]
[ 375.0, 124.0, 0.0 ]
[ 378.0, 145.0, 0.0 ]
[ 422.0, 136.0, 0.0 ]
[ 326.0, 262.0, 0.0 ]
[ 191.0, 320.0, 0.0 ]
[ 506.0, 318.0, 0.0 ]
[ 473.0, 377.0, 0.0 ]
[ 279.0, 548.0, 0.0 ]
[ 381.0, 274.0, 0.0 ]
[ 431.0, 262.0, 0.0 ]
[ 448.0, 78.0, 0.0 ]
[ 473.0, 59.0, 0.0 ]
[ 231.0, 467.0, 0.0 ]
[ 227.0, 115.0, 0.0 ]
[ 311.0, 196.0, 0.0 ]
[ 485.0, 374.0, 0.0 ]
[ 471.0, 377.0, 0.0 ]
[ 523.0, 266.0, 0.0 ]
[ 221.0, 411.0, 0.0 ]
[ 313.0, 286.0, 0.0 ]
[ 340.0, 282.0, 0.0 ]
[ 461.0, 39.0, 0.0 ]
[ 450.0, 45.0, 0.0 ]
[ 438.0, 62.0, 0.0 ]
[ 478.0, 45.0, 0.0 ]
[ 483.0, 61.0, 0.0 ]
[ 473.0, 79.0, 0.0 ]
[ 459.0, 97.0, 0.0 ]
[ 191.0, 35.0, 0.0 ]
[ 180.0, 40.0, 0.0 ]
[ 167.0, 45.0, 0.0 ]
[ 163.0, 54.0, 0.0 ]
[ 159.0, 73.0, 0.0 ]
[ 159.0, 86.0, 0.0 ]
[ 169.0, 100.0, 0.0 ]
[ 205.0, 92.0, 0.0 ]
[ 184.0, 650.0, 0.0 ]
[ 239.0, 691.0, 0.0 ]
[ 285.0, 444.0, 0.0 ]
[ 236.0, 412.0, 0.0 ]
[ 390.0, 460.0, 0.0 ]
[ 217.0, 388.0, 0.0 ]
[ 200.0, 372.0, 0.0 ]
[ 161.0, 434.0, 0.0 ]
[ 181.0, 554.0, 0.0 ]
[ 524.0, 291.0, 0.0 ]
[ 579.0, 472.0, 0.0 ]
[ 616.0, 573.0, 0.0 ]
[ 3.0, 334.0, 0.0 ]
