272 288
[ 0.0, 0.0, 0.0 ]
[ 272.0, 0.0, 0.0 ]
[ 272.0, 288.0, 0.0 ]
[ 0.0, 288.0, 0.0 ]
[ 81.0, 35.0, 0.0 ]
[ 71.0, 47.0, 0.0 ]
[ 74.0, 70.0, 0.0 ]
[ 79.0, 92.0, 0.0 ]
[ 80.0, 110.0, 0.0 ]
[ 90.0, 121.0, 0.0 ]
[ 95.0, 42.0, 0.0 ]
[ 107.0, 57.0, 0.0 ]
[ 113.0, 68.0, 0.0 ]
[ 86.0, 59.0, 0.0 ]
[ 94.0, 73.0, 0.0 ]
[ 95.0, 89.0, 0.0 ]
[ 89.0, 123.0, 0.0 ]
[ 86.0, 144.0, 0.0 ]
[ 91.0, 162.0, 0.0 ]
[ 99.0, 172.0, 0.0 ]
[ 91.0, 166.0, 0.0 ]
[ 81.0, 192.0, 0.0 ]
[ 74.0, 214.0, 0.0 ]
[ 70.0, 235.0, 0.0 ]
[ 74.0, 260.0, 0.0 ]
[ 132.0, 73.0, 0.0 ]
[ 150.0, 73.0, 0.0 ]
[ 174.0, 73.0, 0.0 ]
[ 183.0, 69.0, 0.0 ]
[ 198.0, 54.0, 0.0 ]
[ 210.0, 39.0, 0.0 ]
[ 226.0, 36.0, 0.0 ]
[ 231.0, 55.0, 0.0 ]
[ 225.0, 77.0, 0.0 ]
[ 221.0, 99.0, 0.0 ]
[ 216.0, 115.0, 0.0 ]
[ 210.0, 120.0, 0.0 ]
[ 210.0, 144.0, 0.0 ]
[ 203.0, 162.0, 0.0 ]
[ 202.0, 175.0, 0.0 ]
[ 209.0, 173.0, 0.0 ]
[ 217.0, 199.0, 0.0 ]
[ 225.0, 222.0, 0.0 ]
[ 225.0, 251.0, 0.0 ]
[ 224.0, 260.0, 0.0 ]
[ 101.0, 181.0, 0.0 ]
[ 113.0, 198.0, 0.0 ]
[ 121.0, 225.0, 0.0 ]
[ 128.0, 231.0, 0.0 ]
[ 148.0, 227.0, 0.0 ]
[ 161.0, 228.0, 0.0 ]
[ 176.0, 230.0, 0.0 ]
[ 183.0, 214.0, 0.0 ]
[ 183.0, 195.0, 0.0 ]
[ 199.0, 175.0, 0.0 ]
[ 147.0, 108.0, 0.0 ]
[ 146.0, 89.0, 0.0 ]
[ 133.0, 113.0, 0.0 ]
[ 163.0, 114.0, 0.0 ]
[ 116.0, 142.0, 0.0 ]
[ 105.0, 167.0, 0.0 ]
[ 107.0, 183.0, 0.0 ]
[ 178.0, 132.0, 0.0 ]
[ 187.0, 157.0, 0.0 ]
[ 194.0, 175.0, 0.0 ]
[ 184.0, 181.0, 0.0 ]
[ 169.0, 158.0, 0.0 ]
[ 152.0, 148.0, 0.0 ]
[ 137.0, 154.0, 0.0 ]
[ 124.0, 170.0, 0.0 ]
[ 125.0, 190.0, 0.0 ]
[ 147.0, 191.0, 0.0 ]
[ 169.0, 187.0, 0.0 ]
[ 147.0, 173.0, 0.0 ]
[ 126.0, 147.0, 0.0 ]
[ 172.0, 145.0, 0.0 ]
[ 96.0, 145.0, 0.0 ]
[ 200.0, 143.0, 0.0 ]
[ 108.0, 108.0, 0.0 ]
[ 100.0, 116.0, 0.0 ]
[ 111.0, 122.0, 0.0 ]
[ 124.0, 119.0, 0.0 ]
[ 120.0, 112.0, 0.0 ]
[ 187.0, 107.0, 0.0 ]
[ 171.0, 113.0, 0.0 ]
[ 182.0, 125.0, 0.0 ]
[ 197.0, 123.0, 0.0 ]
[ 201.0, 116.0, 0.0 ]
[ 152.0, 252.0, 0.0 ]
[ 112.0, 251.0, 0.0 ]
[ 96.0, 225.0, 0.0 ]
[ 89.0, 202.0, 0.0 ]
[ 213.0, 207.0, 0.0 ]
[ 195.0, 236.0, 0.0 ]
[ 183.0, 257.0, 0.0 ]
[ 117.0, 104.0, 0.0 ]
[ 185.0, 118.0, 0.0 ]
[ 142.0, 135.0, 0.0 ]
[ 154.0, 135.0, 0.0 ]
[ 146.0, 150.0, 0.0 ]
[ 112.0, 147.0, 0.0 ]
[ 94.0, 52.0, 0.0 ]
[ 82.0, 263.0, 0.0 ]
[ 207.0, 264.0, 0.0 ]
[ 135.0, 217.0, 0.0 ]
[ 166.0, 210.0, 0.0 ]
[ 137.0, 147.0, 0.0 ]
[ 163.0, 147.0, 0.0 ]
[ 148.0, 168.0, 0.0 ]
[ 124.0, 134.0, 0.0 ]
[ 175.0, 133.0, 0.0 ]
[ 186.0, 169.0, 0.0 ]
[ 107.0, 159.0, 0.0 ]
[ 98.0, 169.0, 0.0 ]
[ 203.0, 80.0, 0.0 ]
[ 218.0, 51.0, 0.0 ]
[ 24.0, 282.0, 0.0 ]
