760 572
[ 0.0, 0.0, 0.0 ]
[ 760.0, 0.0, 0.0 ]
[ 760.0, 572.0, 0.0 ]
[ 0.0, 572.0, 0.0 ]
[ 183.0, 373.0, 0.0 ]
[ 171.0, 374.0, 0.0 ]
[ 163.0, 384.0, 0.0 ]
[ 186.0, 385.0, 0.0 ]
[ 210.0, 392.0, 0.0 ]
[ 251.0, 397.0, 0.0 ]
[ 300.0, 400.0, 0.0 ]
[ 353.0, 400.0, 0.0 ]
[ 404.0, 394.0, 0.0 ]
[ 454.0, 386.0, 0.0 ]
[ 494.0, 376.0, 0.0 ]
[ 505.0, 360.0, 0.0 ]
[ 490.0, 321.0, 0.0 ]
[ 469.0, 289.0, 0.0 ]
[ 448.0, 261.0, 0.0 ]
[ 438.0, 234.0, 0.0 ]
[ 442.0, 217.0, 0.0 ]
[ 456.0, 210.0, 0.0 ]
[ 491.0, 225.0, 0.0 ]
[ 523.0, 262.0, 0.0 ]
[ 532.0, 262.0, 0.0 ]
[ 523.0, 241.0, 0.0 ]
[ 521.0, 225.0, 0.0 ]
[ 526.0, 222.0, 0.0 ]
[ 526.0, 213.0, 0.0 ]
[ 521.0, 201.0, 0.0 ]
[ 512.0, 181.0, 0.0 ]
[ 492.0, 165.0, 0.0 ]
[ 462.0, 161.0, 0.0 ]
[ 428.0, 173.0, 0.0 ]
[ 404.0, 199.0, 0.0 ]
[ 395.0, 232.0, 0.0 ]
[ 401.0, 269.0, 0.0 ]
[ 421.0, 310.0, 0.0 ]
[ 402.0, 296.0, 0.0 ]
[ 382.0, 268.0, 0.0 ]
[ 345.0, 244.0, 0.0 ]
[ 316.0, 229.0, 0.0 ]
[ 288.0, 227.0, 0.0 ]
[ 295.0, 242.0, 0.0 ]
[ 292.0, 250.0, 0.0 ]
[ 251.0, 245.0, 0.0 ]
[ 216.0, 250.0, 0.0 ]
[ 189.0, 249.0, 0.0 ]
[ 189.0, 255.0, 0.0 ]
[ 162.0, 262.0, 0.0 ]
[ 161.0, 268.0, 0.0 ]
[ 129.0, 280.0, 0.0 ]
[ 106.0, 268.0, 0.0 ]
[ 82.0, 255.0, 0.0 ]
[ 87.0, 280.0, 0.0 ]
[ 80.0, 277.0, 0.0 ]
[ 87.0, 297.0, 0.0 ]
[ 89.0, 313.0, 0.0 ]
[ 103.0, 337.0, 0.0 ]
[ 119.0, 348.0, 0.0 ]
[ 137.0, 366.0, 0.0 ]
[ 144.0, 311.0, 0.0 ]
[ 202.0, 291.0, 0.0 ]
[ 247.0, 279.0, 0.0 ]
[ 293.0, 285.0, 0.0 ]
[ 337.0, 303.0, 0.0 ]
[ 379.0, 315.0, 0.0 ]
[ 488.0, 194.0, 0.0 ]
[ 502.0, 195.0, 0.0 ]
[ 504.0, 202.0, 0.0 ]
[ 494.0, 202.0, 0.0 ]
[ 498.0, 216.0, 0.0 ]
[ 519.0, 205.0, 0.0 ]
[ 517.0, 235.0, 0.0 ]
[ 512.0, 232.0, 0.0 ]
[ 512.0, 225.0, 0.0 ]
[ 513.0, 217.0, 0.0 ]
[ 512.0, 213.0, 0.0 ]
[ 518.0, 224.0, 0.0 ]
[ 322.0, 257.0, 0.0 ]
[ 357.0, 285.0, 0.0 ]
[ 106.0, 295.0, 0.0 ]
[ 147.0, 337.0, 0.0 ]
[ 180.0, 356.0, 0.0 ]
[ 149.0, 352.0, 0.0 ]
[ 219.0, 379.0, 0.0 ]
[ 245.0, 385.0, 0.0 ]
[ 229.0, 345.0, 0.0 ]
[ 268.0, 339.0, 0.0 ]
[ 309.0, 366.0, 0.0 ]
[ 357.0, 384.0, 0.0 ]
[ 329.0, 337.0, 0.0 ]
[ 380.0, 362.0, 0.0 ]
[ 442.0, 353.0, 0.0 ]
[ 448.0, 344.0, 0.0 ]
[ 494.0, 179.0, 0.0 ]
[ 464.0, 172.0, 0.0 ]
[ 427.0, 187.0, 0.0 ]
[ 411.0, 214.0, 0.0 ]
[ 408.0, 248.0, 0.0 ]
[ 396.0, 255.0, 0.0 ]
[ 415.0, 297.0, 0.0 ]
[ 426.0, 288.0, 0.0 ]
[ 445.0, 314.0, 0.0 ]
[ 442.0, 265.0, 0.0 ]
[ 456.0, 298.0, 0.0 ]
[ 474.0, 326.0, 0.0 ]
[ 483.0, 363.0, 0.0 ]
[ 501.0, 217.0, 0.0 ]
[ 6.0, 178.0, 0.0 ]
