472 708
[ 0.0, 0.0, 0.0 ]
[ 472.0, 0.0, 0.0 ]
[ 472.0, 708.0, 0.0 ]
[ 0.0, 708.0, 0.0 ]
[ 95.0, 234.0, 0.0 ]
[ 221.0, 244.0, 0.0 ]
[ 52.0, 386.0, 0.0 ]
[ 237.0, 401.0, 0.0 ]
[ 53.0, 390.0, 0.0 ]
[ 237.0, 407.0, 0.0 ]
[ 91.0, 252.0, 0.0 ]
[ 222.0, 260.0, 0.0 ]
[ 87.0, 267.0, 0.0 ]
[ 224.0, 275.0, 0.0 ]
[ 82.0, 283.0, 0.0 ]
[ 226.0, 292.0, 0.0 ]
[ 77.0, 299.0, 0.0 ]
[ 73.0, 315.0, 0.0 ]
[ 68.0, 329.0, 0.0 ]
[ 64.0, 342.0, 0.0 ]
[ 61.0, 355.0, 0.0 ]
[ 57.0, 369.0, 0.0 ]
[ 228.0, 305.0, 0.0 ]
[ 229.0, 323.0, 0.0 ]
[ 231.0, 337.0, 0.0 ]
[ 232.0, 351.0, 0.0 ]
[ 235.0, 368.0, 0.0 ]
[ 236.0, 385.0, 0.0 ]
[ 104.0, 233.0, 0.0 ]
[ 115.0, 233.0, 0.0 ]
[ 129.0, 234.0, 0.0 ]
[ 179.0, 238.0, 0.0 ]
[ 190.0, 239.0, 0.0 ]
[ 202.0, 240.0, 0.0 ]
[ 212.0, 241.0, 0.0 ]
[ 139.0, 235.0, 0.0 ]
[ 139.0, 231.0, 0.0 ]
[ 152.0, 232.0, 0.0 ]
[ 164.0, 237.0, 0.0 ]
[ 152.0, 237.0, 0.0 ]
[ 94.0, 240.0, 0.0 ]
[ 101.0, 237.0, 0.0 ]
[ 110.0, 237.0, 0.0 ]
[ 121.0, 238.0, 0.0 ]
[ 134.0, 239.0, 0.0 ]
[ 144.0, 240.0, 0.0 ]
[ 158.0, 241.0, 0.0 ]
[ 173.0, 241.0, 0.0 ]
[ 185.0, 243.0, 0.0 ]
[ 196.0, 244.0, 0.0 ]
[ 206.0, 245.0, 0.0 ]
[ 216.0, 246.0, 0.0 ]
[ 99.0, 255.0, 0.0 ]
[ 93.0, 277.0, 0.0 ]
[ 79.0, 342.0, 0.0 ]
[ 76.0, 361.0, 0.0 ]
[ 72.0, 382.0, 0.0 ]
[ 71.0, 391.0, 0.0 ]
[ 89.0, 295.0, 0.0 ]
[ 84.0, 316.0, 0.0 ]
[ 118.0, 256.0, 0.0 ]
[ 139.0, 258.0, 0.0 ]
[ 161.0, 260.0, 0.0 ]
[ 177.0, 261.0, 0.0 ]
[ 199.0, 263.0, 0.0 ]
[ 210.0, 263.0, 0.0 ]
[ 213.0, 283.0, 0.0 ]
[ 215.0, 300.0, 0.0 ]
[ 216.0, 324.0, 0.0 ]
[ 217.0, 344.0, 0.0 ]
[ 217.0, 365.0, 0.0 ]
[ 218.0, 384.0, 0.0 ]
[ 219.0, 402.0, 0.0 ]
[ 218.0, 407.0, 0.0 ]
[ 115.0, 273.0, 0.0 ]
[ 110.0, 297.0, 0.0 ]
[ 104.0, 326.0, 0.0 ]
[ 99.0, 349.0, 0.0 ]
[ 94.0, 376.0, 0.0 ]
[ 91.0, 393.0, 0.0 ]
[ 137.0, 281.0, 0.0 ]
[ 131.0, 323.0, 0.0 ]
[ 127.0, 347.0, 0.0 ]
[ 124.0, 369.0, 0.0 ]
[ 135.0, 300.0, 0.0 ]
[ 161.0, 277.0, 0.0 ]
[ 160.0, 309.0, 0.0 ]
[ 159.0, 334.0, 0.0 ]
[ 160.0, 360.0, 0.0 ]
[ 160.0, 380.0, 0.0 ]
[ 186.0, 277.0, 0.0 ]
[ 185.0, 305.0, 0.0 ]
[ 185.0, 328.0, 0.0 ]
[ 187.0, 357.0, 0.0 ]
[ 186.0, 381.0, 0.0 ]
[ 187.0, 402.0, 0.0 ]
[ 70.0, 395.0, 0.0 ]
[ 84.0, 399.0, 0.0 ]
[ 100.0, 402.0, 0.0 ]
[ 146.0, 407.0, 0.0 ]
[ 168.0, 409.0, 0.0 ]
[ 187.0, 408.0, 0.0 ]
[ 202.0, 408.0, 0.0 ]
[ 217.0, 408.0, 0.0 ]
[ 235.0, 405.0, 0.0 ]
[ 201.0, 402.0, 0.0 ]
[ 176.0, 403.0, 0.0 ]
[ 144.0, 399.0, 0.0 ]
[ 160.0, 401.0, 0.0 ]
[ 121.0, 398.0, 0.0 ]
[ 109.0, 397.0, 0.0 ]
[ 95.0, 394.0, 0.0 ]
[ 80.0, 391.0, 0.0 ]
[ 68.0, 387.0, 0.0 ]
[ 202.0, 300.0, 0.0 ]
[ 203.0, 344.0, 0.0 ]
[ 203.0, 380.0, 0.0 ]
[ 175.0, 355.0, 0.0 ]
[ 176.0, 308.0, 0.0 ]
[ 148.0, 304.0, 0.0 ]
[ 143.0, 349.0, 0.0 ]
[ 140.0, 379.0, 0.0 ]
[ 119.0, 321.0, 0.0 ]
[ 125.0, 281.0, 0.0 ]
[ 111.0, 351.0, 0.0 ]
[ 120.0, 405.0, 0.0 ]
[ 192.0, 358.0, 0.0 ]
[ 192.0, 298.0, 0.0 ]
[ 155.0, 277.0, 0.0 ]
[ 115.0, 254.0, 0.0 ]
[ 67.0, 362.0, 0.0 ]
[ 59.0, 388.0, 0.0 ]
[ 213.0, 405.0, 0.0 ]
[ 178.0, 223.0, 0.0 ]
[ 155.0, 209.0, 0.0 ]
[ 167.0, 210.0, 0.0 ]
[ 166.0, 220.0, 0.0 ]
[ 154.0, 219.0, 0.0 ]
[ 142.0, 222.0, 0.0 ]
[ 170.0, 197.0, 0.0 ]
[ 175.0, 187.0, 0.0 ]
[ 181.0, 177.0, 0.0 ]
[ 191.0, 166.0, 0.0 ]
[ 202.0, 158.0, 0.0 ]
[ 215.0, 149.0, 0.0 ]
[ 231.0, 142.0, 0.0 ]
[ 246.0, 139.0, 0.0 ]
[ 266.0, 139.0, 0.0 ]
[ 281.0, 142.0, 0.0 ]
[ 295.0, 147.0, 0.0 ]
[ 307.0, 158.0, 0.0 ]
[ 319.0, 168.0, 0.0 ]
[ 328.0, 184.0, 0.0 ]
[ 334.0, 197.0, 0.0 ]
[ 337.0, 207.0, 0.0 ]
[ 339.0, 222.0, 0.0 ]
[ 341.0, 236.0, 0.0 ]
[ 342.0, 255.0, 0.0 ]
[ 341.0, 269.0, 0.0 ]
[ 341.0, 286.0, 0.0 ]
[ 341.0, 293.0, 0.0 ]
[ 353.0, 294.0, 0.0 ]
[ 354.0, 274.0, 0.0 ]
[ 354.0, 255.0, 0.0 ]
[ 354.0, 236.0, 0.0 ]
[ 352.0, 218.0, 0.0 ]
[ 348.0, 198.0, 0.0 ]
[ 343.0, 182.0, 0.0 ]
[ 332.0, 165.0, 0.0 ]
[ 319.0, 152.0, 0.0 ]
[ 308.0, 141.0, 0.0 ]
[ 292.0, 134.0, 0.0 ]
[ 275.0, 128.0, 0.0 ]
[ 256.0, 126.0, 0.0 ]
[ 240.0, 127.0, 0.0 ]
[ 226.0, 131.0, 0.0 ]
[ 209.0, 139.0, 0.0 ]
[ 194.0, 147.0, 0.0 ]
[ 182.0, 158.0, 0.0 ]
[ 171.0, 171.0, 0.0 ]
[ 163.0, 184.0, 0.0 ]
[ 159.0, 195.0, 0.0 ]
[ 335.0, 299.0, 0.0 ]
[ 347.0, 300.0, 0.0 ]
[ 358.0, 299.0, 0.0 ]
[ 335.0, 315.0, 0.0 ]
[ 334.0, 327.0, 0.0 ]
[ 359.0, 316.0, 0.0 ]
[ 359.0, 329.0, 0.0 ]
[ 342.0, 329.0, 0.0 ]
[ 349.0, 329.0, 0.0 ]
[ 338.0, 329.0, 0.0 ]
[ 356.0, 330.0, 0.0 ]
[ 339.0, 345.0, 0.0 ]
[ 339.0, 380.0, 0.0 ]
[ 339.0, 399.0, 0.0 ]
[ 338.0, 416.0, 0.0 ]
[ 339.0, 363.0, 0.0 ]
[ 339.0, 434.0, 0.0 ]
[ 338.0, 459.0, 0.0 ]
[ 338.0, 482.0, 0.0 ]
[ 339.0, 501.0, 0.0 ]
[ 338.0, 524.0, 0.0 ]
[ 338.0, 547.0, 0.0 ]
[ 338.0, 582.0, 0.0 ]
[ 338.0, 564.0, 0.0 ]
[ 355.0, 346.0, 0.0 ]
[ 356.0, 365.0, 0.0 ]
[ 355.0, 387.0, 0.0 ]
[ 356.0, 408.0, 0.0 ]
[ 355.0, 431.0, 0.0 ]
[ 356.0, 451.0, 0.0 ]
[ 356.0, 498.0, 0.0 ]
[ 357.0, 474.0, 0.0 ]
[ 357.0, 521.0, 0.0 ]
[ 357.0, 542.0, 0.0 ]
[ 359.0, 559.0, 0.0 ]
[ 358.0, 571.0, 0.0 ]
[ 358.0, 584.0, 0.0 ]
[ 359.0, 598.0, 0.0 ]
[ 338.0, 597.0, 0.0 ]
[ 348.0, 601.0, 0.0 ]
[ 371.0, 587.0, 0.0 ]
[ 390.0, 591.0, 0.0 ]
[ 404.0, 594.0, 0.0 ]
[ 418.0, 603.0, 0.0 ]
[ 422.0, 613.0, 0.0 ]
[ 414.0, 622.0, 0.0 ]
[ 402.0, 628.0, 0.0 ]
[ 383.0, 632.0, 0.0 ]
[ 370.0, 634.0, 0.0 ]
[ 358.0, 636.0, 0.0 ]
[ 337.0, 636.0, 0.0 ]
[ 315.0, 636.0, 0.0 ]
[ 299.0, 634.0, 0.0 ]
[ 282.0, 633.0, 0.0 ]
[ 264.0, 629.0, 0.0 ]
[ 246.0, 623.0, 0.0 ]
[ 234.0, 618.0, 0.0 ]
[ 227.0, 607.0, 0.0 ]
[ 239.0, 596.0, 0.0 ]
[ 256.0, 590.0, 0.0 ]
[ 295.0, 584.0, 0.0 ]
[ 318.0, 583.0, 0.0 ]
[ 276.0, 587.0, 0.0 ]
[ 236.0, 614.0, 0.0 ]
[ 245.0, 619.0, 0.0 ]
[ 254.0, 623.0, 0.0 ]
[ 276.0, 627.0, 0.0 ]
[ 292.0, 629.0, 0.0 ]
[ 308.0, 631.0, 0.0 ]
[ 323.0, 631.0, 0.0 ]
[ 339.0, 631.0, 0.0 ]
[ 356.0, 632.0, 0.0 ]
[ 369.0, 630.0, 0.0 ]
[ 388.0, 627.0, 0.0 ]
[ 400.0, 624.0, 0.0 ]
[ 411.0, 621.0, 0.0 ]
[ 417.0, 616.0, 0.0 ]
[ 427.0, 612.0, 0.0 ]
[ 426.0, 620.0, 0.0 ]
[ 417.0, 626.0, 0.0 ]
[ 407.0, 631.0, 0.0 ]
[ 394.0, 635.0, 0.0 ]
[ 379.0, 637.0, 0.0 ]
[ 364.0, 639.0, 0.0 ]
[ 349.0, 640.0, 0.0 ]
[ 327.0, 640.0, 0.0 ]
[ 307.0, 640.0, 0.0 ]
[ 289.0, 638.0, 0.0 ]
[ 271.0, 634.0, 0.0 ]
[ 253.0, 629.0, 0.0 ]
[ 347.0, 344.0, 0.0 ]
[ 346.0, 364.0, 0.0 ]
[ 346.0, 389.0, 0.0 ]
[ 347.0, 412.0, 0.0 ]
[ 346.0, 433.0, 0.0 ]
[ 346.0, 456.0, 0.0 ]
[ 346.0, 481.0, 0.0 ]
[ 347.0, 505.0, 0.0 ]
[ 347.0, 525.0, 0.0 ]
[ 346.0, 548.0, 0.0 ]
[ 346.0, 570.0, 0.0 ]
[ 346.0, 587.0, 0.0 ]
[ 341.0, 306.0, 0.0 ]
[ 341.0, 317.0, 0.0 ]
[ 350.0, 308.0, 0.0 ]
[ 351.0, 318.0, 0.0 ]
[ 347.0, 289.0, 0.0 ]
[ 347.0, 274.0, 0.0 ]
[ 347.0, 256.0, 0.0 ]
[ 348.0, 239.0, 0.0 ]
[ 346.0, 220.0, 0.0 ]
[ 343.0, 200.0, 0.0 ]
[ 335.0, 184.0, 0.0 ]
[ 325.0, 167.0, 0.0 ]
[ 313.0, 153.0, 0.0 ]
[ 302.0, 146.0, 0.0 ]
[ 292.0, 141.0, 0.0 ]
[ 278.0, 134.0, 0.0 ]
[ 260.0, 133.0, 0.0 ]
[ 237.0, 135.0, 0.0 ]
[ 219.0, 140.0, 0.0 ]
[ 207.0, 146.0, 0.0 ]
[ 195.0, 154.0, 0.0 ]
[ 185.0, 165.0, 0.0 ]
[ 174.0, 179.0, 0.0 ]
[ 166.0, 194.0, 0.0 ]
[ 164.0, 209.0, 0.0 ]
[ 171.0, 232.0, 0.0 ]
[ 152.0, 227.0, 0.0 ]
[ 108.0, 382.0, 0.0 ]
[ 87.0, 331.0, 0.0 ]
[ 105.0, 284.0, 0.0 ]
[ 98.0, 269.0, 0.0 ]
[ 247.0, 606.0, 0.0 ]
[ 273.0, 599.0, 0.0 ]
[ 323.0, 595.0, 0.0 ]
[ 381.0, 598.0, 0.0 ]
[ 402.0, 607.0, 0.0 ]
[ 384.0, 616.0, 0.0 ]
[ 354.0, 618.0, 0.0 ]
[ 332.0, 618.0, 0.0 ]
[ 308.0, 616.0, 0.0 ]
[ 289.0, 614.0, 0.0 ]
[ 271.0, 612.0, 0.0 ]
[ 290.0, 598.0, 0.0 ]
[ 310.0, 597.0, 0.0 ]
[ 310.0, 605.0, 0.0 ]
[ 371.0, 618.0, 0.0 ]
[ 371.0, 597.0, 0.0 ]
[ 371.0, 608.0, 0.0 ]
[ 311.0, 541.0, 0.0 ]
[ 241.0, 549.0, 0.0 ]
[ 211.0, 554.0, 0.0 ]
[ 127.0, 564.0, 0.0 ]
[ 394.0, 559.0, 0.0 ]
[ 398.0, 563.0, 0.0 ]
[ 407.0, 569.0, 0.0 ]
[ 419.0, 576.0, 0.0 ]
[ 432.0, 591.0, 0.0 ]
[ 438.0, 635.0, 0.0 ]
[ 410.0, 651.0, 0.0 ]
[ 372.0, 662.0, 0.0 ]
[ 186.0, 601.0, 0.0 ]
[ 63.0, 475.0, 0.0 ]
[ 191.0, 474.0, 0.0 ]
[ 2.0, 475.0, 0.0 ]
