600 452
[ 0.0, 0.0, 0.0 ]
[ 600.0, 0.0, 0.0 ]
[ 600.0, 452.0, 0.0 ]
[ 0.0, 452.0, 0.0 ]
[ 93.0, 162.0, 0.0 ]
[ 112.0, 155.0, 0.0 ]
[ 136.0, 162.0, 0.0 ]
[ 118.0, 174.0, 0.0 ]
[ 152.0, 173.0, 0.0 ]
[ 148.0, 248.0, 0.0 ]
[ 155.0, 258.0, 0.0 ]
[ 85.0, 171.0, 0.0 ]
[ 114.0, 195.0, 0.0 ]
[ 78.0, 253.0, 0.0 ]
[ 80.0, 295.0, 0.0 ]
[ 117.0, 307.0, 0.0 ]
[ 110.0, 299.0, 0.0 ]
[ 190.0, 307.0, 0.0 ]
[ 167.0, 266.0, 0.0 ]
[ 172.0, 225.0, 0.0 ]
[ 186.0, 195.0, 0.0 ]
[ 228.0, 178.0, 0.0 ]
[ 267.0, 173.0, 0.0 ]
[ 287.0, 184.0, 0.0 ]
[ 261.0, 206.0, 0.0 ]
[ 274.0, 216.0, 0.0 ]
[ 280.0, 254.0, 0.0 ]
[ 235.0, 218.0, 0.0 ]
[ 246.0, 231.0, 0.0 ]
[ 251.0, 263.0, 0.0 ]
[ 248.0, 270.0, 0.0 ]
[ 231.0, 236.0, 0.0 ]
[ 234.0, 260.0, 0.0 ]
[ 211.0, 188.0, 0.0 ]
[ 190.0, 225.0, 0.0 ]
[ 192.0, 243.0, 0.0 ]
[ 167.0, 252.0, 0.0 ]
[ 206.0, 271.0, 0.0 ]
[ 182.0, 293.0, 0.0 ]
[ 199.0, 308.0, 0.0 ]
[ 225.0, 296.0, 0.0 ]
[ 223.0, 315.0, 0.0 ]
[ 259.0, 309.0, 0.0 ]
[ 294.0, 293.0, 0.0 ]
[ 156.0, 189.0, 0.0 ]
[ 152.0, 224.0, 0.0 ]
[ 114.0, 235.0, 0.0 ]
[ 81.0, 225.0, 0.0 ]
[ 111.0, 264.0, 0.0 ]
[ 77.0, 282.0, 0.0 ]
[ 108.0, 280.0, 0.0 ]
[ 271.0, 274.0, 0.0 ]
[ 284.0, 301.0, 0.0 ]
[ 294.0, 292.0, 0.0 ]
[ 287.0, 215.0, 0.0 ]
[ 291.0, 250.0, 0.0 ]
[ 294.0, 276.0, 0.0 ]
[ 302.0, 172.0, 0.0 ]
[ 332.0, 180.0, 0.0 ]
[ 332.0, 166.0, 0.0 ]
[ 349.0, 173.0, 0.0 ]
[ 333.0, 195.0, 0.0 ]
[ 335.0, 213.0, 0.0 ]
[ 333.0, 243.0, 0.0 ]
[ 336.0, 263.0, 0.0 ]
[ 344.0, 244.0, 0.0 ]
[ 355.0, 224.0, 0.0 ]
[ 354.0, 206.0, 0.0 ]
[ 354.0, 190.0, 0.0 ]
[ 397.0, 246.0, 0.0 ]
[ 384.0, 268.0, 0.0 ]
[ 369.0, 288.0, 0.0 ]
[ 351.0, 311.0, 0.0 ]
[ 298.0, 299.0, 0.0 ]
[ 326.0, 312.0, 0.0 ]
[ 368.0, 208.0, 0.0 ]
[ 408.0, 229.0, 0.0 ]
[ 382.0, 195.0, 0.0 ]
[ 408.0, 207.0, 0.0 ]
[ 406.0, 185.0, 0.0 ]
[ 428.0, 197.0, 0.0 ]
[ 424.0, 228.0, 0.0 ]
[ 414.0, 245.0, 0.0 ]
[ 401.0, 266.0, 0.0 ]
[ 387.0, 287.0, 0.0 ]
[ 375.0, 306.0, 0.0 ]
[ 441.0, 192.0, 0.0 ]
[ 443.0, 208.0, 0.0 ]
[ 456.0, 190.0, 0.0 ]
[ 463.0, 200.0, 0.0 ]
[ 473.0, 191.0, 0.0 ]
[ 473.0, 200.0, 0.0 ]
[ 493.0, 201.0, 0.0 ]
[ 456.0, 234.0, 0.0 ]
[ 467.0, 231.0, 0.0 ]
[ 475.0, 230.0, 0.0 ]
[ 486.0, 236.0, 0.0 ]
[ 477.0, 240.0, 0.0 ]
[ 488.0, 244.0, 0.0 ]
[ 454.0, 251.0, 0.0 ]
[ 464.0, 250.0, 0.0 ]
[ 461.0, 242.0, 0.0 ]
[ 411.0, 267.0, 0.0 ]
[ 452.0, 277.0, 0.0 ]
[ 398.0, 287.0, 0.0 ]
[ 412.0, 291.0, 0.0 ]
[ 415.0, 304.0, 0.0 ]
[ 408.0, 297.0, 0.0 ]
[ 439.0, 316.0, 0.0 ]
[ 462.0, 296.0, 0.0 ]
[ 480.0, 320.0, 0.0 ]
[ 480.0, 299.0, 0.0 ]
[ 468.0, 277.0, 0.0 ]
[ 489.0, 287.0, 0.0 ]
[ 487.0, 270.0, 0.0 ]
[ 506.0, 277.0, 0.0 ]
[ 503.0, 266.0, 0.0 ]
[ 512.0, 274.0, 0.0 ]
[ 526.0, 280.0, 0.0 ]
[ 528.0, 293.0, 0.0 ]
[ 524.0, 302.0, 0.0 ]
[ 505.0, 307.0, 0.0 ]
[ 490.0, 315.0, 0.0 ]
[ 508.0, 211.0, 0.0 ]
[ 520.0, 229.0, 0.0 ]
[ 530.0, 248.0, 0.0 ]
[ 520.0, 261.0, 0.0 ]
[ 522.0, 274.0, 0.0 ]
[ 10.0, 431.0, 0.0 ]
