1258 708
[ 0.0, 0.0, 0.0 ]
[ 1258.0, 0.0, 0.0 ]
[ 1258.0, 708.0, 0.0 ]
[ 0.0, 708.0, 0.0 ]
[ 699.0, 197.0, 0.0 ]
[ 702.0, 167.0, 0.0 ]
[ 717.0, 155.0, 0.0 ]
[ 735.0, 162.0, 0.0 ]
[ 741.0, 176.0, 0.0 ]
[ 743.0, 193.0, 0.0 ]
[ 740.0, 207.0, 0.0 ]
[ 723.0, 210.0, 0.0 ]
[ 708.0, 191.0, 0.0 ]
[ 721.0, 172.0, 0.0 ]
[ 731.0, 190.0, 0.0 ]
[ 726.0, 166.0, 0.0 ]
[ 714.0, 163.0, 0.0 ]
[ 712.0, 170.0, 0.0 ]
[ 590.0, 229.0, 0.0 ]
[ 567.0, 253.0, 0.0 ]
[ 562.0, 277.0, 0.0 ]
[ 568.0, 293.0, 0.0 ]
[ 590.0, 303.0, 0.0 ]
[ 603.0, 305.0, 0.0 ]
[ 599.0, 315.0, 0.0 ]
[ 590.0, 317.0, 0.0 ]
[ 581.0, 305.0, 0.0 ]
[ 572.0, 299.0, 0.0 ]
[ 563.0, 285.0, 0.0 ]
[ 562.0, 267.0, 0.0 ]
[ 561.0, 256.0, 0.0 ]
[ 556.0, 250.0, 0.0 ]
[ 556.0, 238.0, 0.0 ]
[ 572.0, 233.0, 0.0 ]
[ 740.0, 102.0, 0.0 ]
[ 764.0, 63.0, 0.0 ]
[ 790.0, 24.0, 0.0 ]
[ 806.0, 3.0, 0.0 ]
[ 825.0, 4.0, 0.0 ]
[ 841.0, 17.0, 0.0 ]
[ 842.0, 53.0, 0.0 ]
[ 848.0, 93.0, 0.0 ]
[ 850.0, 133.0, 0.0 ]
[ 832.0, 162.0, 0.0 ]
[ 823.0, 186.0, 0.0 ]
[ 841.0, 213.0, 0.0 ]
[ 840.0, 225.0, 0.0 ]
[ 845.0, 250.0, 0.0 ]
[ 878.0, 305.0, 0.0 ]
[ 824.0, 21.0, 0.0 ]
[ 817.0, 20.0, 0.0 ]
[ 802.0, 36.0, 0.0 ]
[ 790.0, 69.0, 0.0 ]
[ 788.0, 109.0, 0.0 ]
[ 785.0, 140.0, 0.0 ]
[ 826.0, 79.0, 0.0 ]
[ 830.0, 120.0, 0.0 ]
[ 802.0, 162.0, 0.0 ]
[ 705.0, 112.0, 0.0 ]
[ 663.0, 115.0, 0.0 ]
[ 610.0, 128.0, 0.0 ]
[ 569.0, 164.0, 0.0 ]
[ 561.0, 192.0, 0.0 ]
[ 535.0, 226.0, 0.0 ]
[ 526.0, 270.0, 0.0 ]
[ 530.0, 311.0, 0.0 ]
[ 550.0, 359.0, 0.0 ]
[ 575.0, 399.0, 0.0 ]
[ 590.0, 401.0, 0.0 ]
[ 611.0, 372.0, 0.0 ]
[ 647.0, 360.0, 0.0 ]
[ 676.0, 378.0, 0.0 ]
[ 719.0, 383.0, 0.0 ]
[ 764.0, 362.0, 0.0 ]
[ 827.0, 330.0, 0.0 ]
[ 856.0, 295.0, 0.0 ]
[ 593.0, 458.0, 0.0 ]
[ 610.0, 521.0, 0.0 ]
[ 628.0, 587.0, 0.0 ]
[ 649.0, 654.0, 0.0 ]
[ 681.0, 702.0, 0.0 ]
[ 929.0, 305.0, 0.0 ]
[ 989.0, 323.0, 0.0 ]
[ 1035.0, 358.0, 0.0 ]
[ 1079.0, 425.0, 0.0 ]
[ 1107.0, 493.0, 0.0 ]
[ 1114.0, 538.0, 0.0 ]
[ 1140.0, 589.0, 0.0 ]
[ 1155.0, 634.0, 0.0 ]
[ 1156.0, 678.0, 0.0 ]
[ 1100.0, 671.0, 0.0 ]
[ 1087.0, 641.0, 0.0 ]
[ 1073.0, 692.0, 0.0 ]
[ 1041.0, 701.0, 0.0 ]
[ 981.0, 703.0, 0.0 ]
[ 938.0, 697.0, 0.0 ]
[ 866.0, 699.0, 0.0 ]
[ 805.0, 697.0, 0.0 ]
[ 727.0, 699.0, 0.0 ]
[ 711.0, 597.0, 0.0 ]
[ 695.0, 517.0, 0.0 ]
[ 642.0, 315.0, 0.0 ]
[ 727.0, 336.0, 0.0 ]
[ 755.0, 300.0, 0.0 ]
[ 753.0, 261.0, 0.0 ]
[ 745.0, 231.0, 0.0 ]
[ 710.0, 218.0, 0.0 ]
[ 664.0, 210.0, 0.0 ]
[ 631.0, 223.0, 0.0 ]
[ 602.0, 228.0, 0.0 ]
[ 660.0, 259.0, 0.0 ]
[ 699.0, 302.0, 0.0 ]
[ 818.0, 293.0, 0.0 ]
[ 805.0, 210.0, 0.0 ]
[ 664.0, 138.0, 0.0 ]
[ 617.0, 158.0, 0.0 ]
[ 591.0, 199.0, 0.0 ]
[ 593.0, 213.0, 0.0 ]
[ 557.0, 217.0, 0.0 ]
[ 651.0, 202.0, 0.0 ]
[ 673.0, 165.0, 0.0 ]
[ 633.0, 393.0, 0.0 ]
[ 660.0, 445.0, 0.0 ]
[ 758.0, 465.0, 0.0 ]
[ 654.0, 554.0, 0.0 ]
[ 765.0, 566.0, 0.0 ]
[ 875.0, 586.0, 0.0 ]
[ 859.0, 482.0, 0.0 ]
[ 836.0, 413.0, 0.0 ]
[ 877.0, 346.0, 0.0 ]
[ 967.0, 385.0, 0.0 ]
[ 977.0, 448.0, 0.0 ]
[ 990.0, 533.0, 0.0 ]
[ 1028.0, 601.0, 0.0 ]
[ 1004.0, 670.0, 0.0 ]
[ 768.0, 614.0, 0.0 ]
[ 750.0, 524.0, 0.0 ]
[ 752.0, 69.0, 0.0 ]
[ 750.0, 38.0, 0.0 ]
[ 740.0, 18.0, 0.0 ]
[ 719.0, 16.0, 0.0 ]
[ 701.0, 26.0, 0.0 ]
[ 691.0, 49.0, 0.0 ]
[ 691.0, 74.0, 0.0 ]
[ 692.0, 93.0, 0.0 ]
[ 684.0, 107.0, 0.0 ]
[ 740.0, 50.0, 0.0 ]
[ 716.0, 83.0, 0.0 ]
[ 758.0, 76.0, 0.0 ]
[ 811.0, 258.0, 0.0 ]
[ 952.0, 341.0, 0.0 ]
[ 920.0, 440.0, 0.0 ]
[ 933.0, 538.0, 0.0 ]
[ 1075.0, 483.0, 0.0 ]
[ 1042.0, 411.0, 0.0 ]
[ 1004.0, 367.0, 0.0 ]
[ 1118.0, 574.0, 0.0 ]
[ 1049.0, 563.0, 0.0 ]
[ 966.0, 595.0, 0.0 ]
[ 769.0, 381.0, 0.0 ]
[ 690.0, 390.0, 0.0 ]
[ 272.0, 184.0, 0.0 ]
[ 288.0, 307.0, 0.0 ]
[ 282.0, 463.0, 0.0 ]
[ 408.0, 520.0, 0.0 ]
[ 540.0, 544.0, 0.0 ]
[ 598.0, 595.0, 0.0 ]
[ 747.0, 91.0, 0.0 ]
[ 722.0, 109.0, 0.0 ]
[ 763.0, 126.0, 0.0 ]
[ 842.0, 115.0, 0.0 ]
[ 838.0, 135.0, 0.0 ]
[ 838.0, 79.0, 0.0 ]
[ 621.0, 444.0, 0.0 ]
[ 635.0, 510.0, 0.0 ]
[ 654.0, 580.0, 0.0 ]
[ 666.0, 625.0, 0.0 ]
[ 807.0, 614.0, 0.0 ]
[ 784.0, 548.0, 0.0 ]
[ 778.0, 481.0, 0.0 ]
[ 782.0, 423.0, 0.0 ]
[ 722.0, 444.0, 0.0 ]
[ 717.0, 569.0, 0.0 ]
[ 706.0, 680.0, 0.0 ]
[ 1040.0, 414.0, 0.0 ]
[ 771.0, 702.0, 0.0 ]
[ 771.0, 678.0, 0.0 ]
[ 756.0, 615.0, 0.0 ]
[ 750.0, 580.0, 0.0 ]
[ 786.0, 697.0, 0.0 ]
[ 785.0, 646.0, 0.0 ]
[ 786.0, 663.0, 0.0 ]
[ 786.0, 617.0, 0.0 ]
[ 786.0, 575.0, 0.0 ]
[ 894.0, 694.0, 0.0 ]
[ 908.0, 624.0, 0.0 ]
[ 921.0, 570.0, 0.0 ]
[ 965.0, 648.0, 0.0 ]
[ 867.0, 672.0, 0.0 ]
[ 821.0, 671.0, 0.0 ]
[ 1033.0, 514.0, 0.0 ]
[ 738.0, 692.0, 0.0 ]
[ 738.0, 282.0, 0.0 ]
[ 759.0, 172.0, 0.0 ]
[ 596.0, 170.0, 0.0 ]
[ 657.0, 129.0, 0.0 ]
[ 21.0, 307.0, 0.0 ]
