1063 708
[ 0.0, 0.0, 0.0 ]
[ 1063.0, 0.0, 0.0 ]
[ 1063.0, 708.0, 0.0 ]
[ 0.0, 708.0, 0.0 ]
[ 327.0, 183.0, 0.0 ]
[ 313.0, 192.0, 0.0 ]
[ 299.0, 205.0, 0.0 ]
[ 291.0, 212.0, 0.0 ]
[ 288.0, 220.0, 0.0 ]
[ 279.0, 227.0, 0.0 ]
[ 277.0, 238.0, 0.0 ]
[ 270.0, 246.0, 0.0 ]
[ 264.0, 258.0, 0.0 ]
[ 267.0, 289.0, 0.0 ]
[ 272.0, 301.0, 0.0 ]
[ 285.0, 313.0, 0.0 ]
[ 301.0, 320.0, 0.0 ]
[ 312.0, 329.0, 0.0 ]
[ 321.0, 341.0, 0.0 ]
[ 333.0, 355.0, 0.0 ]
[ 344.0, 371.0, 0.0 ]
[ 358.0, 391.0, 0.0 ]
[ 379.0, 448.0, 0.0 ]
[ 392.0, 485.0, 0.0 ]
[ 369.0, 420.0, 0.0 ]
[ 339.0, 365.0, 0.0 ]
[ 334.0, 379.0, 0.0 ]
[ 324.0, 396.0, 0.0 ]
[ 314.0, 415.0, 0.0 ]
[ 304.0, 435.0, 0.0 ]
[ 290.0, 454.0, 0.0 ]
[ 282.0, 474.0, 0.0 ]
[ 272.0, 492.0, 0.0 ]
[ 268.0, 511.0, 0.0 ]
[ 266.0, 528.0, 0.0 ]
[ 268.0, 553.0, 0.0 ]
[ 279.0, 569.0, 0.0 ]
[ 291.0, 584.0, 0.0 ]
[ 293.0, 597.0, 0.0 ]
[ 284.0, 610.0, 0.0 ]
[ 277.0, 622.0, 0.0 ]
[ 277.0, 640.0, 0.0 ]
[ 289.0, 649.0, 0.0 ]
[ 307.0, 658.0, 0.0 ]
[ 328.0, 663.0, 0.0 ]
[ 348.0, 663.0, 0.0 ]
[ 366.0, 659.0, 0.0 ]
[ 368.0, 643.0, 0.0 ]
[ 373.0, 654.0, 0.0 ]
[ 385.0, 635.0, 0.0 ]
[ 394.0, 625.0, 0.0 ]
[ 398.0, 613.0, 0.0 ]
[ 395.0, 593.0, 0.0 ]
[ 387.0, 578.0, 0.0 ]
[ 374.0, 565.0, 0.0 ]
[ 360.0, 557.0, 0.0 ]
[ 345.0, 556.0, 0.0 ]
[ 335.0, 553.0, 0.0 ]
[ 327.0, 550.0, 0.0 ]
[ 314.0, 544.0, 0.0 ]
[ 336.0, 161.0, 0.0 ]
[ 352.0, 144.0, 0.0 ]
[ 373.0, 129.0, 0.0 ]
[ 397.0, 114.0, 0.0 ]
[ 427.0, 102.0, 0.0 ]
[ 456.0, 95.0, 0.0 ]
[ 490.0, 91.0, 0.0 ]
[ 516.0, 96.0, 0.0 ]
[ 546.0, 106.0, 0.0 ]
[ 566.0, 117.0, 0.0 ]
[ 589.0, 130.0, 0.0 ]
[ 613.0, 149.0, 0.0 ]
[ 631.0, 168.0, 0.0 ]
[ 645.0, 196.0, 0.0 ]
[ 662.0, 217.0, 0.0 ]
[ 681.0, 241.0, 0.0 ]
[ 696.0, 257.0, 0.0 ]
[ 722.0, 287.0, 0.0 ]
[ 742.0, 310.0, 0.0 ]
[ 763.0, 337.0, 0.0 ]
[ 778.0, 367.0, 0.0 ]
[ 796.0, 399.0, 0.0 ]
[ 813.0, 426.0, 0.0 ]
[ 826.0, 449.0, 0.0 ]
[ 856.0, 492.0, 0.0 ]
[ 880.0, 514.0, 0.0 ]
[ 904.0, 533.0, 0.0 ]
[ 924.0, 549.0, 0.0 ]
[ 947.0, 563.0, 0.0 ]
[ 975.0, 565.0, 0.0 ]
[ 996.0, 559.0, 0.0 ]
[ 1021.0, 557.0, 0.0 ]
[ 1041.0, 557.0, 0.0 ]
[ 1056.0, 566.0, 0.0 ]
[ 1062.0, 576.0, 0.0 ]
[ 1051.0, 628.0, 0.0 ]
[ 1062.0, 621.0, 0.0 ]
[ 1040.0, 624.0, 0.0 ]
[ 1034.0, 618.0, 0.0 ]
[ 1025.0, 612.0, 0.0 ]
[ 1017.0, 612.0, 0.0 ]
[ 1023.0, 600.0, 0.0 ]
[ 1038.0, 598.0, 0.0 ]
[ 1051.0, 603.0, 0.0 ]
[ 1055.0, 614.0, 0.0 ]
[ 1046.0, 619.0, 0.0 ]
[ 1006.0, 626.0, 0.0 ]
[ 986.0, 622.0, 0.0 ]
[ 964.0, 616.0, 0.0 ]
[ 937.0, 609.0, 0.0 ]
[ 914.0, 602.0, 0.0 ]
[ 894.0, 598.0, 0.0 ]
[ 868.0, 595.0, 0.0 ]
[ 843.0, 595.0, 0.0 ]
[ 823.0, 591.0, 0.0 ]
[ 806.0, 590.0, 0.0 ]
[ 782.0, 593.0, 0.0 ]
[ 764.0, 603.0, 0.0 ]
[ 736.0, 614.0, 0.0 ]
[ 703.0, 622.0, 0.0 ]
[ 671.0, 628.0, 0.0 ]
[ 640.0, 632.0, 0.0 ]
[ 603.0, 634.0, 0.0 ]
[ 567.0, 637.0, 0.0 ]
[ 522.0, 632.0, 0.0 ]
[ 481.0, 628.0, 0.0 ]
[ 458.0, 619.0, 0.0 ]
[ 428.0, 613.0, 0.0 ]
[ 399.0, 607.0, 0.0 ]
[ 304.0, 529.0, 0.0 ]
[ 293.0, 510.0, 0.0 ]
[ 299.0, 502.0, 0.0 ]
[ 313.0, 508.0, 0.0 ]
[ 328.0, 520.0, 0.0 ]
[ 341.0, 538.0, 0.0 ]
[ 283.0, 529.0, 0.0 ]
[ 292.0, 552.0, 0.0 ]
[ 312.0, 567.0, 0.0 ]
[ 343.0, 593.0, 0.0 ]
[ 365.0, 597.0, 0.0 ]
[ 311.0, 591.0, 0.0 ]
[ 309.0, 612.0, 0.0 ]
[ 335.0, 621.0, 0.0 ]
[ 357.0, 625.0, 0.0 ]
[ 326.0, 636.0, 0.0 ]
[ 304.0, 627.0, 0.0 ]
[ 292.0, 618.0, 0.0 ]
[ 315.0, 640.0, 0.0 ]
[ 346.0, 640.0, 0.0 ]
[ 873.0, 534.0, 0.0 ]
[ 877.0, 554.0, 0.0 ]
[ 886.0, 574.0, 0.0 ]
[ 906.0, 572.0, 0.0 ]
[ 930.0, 584.0, 0.0 ]
[ 962.0, 598.0, 0.0 ]
[ 990.0, 601.0, 0.0 ]
[ 979.0, 577.0, 0.0 ]
[ 960.0, 566.0, 0.0 ]
[ 995.0, 588.0, 0.0 ]
[ 1015.0, 575.0, 0.0 ]
[ 1042.0, 584.0, 0.0 ]
[ 1057.0, 593.0, 0.0 ]
[ 841.0, 472.0, 0.0 ]
[ 838.0, 498.0, 0.0 ]
[ 838.0, 533.0, 0.0 ]
[ 828.0, 554.0, 0.0 ]
[ 814.0, 572.0, 0.0 ]
[ 852.0, 555.0, 0.0 ]
[ 857.0, 526.0, 0.0 ]
[ 846.0, 577.0, 0.0 ]
[ 603.0, 155.0, 0.0 ]
[ 621.0, 181.0, 0.0 ]
[ 632.0, 205.0, 0.0 ]
[ 637.0, 232.0, 0.0 ]
[ 644.0, 264.0, 0.0 ]
[ 638.0, 301.0, 0.0 ]
[ 628.0, 331.0, 0.0 ]
[ 593.0, 377.0, 0.0 ]
[ 569.0, 412.0, 0.0 ]
[ 529.0, 441.0, 0.0 ]
[ 476.0, 448.0, 0.0 ]
[ 429.0, 436.0, 0.0 ]
[ 392.0, 418.0, 0.0 ]
[ 319.0, 461.0, 0.0 ]
[ 313.0, 486.0, 0.0 ]
[ 319.0, 507.0, 0.0 ]
[ 329.0, 446.0, 0.0 ]
[ 338.0, 421.0, 0.0 ]
[ 343.0, 399.0, 0.0 ]
[ 348.0, 482.0, 0.0 ]
[ 364.0, 522.0, 0.0 ]
[ 401.0, 554.0, 0.0 ]
[ 446.0, 574.0, 0.0 ]
[ 506.0, 582.0, 0.0 ]
[ 569.0, 587.0, 0.0 ]
[ 662.0, 578.0, 0.0 ]
[ 728.0, 554.0, 0.0 ]
[ 781.0, 524.0, 0.0 ]
[ 798.0, 483.0, 0.0 ]
[ 777.0, 432.0, 0.0 ]
[ 748.0, 493.0, 0.0 ]
[ 697.0, 518.0, 0.0 ]
[ 628.0, 533.0, 0.0 ]
[ 557.0, 539.0, 0.0 ]
[ 498.0, 531.0, 0.0 ]
[ 440.0, 507.0, 0.0 ]
[ 324.0, 412.0, 0.0 ]
[ 313.0, 436.0, 0.0 ]
[ 306.0, 452.0, 0.0 ]
[ 295.0, 473.0, 0.0 ]
[ 293.0, 491.0, 0.0 ]
[ 460.0, 481.0, 0.0 ]
[ 551.0, 487.0, 0.0 ]
[ 620.0, 472.0, 0.0 ]
[ 670.0, 435.0, 0.0 ]
[ 719.0, 398.0, 0.0 ]
[ 736.0, 346.0, 0.0 ]
[ 697.0, 326.0, 0.0 ]
[ 660.0, 379.0, 0.0 ]
[ 626.0, 416.0, 0.0 ]
[ 596.0, 436.0, 0.0 ]
[ 439.0, 403.0, 0.0 ]
[ 513.0, 404.0, 0.0 ]
[ 552.0, 380.0, 0.0 ]
[ 572.0, 336.0, 0.0 ]
[ 591.0, 280.0, 0.0 ]
[ 592.0, 231.0, 0.0 ]
[ 389.0, 372.0, 0.0 ]
[ 460.0, 363.0, 0.0 ]
[ 508.0, 342.0, 0.0 ]
[ 538.0, 300.0, 0.0 ]
[ 554.0, 248.0, 0.0 ]
[ 518.0, 172.0, 0.0 ]
[ 546.0, 138.0, 0.0 ]
[ 513.0, 116.0, 0.0 ]
[ 483.0, 113.0, 0.0 ]
[ 455.0, 115.0, 0.0 ]
[ 428.0, 122.0, 0.0 ]
[ 402.0, 133.0, 0.0 ]
[ 382.0, 148.0, 0.0 ]
[ 363.0, 164.0, 0.0 ]
[ 357.0, 175.0, 0.0 ]
[ 342.0, 172.0, 0.0 ]
[ 323.0, 197.0, 0.0 ]
[ 342.0, 197.0, 0.0 ]
[ 331.0, 212.0, 0.0 ]
[ 319.0, 222.0, 0.0 ]
[ 314.0, 238.0, 0.0 ]
[ 307.0, 231.0, 0.0 ]
[ 312.0, 210.0, 0.0 ]
[ 326.0, 204.0, 0.0 ]
[ 289.0, 247.0, 0.0 ]
[ 303.0, 271.0, 0.0 ]
[ 332.0, 276.0, 0.0 ]
[ 349.0, 286.0, 0.0 ]
[ 374.0, 300.0, 0.0 ]
[ 404.0, 295.0, 0.0 ]
[ 440.0, 282.0, 0.0 ]
[ 455.0, 262.0, 0.0 ]
[ 474.0, 243.0, 0.0 ]
[ 427.0, 229.0, 0.0 ]
[ 392.0, 220.0, 0.0 ]
[ 368.0, 212.0, 0.0 ]
[ 360.0, 192.0, 0.0 ]
[ 348.0, 228.0, 0.0 ]
[ 385.0, 253.0, 0.0 ]
[ 423.0, 257.0, 0.0 ]
[ 341.0, 262.0, 0.0 ]
[ 375.0, 273.0, 0.0 ]
[ 409.0, 271.0, 0.0 ]
[ 319.0, 291.0, 0.0 ]
[ 339.0, 292.0, 0.0 ]
[ 363.0, 305.0, 0.0 ]
[ 390.0, 311.0, 0.0 ]
[ 416.0, 305.0, 0.0 ]
[ 441.0, 301.0, 0.0 ]
[ 465.0, 291.0, 0.0 ]
[ 482.0, 284.0, 0.0 ]
[ 479.0, 297.0, 0.0 ]
[ 457.0, 306.0, 0.0 ]
[ 433.0, 314.0, 0.0 ]
[ 408.0, 320.0, 0.0 ]
[ 392.0, 320.0, 0.0 ]
[ 380.0, 314.0, 0.0 ]
[ 348.0, 309.0, 0.0 ]
[ 335.0, 311.0, 0.0 ]
[ 327.0, 316.0, 0.0 ]
[ 329.0, 326.0, 0.0 ]
[ 320.0, 317.0, 0.0 ]
[ 315.0, 307.0, 0.0 ]
[ 306.0, 306.0, 0.0 ]
[ 288.0, 284.0, 0.0 ]
[ 290.0, 298.0, 0.0 ]
[ 280.0, 277.0, 0.0 ]
[ 321.0, 267.0, 0.0 ]
[ 292.0, 220.0, 0.0 ]
[ 492.0, 181.0, 0.0 ]
[ 469.0, 190.0, 0.0 ]
[ 445.0, 188.0, 0.0 ]
[ 419.0, 173.0, 0.0 ]
[ 417.0, 160.0, 0.0 ]
[ 428.0, 142.0, 0.0 ]
[ 444.0, 135.0, 0.0 ]
[ 467.0, 132.0, 0.0 ]
[ 484.0, 138.0, 0.0 ]
[ 497.0, 151.0, 0.0 ]
[ 511.0, 160.0, 0.0 ]
[ 510.0, 172.0, 0.0 ]
[ 482.0, 163.0, 0.0 ]
[ 465.0, 149.0, 0.0 ]
[ 447.0, 148.0, 0.0 ]
[ 432.0, 154.0, 0.0 ]
[ 426.0, 165.0, 0.0 ]
[ 434.0, 173.0, 0.0 ]
[ 450.0, 179.0, 0.0 ]
[ 471.0, 180.0, 0.0 ]
[ 448.0, 157.0, 0.0 ]
[ 441.0, 161.0, 0.0 ]
[ 449.0, 167.0, 0.0 ]
[ 464.0, 165.0, 0.0 ]
[ 297.0, 279.0, 0.0 ]
[ 308.0, 271.0, 0.0 ]
[ 279.0, 264.0, 0.0 ]
[ 353.0, 450.0, 0.0 ]
[ 356.0, 432.0, 0.0 ]
[ 359.0, 413.0, 0.0 ]
[ 341.0, 512.0, 0.0 ]
[ 520.0, 225.0, 0.0 ]
[ 556.0, 201.0, 0.0 ]
[ 574.0, 138.0, 0.0 ]
[ 583.0, 178.0, 0.0 ]
[ 810.0, 522.0, 0.0 ]
[ 821.0, 493.0, 0.0 ]
[ 788.0, 572.0, 0.0 ]
[ 285.0, 321.0, 0.0 ]
[ 268.0, 297.0, 0.0 ]
[ 176.0, 362.0, 0.0 ]
[ 89.0, 205.0, 0.0 ]
[ 93.0, 70.0, 0.0 ]
[ 989.0, 188.0, 0.0 ]
[ 830.0, 44.0, 0.0 ]
[ 600.0, 10.0, 0.0 ]
[ 300.0, 28.0, 0.0 ]
[ 177.0, 90.0, 0.0 ]
[ 374.0, 618.0, 0.0 ]
[ 960.0, 499.0, 0.0 ]
[ 145.0, 477.0, 0.0 ]
[ 138.0, 617.0, 0.0 ]
[ 7.0, 424.0, 0.0 ]
