866 851
[ 0.0, 0.0, 0.0 ]
[ 866.0, 0.0, 0.0 ]
[ 866.0, 851.0, 0.0 ]
[ 0.0, 851.0, 0.0 ]
[ 257.0, 403.0, 0.0 ]
[ 262.0, 386.0, 0.0 ]
[ 273.0, 376.0, 0.0 ]
[ 294.0, 364.0, 0.0 ]
[ 315.0, 356.0, 0.0 ]
[ 338.0, 350.0, 0.0 ]
[ 365.0, 343.0, 0.0 ]
[ 394.0, 341.0, 0.0 ]
[ 422.0, 340.0, 0.0 ]
[ 452.0, 346.0, 0.0 ]
[ 474.0, 355.0, 0.0 ]
[ 492.0, 362.0, 0.0 ]
[ 507.0, 357.0, 0.0 ]
[ 486.0, 332.0, 0.0 ]
[ 467.0, 318.0, 0.0 ]
[ 461.0, 327.0, 0.0 ]
[ 449.0, 366.0, 0.0 ]
[ 449.0, 385.0, 0.0 ]
[ 452.0, 397.0, 0.0 ]
[ 474.0, 377.0, 0.0 ]
[ 438.0, 305.0, 0.0 ]
[ 433.0, 318.0, 0.0 ]
[ 421.0, 362.0, 0.0 ]
[ 421.0, 386.0, 0.0 ]
[ 422.0, 408.0, 0.0 ]
[ 431.0, 425.0, 0.0 ]
[ 403.0, 307.0, 0.0 ]
[ 409.0, 298.0, 0.0 ]
[ 395.0, 364.0, 0.0 ]
[ 393.0, 386.0, 0.0 ]
[ 396.0, 408.0, 0.0 ]
[ 399.0, 429.0, 0.0 ]
[ 409.0, 452.0, 0.0 ]
[ 416.0, 465.0, 0.0 ]
[ 488.0, 342.0, 0.0 ]
[ 501.0, 347.0, 0.0 ]
[ 369.0, 301.0, 0.0 ]
[ 368.0, 311.0, 0.0 ]
[ 366.0, 368.0, 0.0 ]
[ 364.0, 386.0, 0.0 ]
[ 363.0, 409.0, 0.0 ]
[ 363.0, 429.0, 0.0 ]
[ 358.0, 453.0, 0.0 ]
[ 351.0, 479.0, 0.0 ]
[ 346.0, 499.0, 0.0 ]
[ 340.0, 516.0, 0.0 ]
[ 336.0, 522.0, 0.0 ]
[ 332.0, 528.0, 0.0 ]
[ 381.0, 429.0, 0.0 ]
[ 381.0, 450.0, 0.0 ]
[ 382.0, 473.0, 0.0 ]
[ 380.0, 495.0, 0.0 ]
[ 379.0, 511.0, 0.0 ]
[ 378.0, 529.0, 0.0 ]
[ 375.0, 539.0, 0.0 ]
[ 412.0, 491.0, 0.0 ]
[ 410.0, 506.0, 0.0 ]
[ 413.0, 533.0, 0.0 ]
[ 416.0, 542.0, 0.0 ]
[ 339.0, 320.0, 0.0 ]
[ 337.0, 307.0, 0.0 ]
[ 339.0, 371.0, 0.0 ]
[ 338.0, 388.0, 0.0 ]
[ 339.0, 411.0, 0.0 ]
[ 338.0, 429.0, 0.0 ]
[ 337.0, 450.0, 0.0 ]
[ 335.0, 467.0, 0.0 ]
[ 329.0, 491.0, 0.0 ]
[ 322.0, 502.0, 0.0 ]
[ 313.0, 516.0, 0.0 ]
[ 313.0, 320.0, 0.0 ]
[ 314.0, 331.0, 0.0 ]
[ 318.0, 375.0, 0.0 ]
[ 317.0, 391.0, 0.0 ]
[ 315.0, 411.0, 0.0 ]
[ 314.0, 429.0, 0.0 ]
[ 311.0, 447.0, 0.0 ]
[ 310.0, 463.0, 0.0 ]
[ 305.0, 478.0, 0.0 ]
[ 300.0, 492.0, 0.0 ]
[ 295.0, 502.0, 0.0 ]
[ 290.0, 339.0, 0.0 ]
[ 294.0, 347.0, 0.0 ]
[ 296.0, 380.0, 0.0 ]
[ 296.0, 394.0, 0.0 ]
[ 295.0, 410.0, 0.0 ]
[ 292.0, 428.0, 0.0 ]
[ 289.0, 443.0, 0.0 ]
[ 287.0, 463.0, 0.0 ]
[ 281.0, 470.0, 0.0 ]
[ 274.0, 476.0, 0.0 ]
[ 274.0, 359.0, 0.0 ]
[ 274.0, 392.0, 0.0 ]
[ 277.0, 407.0, 0.0 ]
[ 270.0, 426.0, 0.0 ]
[ 273.0, 446.0, 0.0 ]
[ 264.0, 443.0, 0.0 ]
[ 258.0, 415.0, 0.0 ]
[ 535.0, 350.0, 0.0 ]
[ 580.0, 349.0, 0.0 ]
[ 615.0, 366.0, 0.0 ]
[ 646.0, 398.0, 0.0 ]
[ 672.0, 454.0, 0.0 ]
[ 668.0, 507.0, 0.0 ]
[ 648.0, 546.0, 0.0 ]
[ 633.0, 573.0, 0.0 ]
[ 587.0, 606.0, 0.0 ]
[ 509.0, 611.0, 0.0 ]
[ 453.0, 585.0, 0.0 ]
[ 430.0, 564.0, 0.0 ]
[ 660.0, 453.0, 0.0 ]
[ 656.0, 499.0, 0.0 ]
[ 641.0, 531.0, 0.0 ]
[ 617.0, 563.0, 0.0 ]
[ 566.0, 596.0, 0.0 ]
[ 510.0, 603.0, 0.0 ]
[ 509.0, 594.0, 0.0 ]
[ 562.0, 582.0, 0.0 ]
[ 597.0, 557.0, 0.0 ]
[ 630.0, 517.0, 0.0 ]
[ 647.0, 490.0, 0.0 ]
[ 647.0, 453.0, 0.0 ]
[ 637.0, 399.0, 0.0 ]
[ 539.0, 380.0, 0.0 ]
[ 577.0, 381.0, 0.0 ]
[ 600.0, 400.0, 0.0 ]
[ 611.0, 419.0, 0.0 ]
[ 618.0, 454.0, 0.0 ]
[ 611.0, 478.0, 0.0 ]
[ 596.0, 507.0, 0.0 ]
[ 571.0, 533.0, 0.0 ]
[ 549.0, 554.0, 0.0 ]
[ 526.0, 567.0, 0.0 ]
[ 498.0, 573.0, 0.0 ]
[ 475.0, 560.0, 0.0 ]
[ 456.0, 543.0, 0.0 ]
[ 440.0, 514.0, 0.0 ]
[ 440.0, 493.0, 0.0 ]
[ 446.0, 461.0, 0.0 ]
[ 458.0, 437.0, 0.0 ]
[ 477.0, 417.0, 0.0 ]
[ 489.0, 402.0, 0.0 ]
[ 508.0, 391.0, 0.0 ]
[ 497.0, 441.0, 0.0 ]
[ 525.0, 463.0, 0.0 ]
[ 548.0, 481.0, 0.0 ]
[ 563.0, 492.0, 0.0 ]
[ 579.0, 503.0, 0.0 ]
[ 513.0, 426.0, 0.0 ]
[ 526.0, 415.0, 0.0 ]
[ 548.0, 409.0, 0.0 ]
[ 572.0, 412.0, 0.0 ]
[ 588.0, 424.0, 0.0 ]
[ 592.0, 439.0, 0.0 ]
[ 591.0, 463.0, 0.0 ]
[ 586.0, 481.0, 0.0 ]
[ 555.0, 520.0, 0.0 ]
[ 533.0, 529.0, 0.0 ]
[ 503.0, 535.0, 0.0 ]
[ 491.0, 522.0, 0.0 ]
[ 476.0, 508.0, 0.0 ]
[ 473.0, 495.0, 0.0 ]
[ 473.0, 470.0, 0.0 ]
[ 483.0, 453.0, 0.0 ]
[ 504.0, 482.0, 0.0 ]
[ 504.0, 499.0, 0.0 ]
[ 515.0, 507.0, 0.0 ]
[ 534.0, 511.0, 0.0 ]
[ 550.0, 501.0, 0.0 ]
[ 571.0, 474.0, 0.0 ]
[ 573.0, 449.0, 0.0 ]
[ 563.0, 434.0, 0.0 ]
[ 536.0, 445.0, 0.0 ]
[ 423.0, 446.0, 0.0 ]
[ 644.0, 476.0, 0.0 ]
[ 653.0, 476.0, 0.0 ]
[ 639.0, 497.0, 0.0 ]
[ 647.0, 495.0, 0.0 ]
[ 639.0, 517.0, 0.0 ]
[ 632.0, 524.0, 0.0 ]
[ 620.0, 529.0, 0.0 ]
[ 627.0, 533.0, 0.0 ]
[ 617.0, 541.0, 0.0 ]
[ 612.0, 539.0, 0.0 ]
[ 603.0, 557.0, 0.0 ]
[ 593.0, 561.0, 0.0 ]
[ 592.0, 568.0, 0.0 ]
[ 646.0, 444.0, 0.0 ]
[ 653.0, 441.0, 0.0 ]
[ 653.0, 447.0, 0.0 ]
[ 653.0, 459.0, 0.0 ]
[ 815.0, 849.0, 0.0 ]
