1132 708
[ 0.0, 0.0, 0.0 ]
[ 1132.0, 0.0, 0.0 ]
[ 1132.0, 708.0, 0.0 ]
[ 0.0, 708.0, 0.0 ]
[ 364.0, 363.0, 0.0 ]
[ 341.0, 361.0, 0.0 ]
[ 307.0, 361.0, 0.0 ]
[ 278.0, 368.0, 0.0 ]
[ 249.0, 389.0, 0.0 ]
[ 235.0, 415.0, 0.0 ]
[ 212.0, 448.0, 0.0 ]
[ 184.0, 474.0, 0.0 ]
[ 184.0, 496.0, 0.0 ]
[ 190.0, 522.0, 0.0 ]
[ 203.0, 546.0, 0.0 ]
[ 222.0, 554.0, 0.0 ]
[ 246.0, 546.0, 0.0 ]
[ 256.0, 535.0, 0.0 ]
[ 250.0, 511.0, 0.0 ]
[ 264.0, 487.0, 0.0 ]
[ 280.0, 479.0, 0.0 ]
[ 297.0, 470.0, 0.0 ]
[ 321.0, 449.0, 0.0 ]
[ 334.0, 430.0, 0.0 ]
[ 337.0, 407.0, 0.0 ]
[ 346.0, 383.0, 0.0 ]
[ 355.0, 385.0, 0.0 ]
[ 351.0, 399.0, 0.0 ]
[ 348.0, 419.0, 0.0 ]
[ 348.0, 437.0, 0.0 ]
[ 353.0, 453.0, 0.0 ]
[ 359.0, 469.0, 0.0 ]
[ 363.0, 484.0, 0.0 ]
[ 366.0, 496.0, 0.0 ]
[ 348.0, 511.0, 0.0 ]
[ 329.0, 521.0, 0.0 ]
[ 314.0, 530.0, 0.0 ]
[ 305.0, 539.0, 0.0 ]
[ 307.0, 560.0, 0.0 ]
[ 310.0, 578.0, 0.0 ]
[ 315.0, 602.0, 0.0 ]
[ 314.0, 620.0, 0.0 ]
[ 321.0, 634.0, 0.0 ]
[ 343.0, 629.0, 0.0 ]
[ 336.0, 607.0, 0.0 ]
[ 334.0, 589.0, 0.0 ]
[ 336.0, 571.0, 0.0 ]
[ 339.0, 562.0, 0.0 ]
[ 347.0, 576.0, 0.0 ]
[ 354.0, 591.0, 0.0 ]
[ 361.0, 606.0, 0.0 ]
[ 369.0, 619.0, 0.0 ]
[ 378.0, 630.0, 0.0 ]
[ 407.0, 630.0, 0.0 ]
[ 396.0, 617.0, 0.0 ]
[ 391.0, 605.0, 0.0 ]
[ 383.0, 594.0, 0.0 ]
[ 374.0, 580.0, 0.0 ]
[ 373.0, 567.0, 0.0 ]
[ 383.0, 554.0, 0.0 ]
[ 407.0, 542.0, 0.0 ]
[ 424.0, 530.0, 0.0 ]
[ 447.0, 517.0, 0.0 ]
[ 458.0, 505.0, 0.0 ]
[ 473.0, 493.0, 0.0 ]
[ 481.0, 485.0, 0.0 ]
[ 482.0, 472.0, 0.0 ]
[ 510.0, 474.0, 0.0 ]
[ 543.0, 474.0, 0.0 ]
[ 581.0, 468.0, 0.0 ]
[ 620.0, 453.0, 0.0 ]
[ 650.0, 441.0, 0.0 ]
[ 669.0, 432.0, 0.0 ]
[ 700.0, 442.0, 0.0 ]
[ 728.0, 454.0, 0.0 ]
[ 749.0, 464.0, 0.0 ]
[ 766.0, 476.0, 0.0 ]
[ 770.0, 504.0, 0.0 ]
[ 766.0, 536.0, 0.0 ]
[ 759.0, 560.0, 0.0 ]
[ 765.0, 580.0, 0.0 ]
[ 782.0, 591.0, 0.0 ]
[ 788.0, 574.0, 0.0 ]
[ 791.0, 543.0, 0.0 ]
[ 795.0, 532.0, 0.0 ]
[ 791.0, 500.0, 0.0 ]
[ 794.0, 480.0, 0.0 ]
[ 794.0, 464.0, 0.0 ]
[ 785.0, 448.0, 0.0 ]
[ 765.0, 435.0, 0.0 ]
[ 749.0, 418.0, 0.0 ]
[ 735.0, 403.0, 0.0 ]
[ 730.0, 396.0, 0.0 ]
[ 739.0, 383.0, 0.0 ]
[ 747.0, 361.0, 0.0 ]
[ 743.0, 339.0, 0.0 ]
[ 741.0, 322.0, 0.0 ]
[ 738.0, 305.0, 0.0 ]
[ 742.0, 288.0, 0.0 ]
[ 745.0, 268.0, 0.0 ]
[ 748.0, 247.0, 0.0 ]
[ 762.0, 259.0, 0.0 ]
[ 775.0, 281.0, 0.0 ]
[ 778.0, 287.0, 0.0 ]
[ 778.0, 298.0, 0.0 ]
[ 784.0, 312.0, 0.0 ]
[ 801.0, 311.0, 0.0 ]
[ 816.0, 302.0, 0.0 ]
[ 824.0, 287.0, 0.0 ]
[ 822.0, 268.0, 0.0 ]
[ 821.0, 250.0, 0.0 ]
[ 821.0, 235.0, 0.0 ]
[ 824.0, 223.0, 0.0 ]
[ 838.0, 211.0, 0.0 ]
[ 841.0, 186.0, 0.0 ]
[ 831.0, 165.0, 0.0 ]
[ 811.0, 149.0, 0.0 ]
[ 791.0, 134.0, 0.0 ]
[ 761.0, 126.0, 0.0 ]
[ 731.0, 117.0, 0.0 ]
[ 686.0, 117.0, 0.0 ]
[ 657.0, 136.0, 0.0 ]
[ 640.0, 156.0, 0.0 ]
[ 615.0, 172.0, 0.0 ]
[ 602.0, 181.0, 0.0 ]
[ 610.0, 196.0, 0.0 ]
[ 598.0, 219.0, 0.0 ]
[ 595.0, 244.0, 0.0 ]
[ 607.0, 257.0, 0.0 ]
[ 584.0, 282.0, 0.0 ]
[ 562.0, 302.0, 0.0 ]
[ 531.0, 313.0, 0.0 ]
[ 497.0, 322.0, 0.0 ]
[ 456.0, 327.0, 0.0 ]
[ 424.0, 329.0, 0.0 ]
[ 396.0, 343.0, 0.0 ]
[ 370.0, 471.0, 0.0 ]
[ 384.0, 495.0, 0.0 ]
[ 366.0, 517.0, 0.0 ]
[ 342.0, 531.0, 0.0 ]
[ 332.0, 547.0, 0.0 ]
[ 347.0, 577.0, 0.0 ]
[ 386.0, 420.0, 0.0 ]
[ 372.0, 441.0, 0.0 ]
[ 369.0, 392.0, 0.0 ]
[ 401.0, 494.0, 0.0 ]
[ 354.0, 551.0, 0.0 ]
[ 367.0, 532.0, 0.0 ]
[ 386.0, 514.0, 0.0 ]
[ 413.0, 509.0, 0.0 ]
[ 440.0, 473.0, 0.0 ]
[ 415.0, 449.0, 0.0 ]
[ 424.0, 407.0, 0.0 ]
[ 395.0, 375.0, 0.0 ]
[ 441.0, 356.0, 0.0 ]
[ 462.0, 389.0, 0.0 ]
[ 475.0, 421.0, 0.0 ]
[ 481.0, 451.0, 0.0 ]
[ 446.0, 433.0, 0.0 ]
[ 477.0, 353.0, 0.0 ]
[ 527.0, 331.0, 0.0 ]
[ 584.0, 308.0, 0.0 ]
[ 626.0, 322.0, 0.0 ]
[ 636.0, 360.0, 0.0 ]
[ 639.0, 402.0, 0.0 ]
[ 652.0, 429.0, 0.0 ]
[ 713.0, 304.0, 0.0 ]
[ 699.0, 264.0, 0.0 ]
[ 712.0, 215.0, 0.0 ]
[ 735.0, 223.0, 0.0 ]
[ 751.0, 195.0, 0.0 ]
[ 776.0, 178.0, 0.0 ]
[ 783.0, 168.0, 0.0 ]
[ 773.0, 152.0, 0.0 ]
[ 782.0, 154.0, 0.0 ]
[ 779.0, 140.0, 0.0 ]
[ 756.0, 172.0, 0.0 ]
[ 757.0, 145.0, 0.0 ]
[ 743.0, 172.0, 0.0 ]
[ 729.0, 190.0, 0.0 ]
[ 704.0, 187.0, 0.0 ]
[ 675.0, 199.0, 0.0 ]
[ 654.0, 221.0, 0.0 ]
[ 629.0, 243.0, 0.0 ]
[ 663.0, 265.0, 0.0 ]
[ 687.0, 338.0, 0.0 ]
[ 669.0, 359.0, 0.0 ]
[ 694.0, 371.0, 0.0 ]
[ 723.0, 357.0, 0.0 ]
[ 660.0, 391.0, 0.0 ]
[ 523.0, 431.0, 0.0 ]
[ 557.0, 416.0, 0.0 ]
[ 605.0, 415.0, 0.0 ]
[ 566.0, 446.0, 0.0 ]
[ 528.0, 457.0, 0.0 ]
[ 600.0, 438.0, 0.0 ]
[ 606.0, 373.0, 0.0 ]
[ 598.0, 341.0, 0.0 ]
[ 558.0, 343.0, 0.0 ]
[ 507.0, 374.0, 0.0 ]
[ 557.0, 382.0, 0.0 ]
[ 506.0, 408.0, 0.0 ]
[ 688.0, 415.0, 0.0 ]
[ 718.0, 436.0, 0.0 ]
[ 719.0, 406.0, 0.0 ]
[ 739.0, 419.0, 0.0 ]
[ 758.0, 436.0, 0.0 ]
[ 786.0, 483.0, 0.0 ]
[ 781.0, 459.0, 0.0 ]
[ 772.0, 445.0, 0.0 ]
[ 763.0, 560.0, 0.0 ]
[ 774.0, 570.0, 0.0 ]
[ 313.0, 391.0, 0.0 ]
[ 284.0, 417.0, 0.0 ]
[ 253.0, 461.0, 0.0 ]
[ 225.0, 506.0, 0.0 ]
[ 628.0, 209.0, 0.0 ]
[ 666.0, 166.0, 0.0 ]
[ 711.0, 141.0, 0.0 ]
[ 618.0, 284.0, 0.0 ]
[ 665.0, 305.0, 0.0 ]
[ 792.0, 211.0, 0.0 ]
[ 806.0, 215.0, 0.0 ]
[ 803.0, 222.0, 0.0 ]
[ 763.0, 212.0, 0.0 ]
[ 770.0, 239.0, 0.0 ]
[ 802.0, 303.0, 0.0 ]
[ 810.0, 294.0, 0.0 ]
[ 788.0, 298.0, 0.0 ]
[ 801.0, 296.0, 0.0 ]
[ 706.0, 161.0, 0.0 ]
[ 352.0, 542.0, 0.0 ]
[ 687.0, 292.0, 0.0 ]
[ 742.0, 198.0, 0.0 ]
[ 239.0, 179.0, 0.0 ]
[ 69.0, 407.0, 0.0 ]
[ 85.0, 404.0, 0.0 ]
[ 688.0, 696.0, 0.0 ]
[ 989.0, 590.0, 0.0 ]
[ 722.0, 26.0, 0.0 ]
[ 457.0, 63.0, 0.0 ]
[ 380.0, 249.0, 0.0 ]
[ 264.0, 243.0, 0.0 ]
[ 125.0, 442.0, 0.0 ]
[ 67.0, 592.0, 0.0 ]
[ 75.0, 512.0, 0.0 ]
[ 116.0, 481.0, 0.0 ]
[ 101.0, 496.0, 0.0 ]
[ 331.0, 456.0, 0.0 ]
[ 312.0, 452.0, 0.0 ]
[ 279.0, 458.0, 0.0 ]
[ 809.0, 191.0, 0.0 ]
[ 825.0, 220.0, 0.0 ]
[ 794.0, 168.0, 0.0 ]
[ 793.0, 148.0, 0.0 ]
[ 741.0, 165.0, 0.0 ]
[ 721.0, 184.0, 0.0 ]
[ 326.0, 678.0, 0.0 ]
[ 312.0, 373.0, 0.0 ]
[ 288.0, 379.0, 0.0 ]
[ 265.0, 390.0, 0.0 ]
[ 249.0, 415.0, 0.0 ]
[ 234.0, 438.0, 0.0 ]
[ 224.0, 456.0, 0.0 ]
[ 213.0, 468.0, 0.0 ]
[ 201.0, 486.0, 0.0 ]
[ 202.0, 517.0, 0.0 ]
[ 229.0, 541.0, 0.0 ]
[ 312.0, 427.0, 0.0 ]
[ 617.0, 224.0, 0.0 ]
[ 629.0, 187.0, 0.0 ]
[ 665.0, 149.0, 0.0 ]
[ 694.0, 135.0, 0.0 ]
[ 725.0, 131.0, 0.0 ]
[ 754.0, 131.0, 0.0 ]
[ 808.0, 158.0, 0.0 ]
[ 826.0, 173.0, 0.0 ]
[ 829.0, 197.0, 0.0 ]
[ 806.0, 171.0, 0.0 ]
[ 694.0, 246.0, 0.0 ]
[ 394.0, 532.0, 0.0 ]
[ 375.0, 551.0, 0.0 ]
[ 365.0, 568.0, 0.0 ]
[ 363.0, 586.0, 0.0 ]
[ 370.0, 604.0, 0.0 ]
[ 376.0, 616.0, 0.0 ]
[ 324.0, 623.0, 0.0 ]
[ 325.0, 607.0, 0.0 ]
[ 324.0, 597.0, 0.0 ]
[ 321.0, 578.0, 0.0 ]
[ 318.0, 564.0, 0.0 ]
[ 318.0, 550.0, 0.0 ]
[ 323.0, 543.0, 0.0 ]
[ 337.0, 530.0, 0.0 ]
[ 369.0, 513.0, 0.0 ]
[ 788.0, 499.0, 0.0 ]
[ 788.0, 518.0, 0.0 ]
[ 759.0, 445.0, 0.0 ]
[ 748.0, 435.0, 0.0 ]
[ 734.0, 431.0, 0.0 ]
[ 717.0, 425.0, 0.0 ]
[ 510.0, 338.0, 0.0 ]
[ 545.0, 319.0, 0.0 ]
[ 560.0, 317.0, 0.0 ]
[ 600.0, 294.0, 0.0 ]
[ 650.0, 252.0, 0.0 ]
[ 820.0, 209.0, 0.0 ]
[ 783.0, 262.0, 0.0 ]
[ 810.0, 256.0, 0.0 ]
[ 751.0, 456.0, 0.0 ]
[ 218.0, 523.0, 0.0 ]
[ 592.0, 265.0, 0.0 ]
[ 580.0, 306.0, 0.0 ]
[ 566.0, 285.0, 0.0 ]
[ 594.0, 214.0, 0.0 ]
[ 584.0, 264.0, 0.0 ]
[ 573.0, 289.0, 0.0 ]
[ 718.0, 241.0, 0.0 ]
[ 723.0, 271.0, 0.0 ]
[ 727.0, 302.0, 0.0 ]
[ 727.0, 331.0, 0.0 ]
[ 733.0, 364.0, 0.0 ]
[ 732.0, 381.0, 0.0 ]
[ 765.0, 566.0, 0.0 ]
[ 777.0, 580.0, 0.0 ]
[ 785.0, 584.0, 0.0 ]
[ 768.0, 580.0, 0.0 ]
[ 2.0, 452.0, 0.0 ]
