899 708
[ 0.0, 0.0, 0.0 ]
[ 899.0, 0.0, 0.0 ]
[ 899.0, 708.0, 0.0 ]
[ 0.0, 708.0, 0.0 ]
[ 177.0, 325.0, 0.0 ]
[ 66.0, 355.0, 0.0 ]
[ 122.0, 341.0, 0.0 ]
[ 211.0, 264.0, 0.0 ]
[ 211.0, 244.0, 0.0 ]
[ 199.0, 217.0, 0.0 ]
[ 196.0, 192.0, 0.0 ]
[ 197.0, 161.0, 0.0 ]
[ 214.0, 149.0, 0.0 ]
[ 239.0, 155.0, 0.0 ]
[ 262.0, 163.0, 0.0 ]
[ 283.0, 175.0, 0.0 ]
[ 296.0, 183.0, 0.0 ]
[ 300.0, 177.0, 0.0 ]
[ 294.0, 161.0, 0.0 ]
[ 289.0, 153.0, 0.0 ]
[ 288.0, 143.0, 0.0 ]
[ 281.0, 124.0, 0.0 ]
[ 277.0, 107.0, 0.0 ]
[ 273.0, 86.0, 0.0 ]
[ 272.0, 77.0, 0.0 ]
[ 281.0, 53.0, 0.0 ]
[ 291.0, 59.0, 0.0 ]
[ 309.0, 60.0, 0.0 ]
[ 321.0, 66.0, 0.0 ]
[ 331.0, 76.0, 0.0 ]
[ 337.0, 76.0, 0.0 ]
[ 329.0, 72.0, 0.0 ]
[ 344.0, 88.0, 0.0 ]
[ 349.0, 83.0, 0.0 ]
[ 358.0, 92.0, 0.0 ]
[ 351.0, 96.0, 0.0 ]
[ 363.0, 104.0, 0.0 ]
[ 374.0, 116.0, 0.0 ]
[ 387.0, 126.0, 0.0 ]
[ 395.0, 139.0, 0.0 ]
[ 404.0, 148.0, 0.0 ]
[ 415.0, 154.0, 0.0 ]
[ 372.0, 103.0, 0.0 ]
[ 385.0, 116.0, 0.0 ]
[ 396.0, 127.0, 0.0 ]
[ 408.0, 140.0, 0.0 ]
[ 423.0, 164.0, 0.0 ]
[ 426.0, 176.0, 0.0 ]
[ 438.0, 170.0, 0.0 ]
[ 457.0, 171.0, 0.0 ]
[ 477.0, 176.0, 0.0 ]
[ 496.0, 184.0, 0.0 ]
[ 511.0, 196.0, 0.0 ]
[ 532.0, 205.0, 0.0 ]
[ 547.0, 215.0, 0.0 ]
[ 559.0, 219.0, 0.0 ]
[ 596.0, 255.0, 0.0 ]
[ 573.0, 230.0, 0.0 ]
[ 581.0, 238.0, 0.0 ]
[ 583.0, 247.0, 0.0 ]
[ 651.0, 278.0, 0.0 ]
[ 675.0, 287.0, 0.0 ]
[ 695.0, 293.0, 0.0 ]
[ 612.0, 268.0, 0.0 ]
[ 631.0, 271.0, 0.0 ]
[ 714.0, 293.0, 0.0 ]
[ 720.0, 293.0, 0.0 ]
[ 733.0, 304.0, 0.0 ]
[ 734.0, 317.0, 0.0 ]
[ 728.0, 296.0, 0.0 ]
[ 731.0, 327.0, 0.0 ]
[ 724.0, 337.0, 0.0 ]
[ 713.0, 344.0, 0.0 ]
[ 713.0, 359.0, 0.0 ]
[ 708.0, 374.0, 0.0 ]
[ 696.0, 388.0, 0.0 ]
[ 681.0, 402.0, 0.0 ]
[ 668.0, 407.0, 0.0 ]
[ 648.0, 415.0, 0.0 ]
[ 604.0, 427.0, 0.0 ]
[ 585.0, 431.0, 0.0 ]
[ 628.0, 422.0, 0.0 ]
[ 566.0, 441.0, 0.0 ]
[ 547.0, 454.0, 0.0 ]
[ 527.0, 468.0, 0.0 ]
[ 501.0, 466.0, 0.0 ]
[ 488.0, 488.0, 0.0 ]
[ 477.0, 508.0, 0.0 ]
[ 463.0, 529.0, 0.0 ]
[ 446.0, 553.0, 0.0 ]
[ 434.0, 572.0, 0.0 ]
[ 421.0, 592.0, 0.0 ]
[ 410.0, 619.0, 0.0 ]
[ 416.0, 646.0, 0.0 ]
[ 430.0, 670.0, 0.0 ]
[ 264.0, 360.0, 0.0 ]
[ 249.0, 341.0, 0.0 ]
[ 235.0, 322.0, 0.0 ]
[ 195.0, 312.0, 0.0 ]
[ 216.0, 301.0, 0.0 ]
[ 227.0, 312.0, 0.0 ]
[ 213.0, 284.0, 0.0 ]
[ 307.0, 186.0, 0.0 ]
[ 324.0, 191.0, 0.0 ]
[ 341.0, 197.0, 0.0 ]
[ 361.0, 203.0, 0.0 ]
[ 377.0, 213.0, 0.0 ]
[ 397.0, 225.0, 0.0 ]
[ 406.0, 245.0, 0.0 ]
[ 409.0, 259.0, 0.0 ]
[ 413.0, 180.0, 0.0 ]
[ 409.0, 168.0, 0.0 ]
[ 395.0, 179.0, 0.0 ]
[ 374.0, 182.0, 0.0 ]
[ 357.0, 190.0, 0.0 ]
[ 347.0, 196.0, 0.0 ]
[ 295.0, 74.0, 0.0 ]
[ 311.0, 70.0, 0.0 ]
[ 285.0, 70.0, 0.0 ]
[ 275.0, 65.0, 0.0 ]
[ 295.0, 106.0, 0.0 ]
[ 291.0, 138.0, 0.0 ]
[ 301.0, 160.0, 0.0 ]
[ 312.0, 171.0, 0.0 ]
[ 323.0, 151.0, 0.0 ]
[ 323.0, 125.0, 0.0 ]
[ 322.0, 98.0, 0.0 ]
[ 343.0, 106.0, 0.0 ]
[ 337.0, 175.0, 0.0 ]
[ 358.0, 164.0, 0.0 ]
[ 357.0, 143.0, 0.0 ]
[ 380.0, 153.0, 0.0 ]
[ 391.0, 194.0, 0.0 ]
[ 393.0, 209.0, 0.0 ]
[ 410.0, 190.0, 0.0 ]
[ 440.0, 182.0, 0.0 ]
[ 467.0, 184.0, 0.0 ]
[ 491.0, 193.0, 0.0 ]
[ 514.0, 210.0, 0.0 ]
[ 535.0, 220.0, 0.0 ]
[ 558.0, 233.0, 0.0 ]
[ 564.0, 242.0, 0.0 ]
[ 563.0, 253.0, 0.0 ]
[ 575.0, 261.0, 0.0 ]
[ 593.0, 270.0, 0.0 ]
[ 399.0, 293.0, 0.0 ]
[ 389.0, 276.0, 0.0 ]
[ 386.0, 249.0, 0.0 ]
[ 371.0, 233.0, 0.0 ]
[ 351.0, 213.0, 0.0 ]
[ 329.0, 200.0, 0.0 ]
[ 217.0, 257.0, 0.0 ]
[ 227.0, 280.0, 0.0 ]
[ 236.0, 299.0, 0.0 ]
[ 251.0, 314.0, 0.0 ]
[ 265.0, 326.0, 0.0 ]
[ 284.0, 331.0, 0.0 ]
[ 297.0, 335.0, 0.0 ]
[ 285.0, 363.0, 0.0 ]
[ 294.0, 314.0, 0.0 ]
[ 308.0, 302.0, 0.0 ]
[ 326.0, 285.0, 0.0 ]
[ 385.0, 306.0, 0.0 ]
[ 345.0, 316.0, 0.0 ]
[ 325.0, 345.0, 0.0 ]
[ 307.0, 355.0, 0.0 ]
[ 328.0, 376.0, 0.0 ]
[ 358.0, 366.0, 0.0 ]
[ 350.0, 389.0, 0.0 ]
[ 356.0, 413.0, 0.0 ]
[ 358.0, 427.0, 0.0 ]
[ 385.0, 412.0, 0.0 ]
[ 390.0, 429.0, 0.0 ]
[ 408.0, 439.0, 0.0 ]
[ 434.0, 419.0, 0.0 ]
[ 385.0, 448.0, 0.0 ]
[ 435.0, 446.0, 0.0 ]
[ 445.0, 472.0, 0.0 ]
[ 462.0, 451.0, 0.0 ]
[ 482.0, 451.0, 0.0 ]
[ 495.0, 429.0, 0.0 ]
[ 508.0, 396.0, 0.0 ]
[ 529.0, 375.0, 0.0 ]
[ 553.0, 362.0, 0.0 ]
[ 576.0, 356.0, 0.0 ]
[ 600.0, 355.0, 0.0 ]
[ 627.0, 350.0, 0.0 ]
[ 641.0, 333.0, 0.0 ]
[ 648.0, 319.0, 0.0 ]
[ 669.0, 316.0, 0.0 ]
[ 690.0, 317.0, 0.0 ]
[ 684.0, 304.0, 0.0 ]
[ 670.0, 304.0, 0.0 ]
[ 650.0, 304.0, 0.0 ]
[ 624.0, 307.0, 0.0 ]
[ 604.0, 295.0, 0.0 ]
[ 585.0, 282.0, 0.0 ]
[ 561.0, 264.0, 0.0 ]
[ 541.0, 264.0, 0.0 ]
[ 528.0, 274.0, 0.0 ]
[ 543.0, 278.0, 0.0 ]
[ 569.0, 279.0, 0.0 ]
[ 574.0, 291.0, 0.0 ]
[ 569.0, 308.0, 0.0 ]
[ 558.0, 323.0, 0.0 ]
[ 541.0, 326.0, 0.0 ]
[ 517.0, 322.0, 0.0 ]
[ 512.0, 317.0, 0.0 ]
[ 494.0, 332.0, 0.0 ]
[ 496.0, 346.0, 0.0 ]
[ 476.0, 362.0, 0.0 ]
[ 439.0, 359.0, 0.0 ]
[ 425.0, 356.0, 0.0 ]
[ 409.0, 373.0, 0.0 ]
[ 405.0, 402.0, 0.0 ]
[ 439.0, 382.0, 0.0 ]
[ 403.0, 352.0, 0.0 ]
[ 429.0, 336.0, 0.0 ]
[ 451.0, 334.0, 0.0 ]
[ 465.0, 316.0, 0.0 ]
[ 478.0, 293.0, 0.0 ]
[ 506.0, 278.0, 0.0 ]
[ 534.0, 282.0, 0.0 ]
[ 526.0, 285.0, 0.0 ]
[ 523.0, 295.0, 0.0 ]
[ 500.0, 311.0, 0.0 ]
[ 505.0, 291.0, 0.0 ]
[ 512.0, 281.0, 0.0 ]
[ 524.0, 305.0, 0.0 ]
[ 530.0, 313.0, 0.0 ]
[ 548.0, 316.0, 0.0 ]
[ 553.0, 313.0, 0.0 ]
[ 558.0, 304.0, 0.0 ]
[ 546.0, 305.0, 0.0 ]
[ 540.0, 305.0, 0.0 ]
[ 537.0, 300.0, 0.0 ]
[ 546.0, 295.0, 0.0 ]
[ 578.0, 336.0, 0.0 ]
[ 524.0, 356.0, 0.0 ]
[ 481.0, 383.0, 0.0 ]
[ 457.0, 412.0, 0.0 ]
[ 392.0, 326.0, 0.0 ]
[ 425.0, 293.0, 0.0 ]
[ 463.0, 282.0, 0.0 ]
[ 477.0, 245.0, 0.0 ]
[ 462.0, 211.0, 0.0 ]
[ 436.0, 236.0, 0.0 ]
[ 508.0, 230.0, 0.0 ]
[ 632.0, 287.0, 0.0 ]
[ 657.0, 292.0, 0.0 ]
[ 332.0, 246.0, 0.0 ]
[ 300.0, 221.0, 0.0 ]
[ 284.0, 203.0, 0.0 ]
[ 245.0, 199.0, 0.0 ]
[ 260.0, 221.0, 0.0 ]
[ 299.0, 234.0, 0.0 ]
[ 300.0, 275.0, 0.0 ]
[ 317.0, 271.0, 0.0 ]
[ 305.0, 296.0, 0.0 ]
[ 266.0, 268.0, 0.0 ]
[ 242.0, 233.0, 0.0 ]
[ 230.0, 202.0, 0.0 ]
[ 530.0, 426.0, 0.0 ]
[ 561.0, 402.0, 0.0 ]
[ 603.0, 399.0, 0.0 ]
[ 635.0, 393.0, 0.0 ]
[ 667.0, 389.0, 0.0 ]
[ 687.0, 378.0, 0.0 ]
[ 710.0, 364.0, 0.0 ]
[ 681.0, 347.0, 0.0 ]
[ 625.0, 367.0, 0.0 ]
[ 601.0, 365.0, 0.0 ]
[ 566.0, 415.0, 0.0 ]
[ 406.0, 519.0, 0.0 ]
[ 354.0, 569.0, 0.0 ]
[ 333.0, 629.0, 0.0 ]
[ 315.0, 671.0, 0.0 ]
[ 393.0, 500.0, 0.0 ]
[ 337.0, 471.0, 0.0 ]
[ 308.0, 428.0, 0.0 ]
[ 282.0, 391.0, 0.0 ]
[ 238.0, 374.0, 0.0 ]
[ 151.0, 352.0, 0.0 ]
[ 131.0, 398.0, 0.0 ]
[ 177.0, 364.0, 0.0 ]
[ 149.0, 429.0, 0.0 ]
[ 194.0, 419.0, 0.0 ]
[ 237.0, 400.0, 0.0 ]
[ 253.0, 441.0, 0.0 ]
[ 211.0, 470.0, 0.0 ]
[ 158.0, 500.0, 0.0 ]
[ 118.0, 526.0, 0.0 ]
[ 87.0, 457.0, 0.0 ]
[ 48.0, 438.0, 0.0 ]
[ 65.0, 566.0, 0.0 ]
[ 145.0, 603.0, 0.0 ]
[ 217.0, 592.0, 0.0 ]
[ 266.0, 542.0, 0.0 ]
[ 301.0, 502.0, 0.0 ]
[ 220.0, 188.0, 0.0 ]
[ 221.0, 212.0, 0.0 ]
[ 231.0, 239.0, 0.0 ]
[ 241.0, 265.0, 0.0 ]
[ 247.0, 284.0, 0.0 ]
[ 347.0, 93.0, 0.0 ]
[ 519.0, 292.0, 0.0 ]
[ 522.0, 289.0, 0.0 ]
[ 379.0, 595.0, 0.0 ]
[ 440.0, 504.0, 0.0 ]
[ 211.0, 496.0, 0.0 ]
[ 698.0, 298.0, 0.0 ]
[ 724.0, 311.0, 0.0 ]
[ 107.0, 404.0, 0.0 ]
[ 186.0, 512.0, 0.0 ]
[ 445.0, 564.0, 0.0 ]
[ 11.0, 360.0, 0.0 ]
