944 708
[ 0.0, 0.0, 0.0 ]
[ 944.0, 0.0, 0.0 ]
[ 944.0, 708.0, 0.0 ]
[ 0.0, 708.0, 0.0 ]
[ 198.0, 74.0, 0.0 ]
[ 221.0, 60.0, 0.0 ]
[ 250.0, 68.0, 0.0 ]
[ 268.0, 90.0, 0.0 ]
[ 283.0, 112.0, 0.0 ]
[ 314.0, 126.0, 0.0 ]
[ 332.0, 128.0, 0.0 ]
[ 377.0, 110.0, 0.0 ]
[ 435.0, 106.0, 0.0 ]
[ 489.0, 104.0, 0.0 ]
[ 534.0, 106.0, 0.0 ]
[ 574.0, 116.0, 0.0 ]
[ 605.0, 138.0, 0.0 ]
[ 628.0, 109.0, 0.0 ]
[ 638.0, 76.0, 0.0 ]
[ 662.0, 55.0, 0.0 ]
[ 693.0, 49.0, 0.0 ]
[ 730.0, 69.0, 0.0 ]
[ 759.0, 98.0, 0.0 ]
[ 778.0, 124.0, 0.0 ]
[ 785.0, 148.0, 0.0 ]
[ 782.0, 178.0, 0.0 ]
[ 774.0, 207.0, 0.0 ]
[ 751.0, 235.0, 0.0 ]
[ 730.0, 248.0, 0.0 ]
[ 710.0, 250.0, 0.0 ]
[ 181.0, 108.0, 0.0 ]
[ 177.0, 159.0, 0.0 ]
[ 180.0, 191.0, 0.0 ]
[ 176.0, 232.0, 0.0 ]
[ 193.0, 257.0, 0.0 ]
[ 230.0, 282.0, 0.0 ]
[ 248.0, 284.0, 0.0 ]
[ 228.0, 299.0, 0.0 ]
[ 224.0, 339.0, 0.0 ]
[ 214.0, 396.0, 0.0 ]
[ 219.0, 426.0, 0.0 ]
[ 230.0, 452.0, 0.0 ]
[ 252.0, 481.0, 0.0 ]
[ 264.0, 518.0, 0.0 ]
[ 263.0, 554.0, 0.0 ]
[ 283.0, 585.0, 0.0 ]
[ 325.0, 627.0, 0.0 ]
[ 345.0, 664.0, 0.0 ]
[ 373.0, 680.0, 0.0 ]
[ 430.0, 685.0, 0.0 ]
[ 480.0, 691.0, 0.0 ]
[ 514.0, 691.0, 0.0 ]
[ 561.0, 685.0, 0.0 ]
[ 615.0, 669.0, 0.0 ]
[ 664.0, 645.0, 0.0 ]
[ 687.0, 620.0, 0.0 ]
[ 704.0, 541.0, 0.0 ]
[ 721.0, 493.0, 0.0 ]
[ 742.0, 422.0, 0.0 ]
[ 742.0, 376.0, 0.0 ]
[ 731.0, 336.0, 0.0 ]
[ 718.0, 305.0, 0.0 ]
[ 709.0, 249.0, 0.0 ]
[ 309.0, 646.0, 0.0 ]
[ 306.0, 586.0, 0.0 ]
[ 352.0, 622.0, 0.0 ]
[ 382.0, 648.0, 0.0 ]
[ 419.0, 668.0, 0.0 ]
[ 461.0, 669.0, 0.0 ]
[ 508.0, 668.0, 0.0 ]
[ 578.0, 659.0, 0.0 ]
[ 612.0, 634.0, 0.0 ]
[ 632.0, 604.0, 0.0 ]
[ 662.0, 570.0, 0.0 ]
[ 693.0, 537.0, 0.0 ]
[ 324.0, 150.0, 0.0 ]
[ 311.0, 188.0, 0.0 ]
[ 288.0, 226.0, 0.0 ]
[ 262.0, 253.0, 0.0 ]
[ 630.0, 169.0, 0.0 ]
[ 669.0, 197.0, 0.0 ]
[ 693.0, 234.0, 0.0 ]
[ 771.0, 212.0, 0.0 ]
[ 764.0, 164.0, 0.0 ]
[ 762.0, 124.0, 0.0 ]
[ 747.0, 97.0, 0.0 ]
[ 692.0, 72.0, 0.0 ]
[ 660.0, 75.0, 0.0 ]
[ 642.0, 90.0, 0.0 ]
[ 670.0, 177.0, 0.0 ]
[ 689.0, 138.0, 0.0 ]
[ 701.0, 118.0, 0.0 ]
[ 731.0, 136.0, 0.0 ]
[ 729.0, 170.0, 0.0 ]
[ 712.0, 204.0, 0.0 ]
[ 302.0, 145.0, 0.0 ]
[ 265.0, 109.0, 0.0 ]
[ 231.0, 99.0, 0.0 ]
[ 214.0, 89.0, 0.0 ]
[ 196.0, 120.0, 0.0 ]
[ 186.0, 185.0, 0.0 ]
[ 191.0, 219.0, 0.0 ]
[ 216.0, 247.0, 0.0 ]
[ 241.0, 272.0, 0.0 ]
[ 264.0, 225.0, 0.0 ]
[ 228.0, 176.0, 0.0 ]
[ 219.0, 139.0, 0.0 ]
[ 241.0, 126.0, 0.0 ]
[ 264.0, 147.0, 0.0 ]
[ 277.0, 172.0, 0.0 ]
[ 293.0, 202.0, 0.0 ]
[ 336.0, 166.0, 0.0 ]
[ 389.0, 142.0, 0.0 ]
[ 459.0, 136.0, 0.0 ]
[ 519.0, 135.0, 0.0 ]
[ 567.0, 150.0, 0.0 ]
[ 616.0, 183.0, 0.0 ]
[ 646.0, 224.0, 0.0 ]
[ 653.0, 255.0, 0.0 ]
[ 678.0, 289.0, 0.0 ]
[ 310.0, 230.0, 0.0 ]
[ 272.0, 284.0, 0.0 ]
[ 246.0, 336.0, 0.0 ]
[ 378.0, 197.0, 0.0 ]
[ 456.0, 182.0, 0.0 ]
[ 548.0, 193.0, 0.0 ]
[ 609.0, 227.0, 0.0 ]
[ 643.0, 300.0, 0.0 ]
[ 681.0, 360.0, 0.0 ]
[ 683.0, 409.0, 0.0 ]
[ 671.0, 466.0, 0.0 ]
[ 640.0, 490.0, 0.0 ]
[ 613.0, 513.0, 0.0 ]
[ 587.0, 546.0, 0.0 ]
[ 574.0, 573.0, 0.0 ]
[ 595.0, 595.0, 0.0 ]
[ 639.0, 553.0, 0.0 ]
[ 676.0, 530.0, 0.0 ]
[ 704.0, 500.0, 0.0 ]
[ 714.0, 450.0, 0.0 ]
[ 722.0, 397.0, 0.0 ]
[ 716.0, 345.0, 0.0 ]
[ 708.0, 301.0, 0.0 ]
[ 281.0, 304.0, 0.0 ]
[ 268.0, 343.0, 0.0 ]
[ 263.0, 400.0, 0.0 ]
[ 262.0, 446.0, 0.0 ]
[ 301.0, 447.0, 0.0 ]
[ 328.0, 507.0, 0.0 ]
[ 324.0, 547.0, 0.0 ]
[ 354.0, 578.0, 0.0 ]
[ 397.0, 584.0, 0.0 ]
[ 279.0, 486.0, 0.0 ]
[ 299.0, 536.0, 0.0 ]
[ 374.0, 606.0, 0.0 ]
[ 405.0, 634.0, 0.0 ]
[ 441.0, 640.0, 0.0 ]
[ 482.0, 649.0, 0.0 ]
[ 519.0, 645.0, 0.0 ]
[ 555.0, 627.0, 0.0 ]
[ 550.0, 597.0, 0.0 ]
[ 479.0, 591.0, 0.0 ]
[ 417.0, 596.0, 0.0 ]
[ 382.0, 597.0, 0.0 ]
[ 397.0, 578.0, 0.0 ]
[ 458.0, 565.0, 0.0 ]
[ 461.0, 540.0, 0.0 ]
[ 493.0, 541.0, 0.0 ]
[ 501.0, 563.0, 0.0 ]
[ 538.0, 573.0, 0.0 ]
[ 558.0, 583.0, 0.0 ]
[ 415.0, 500.0, 0.0 ]
[ 425.0, 480.0, 0.0 ]
[ 448.0, 469.0, 0.0 ]
[ 500.0, 469.0, 0.0 ]
[ 523.0, 480.0, 0.0 ]
[ 532.0, 495.0, 0.0 ]
[ 500.0, 531.0, 0.0 ]
[ 445.0, 484.0, 0.0 ]
[ 474.0, 530.0, 0.0 ]
[ 498.0, 490.0, 0.0 ]
[ 450.0, 487.0, 0.0 ]
[ 474.0, 481.0, 0.0 ]
[ 505.0, 488.0, 0.0 ]
[ 371.0, 522.0, 0.0 ]
[ 572.0, 533.0, 0.0 ]
[ 439.0, 460.0, 0.0 ]
[ 453.0, 414.0, 0.0 ]
[ 434.0, 388.0, 0.0 ]
[ 511.0, 379.0, 0.0 ]
[ 497.0, 417.0, 0.0 ]
[ 414.0, 440.0, 0.0 ]
[ 539.0, 447.0, 0.0 ]
[ 398.0, 318.0, 0.0 ]
[ 358.0, 322.0, 0.0 ]
[ 332.0, 374.0, 0.0 ]
[ 317.0, 413.0, 0.0 ]
[ 323.0, 451.0, 0.0 ]
[ 350.0, 480.0, 0.0 ]
[ 389.0, 460.0, 0.0 ]
[ 392.0, 412.0, 0.0 ]
[ 425.0, 388.0, 0.0 ]
[ 420.0, 347.0, 0.0 ]
[ 416.0, 380.0, 0.0 ]
[ 389.0, 405.0, 0.0 ]
[ 379.0, 452.0, 0.0 ]
[ 345.0, 461.0, 0.0 ]
[ 329.0, 435.0, 0.0 ]
[ 334.0, 399.0, 0.0 ]
[ 363.0, 344.0, 0.0 ]
[ 542.0, 333.0, 0.0 ]
[ 520.0, 379.0, 0.0 ]
[ 547.0, 410.0, 0.0 ]
[ 558.0, 418.0, 0.0 ]
[ 564.0, 459.0, 0.0 ]
[ 600.0, 482.0, 0.0 ]
[ 641.0, 467.0, 0.0 ]
[ 641.0, 422.0, 0.0 ]
[ 625.0, 400.0, 0.0 ]
[ 611.0, 383.0, 0.0 ]
[ 598.0, 342.0, 0.0 ]
[ 560.0, 322.0, 0.0 ]
[ 593.0, 466.0, 0.0 ]
[ 633.0, 456.0, 0.0 ]
[ 646.0, 428.0, 0.0 ]
[ 380.0, 375.0, 0.0 ]
[ 375.0, 365.0, 0.0 ]
[ 384.0, 366.0, 0.0 ]
[ 366.0, 384.0, 0.0 ]
[ 365.0, 365.0, 0.0 ]
[ 381.0, 358.0, 0.0 ]
[ 397.0, 372.0, 0.0 ]
[ 390.0, 384.0, 0.0 ]
[ 562.0, 375.0, 0.0 ]
[ 553.0, 372.0, 0.0 ]
[ 559.0, 361.0, 0.0 ]
[ 568.0, 364.0, 0.0 ]
[ 575.0, 387.0, 0.0 ]
[ 585.0, 373.0, 0.0 ]
[ 577.0, 361.0, 0.0 ]
[ 564.0, 360.0, 0.0 ]
[ 555.0, 383.0, 0.0 ]
[ 364.0, 269.0, 0.0 ]
[ 469.0, 255.0, 0.0 ]
[ 573.0, 260.0, 0.0 ]
[ 218.0, 218.0, 0.0 ]
[ 234.0, 238.0, 0.0 ]
[ 720.0, 228.0, 0.0 ]
[ 750.0, 210.0, 0.0 ]
[ 763.0, 177.0, 0.0 ]
[ 210.0, 217.0, 0.0 ]
[ 743.0, 81.0, 0.0 ]
[ 654.0, 208.0, 0.0 ]
[ 182.0, 187.0, 0.0 ]
[ 547.0, 425.0, 0.0 ]
[ 406.0, 418.0, 0.0 ]
[ 624.0, 418.0, 0.0 ]
[ 249.0, 498.0, 0.0 ]
[ 616.0, 324.0, 0.0 ]
[ 309.0, 330.0, 0.0 ]
[ 466.0, 373.0, 0.0 ]
[ 0.0, 164.0, 0.0 ]
