854 353
[ 0.0, 0.0, 0.0 ]
[ 854.0, 0.0, 0.0 ]
[ 854.0, 353.0, 0.0 ]
[ 0.0, 353.0, 0.0 ]
[ 106.0, 142.0, 0.0 ]
[ 79.0, 220.0, 0.0 ]
[ 767.0, 238.0, 0.0 ]
[ 754.0, 155.0, 0.0 ]
[ 53.0, 217.0, 0.0 ]
[ 39.0, 201.0, 0.0 ]
[ 37.0, 178.0, 0.0 ]
[ 45.0, 154.0, 0.0 ]
[ 66.0, 144.0, 0.0 ]
[ 128.0, 108.0, 0.0 ]
[ 159.0, 81.0, 0.0 ]
[ 205.0, 65.0, 0.0 ]
[ 262.0, 60.0, 0.0 ]
[ 328.0, 57.0, 0.0 ]
[ 382.0, 56.0, 0.0 ]
[ 451.0, 56.0, 0.0 ]
[ 505.0, 57.0, 0.0 ]
[ 570.0, 57.0, 0.0 ]
[ 612.0, 61.0, 0.0 ]
[ 651.0, 71.0, 0.0 ]
[ 685.0, 90.0, 0.0 ]
[ 714.0, 115.0, 0.0 ]
[ 797.0, 160.0, 0.0 ]
[ 816.0, 166.0, 0.0 ]
[ 824.0, 185.0, 0.0 ]
[ 824.0, 207.0, 0.0 ]
[ 811.0, 225.0, 0.0 ]
[ 791.0, 235.0, 0.0 ]
[ 755.0, 261.0, 0.0 ]
[ 738.0, 282.0, 0.0 ]
[ 729.0, 291.0, 0.0 ]
[ 707.0, 296.0, 0.0 ]
[ 668.0, 301.0, 0.0 ]
[ 632.0, 308.0, 0.0 ]
[ 592.0, 313.0, 0.0 ]
[ 549.0, 316.0, 0.0 ]
[ 495.0, 320.0, 0.0 ]
[ 448.0, 321.0, 0.0 ]
[ 402.0, 320.0, 0.0 ]
[ 357.0, 321.0, 0.0 ]
[ 314.0, 319.0, 0.0 ]
[ 270.0, 317.0, 0.0 ]
[ 239.0, 317.0, 0.0 ]
[ 196.0, 312.0, 0.0 ]
[ 155.0, 306.0, 0.0 ]
[ 124.0, 300.0, 0.0 ]
[ 98.0, 283.0, 0.0 ]
[ 78.0, 264.0, 0.0 ]
[ 72.0, 247.0, 0.0 ]
[ 72.0, 233.0, 0.0 ]
[ 147.0, 142.0, 0.0 ]
[ 196.0, 147.0, 0.0 ]
[ 210.0, 147.0, 0.0 ]
[ 211.0, 135.0, 0.0 ]
[ 213.0, 132.0, 0.0 ]
[ 240.0, 129.0, 0.0 ]
[ 262.0, 131.0, 0.0 ]
[ 281.0, 134.0, 0.0 ]
[ 293.0, 138.0, 0.0 ]
[ 297.0, 127.0, 0.0 ]
[ 316.0, 126.0, 0.0 ]
[ 320.0, 126.0, 0.0 ]
[ 353.0, 132.0, 0.0 ]
[ 358.0, 135.0, 0.0 ]
[ 368.0, 132.0, 0.0 ]
[ 390.0, 131.0, 0.0 ]
[ 413.0, 135.0, 0.0 ]
[ 441.0, 134.0, 0.0 ]
[ 471.0, 134.0, 0.0 ]
[ 507.0, 135.0, 0.0 ]
[ 525.0, 130.0, 0.0 ]
[ 554.0, 131.0, 0.0 ]
[ 575.0, 135.0, 0.0 ]
[ 538.0, 137.0, 0.0 ]
[ 615.0, 137.0, 0.0 ]
[ 643.0, 134.0, 0.0 ]
[ 667.0, 143.0, 0.0 ]
[ 667.0, 152.0, 0.0 ]
[ 663.0, 154.0, 0.0 ]
[ 682.0, 145.0, 0.0 ]
[ 711.0, 152.0, 0.0 ]
[ 697.0, 153.0, 0.0 ]
[ 739.0, 239.0, 0.0 ]
[ 713.0, 238.0, 0.0 ]
[ 683.0, 238.0, 0.0 ]
[ 653.0, 237.0, 0.0 ]
[ 616.0, 235.0, 0.0 ]
[ 579.0, 234.0, 0.0 ]
[ 530.0, 232.0, 0.0 ]
[ 487.0, 234.0, 0.0 ]
[ 442.0, 234.0, 0.0 ]
[ 386.0, 233.0, 0.0 ]
[ 337.0, 233.0, 0.0 ]
[ 288.0, 233.0, 0.0 ]
[ 249.0, 230.0, 0.0 ]
[ 200.0, 229.0, 0.0 ]
[ 169.0, 227.0, 0.0 ]
[ 140.0, 220.0, 0.0 ]
[ 125.0, 222.0, 0.0 ]
[ 116.0, 210.0, 0.0 ]
[ 117.0, 205.0, 0.0 ]
[ 123.0, 198.0, 0.0 ]
[ 132.0, 194.0, 0.0 ]
[ 140.0, 185.0, 0.0 ]
[ 151.0, 186.0, 0.0 ]
[ 166.0, 187.0, 0.0 ]
[ 175.0, 195.0, 0.0 ]
[ 193.0, 199.0, 0.0 ]
[ 198.0, 195.0, 0.0 ]
[ 206.0, 185.0, 0.0 ]
[ 213.0, 178.0, 0.0 ]
[ 225.0, 177.0, 0.0 ]
[ 240.0, 182.0, 0.0 ]
[ 249.0, 190.0, 0.0 ]
[ 263.0, 193.0, 0.0 ]
[ 270.0, 187.0, 0.0 ]
[ 278.0, 182.0, 0.0 ]
[ 289.0, 176.0, 0.0 ]
[ 300.0, 181.0, 0.0 ]
[ 306.0, 186.0, 0.0 ]
[ 329.0, 198.0, 0.0 ]
[ 338.0, 198.0, 0.0 ]
[ 346.0, 188.0, 0.0 ]
[ 353.0, 182.0, 0.0 ]
[ 367.0, 181.0, 0.0 ]
[ 380.0, 185.0, 0.0 ]
[ 395.0, 195.0, 0.0 ]
[ 403.0, 198.0, 0.0 ]
[ 410.0, 189.0, 0.0 ]
[ 414.0, 183.0, 0.0 ]
[ 431.0, 182.0, 0.0 ]
[ 445.0, 191.0, 0.0 ]
[ 457.0, 195.0, 0.0 ]
[ 469.0, 196.0, 0.0 ]
[ 475.0, 187.0, 0.0 ]
[ 484.0, 178.0, 0.0 ]
[ 494.0, 181.0, 0.0 ]
[ 505.0, 189.0, 0.0 ]
[ 517.0, 193.0, 0.0 ]
[ 531.0, 197.0, 0.0 ]
[ 537.0, 197.0, 0.0 ]
[ 537.0, 184.0, 0.0 ]
[ 546.0, 171.0, 0.0 ]
[ 568.0, 172.0, 0.0 ]
[ 572.0, 184.0, 0.0 ]
[ 594.0, 198.0, 0.0 ]
[ 606.0, 197.0, 0.0 ]
[ 609.0, 184.0, 0.0 ]
[ 609.0, 174.0, 0.0 ]
[ 614.0, 168.0, 0.0 ]
[ 627.0, 167.0, 0.0 ]
[ 639.0, 169.0, 0.0 ]
[ 648.0, 180.0, 0.0 ]
[ 668.0, 185.0, 0.0 ]
[ 679.0, 187.0, 0.0 ]
[ 679.0, 176.0, 0.0 ]
[ 683.0, 166.0, 0.0 ]
[ 699.0, 165.0, 0.0 ]
[ 726.0, 183.0, 0.0 ]
[ 743.0, 194.0, 0.0 ]
[ 745.0, 208.0, 0.0 ]
[ 729.0, 211.0, 0.0 ]
[ 719.0, 207.0, 0.0 ]
[ 712.0, 195.0, 0.0 ]
[ 705.0, 194.0, 0.0 ]
[ 701.0, 208.0, 0.0 ]
[ 690.0, 217.0, 0.0 ]
[ 679.0, 216.0, 0.0 ]
[ 663.0, 203.0, 0.0 ]
[ 647.0, 196.0, 0.0 ]
[ 632.0, 192.0, 0.0 ]
[ 628.0, 209.0, 0.0 ]
[ 621.0, 214.0, 0.0 ]
[ 604.0, 216.0, 0.0 ]
[ 583.0, 206.0, 0.0 ]
[ 563.0, 202.0, 0.0 ]
[ 556.0, 213.0, 0.0 ]
[ 542.0, 215.0, 0.0 ]
[ 526.0, 211.0, 0.0 ]
[ 506.0, 206.0, 0.0 ]
[ 493.0, 204.0, 0.0 ]
[ 485.0, 214.0, 0.0 ]
[ 471.0, 217.0, 0.0 ]
[ 449.0, 210.0, 0.0 ]
[ 426.0, 201.0, 0.0 ]
[ 415.0, 217.0, 0.0 ]
[ 402.0, 217.0, 0.0 ]
[ 393.0, 214.0, 0.0 ]
[ 376.0, 204.0, 0.0 ]
[ 367.0, 200.0, 0.0 ]
[ 422.0, 211.0, 0.0 ]
[ 356.0, 214.0, 0.0 ]
[ 336.0, 216.0, 0.0 ]
[ 322.0, 211.0, 0.0 ]
[ 309.0, 206.0, 0.0 ]
[ 298.0, 199.0, 0.0 ]
[ 292.0, 200.0, 0.0 ]
[ 286.0, 209.0, 0.0 ]
[ 276.0, 213.0, 0.0 ]
[ 262.0, 214.0, 0.0 ]
[ 251.0, 209.0, 0.0 ]
[ 233.0, 204.0, 0.0 ]
[ 227.0, 200.0, 0.0 ]
[ 221.0, 203.0, 0.0 ]
[ 216.0, 210.0, 0.0 ]
[ 209.0, 216.0, 0.0 ]
[ 188.0, 215.0, 0.0 ]
[ 168.0, 211.0, 0.0 ]
[ 157.0, 210.0, 0.0 ]
[ 150.0, 209.0, 0.0 ]
[ 219.0, 169.0, 0.0 ]
[ 240.0, 171.0, 0.0 ]
[ 257.0, 168.0, 0.0 ]
[ 263.0, 168.0, 0.0 ]
[ 270.0, 178.0, 0.0 ]
[ 284.0, 178.0, 0.0 ]
[ 311.0, 174.0, 0.0 ]
[ 331.0, 172.0, 0.0 ]
[ 352.0, 174.0, 0.0 ]
[ 380.0, 176.0, 0.0 ]
[ 407.0, 173.0, 0.0 ]
[ 431.0, 175.0, 0.0 ]
[ 462.0, 171.0, 0.0 ]
[ 492.0, 171.0, 0.0 ]
[ 516.0, 176.0, 0.0 ]
[ 538.0, 173.0, 0.0 ]
[ 580.0, 174.0, 0.0 ]
[ 601.0, 180.0, 0.0 ]
[ 559.0, 138.0, 0.0 ]
[ 364.0, 124.0, 0.0 ]
[ 333.0, 119.0, 0.0 ]
[ 311.0, 117.0, 0.0 ]
[ 282.0, 117.0, 0.0 ]
[ 256.0, 119.0, 0.0 ]
[ 224.0, 123.0, 0.0 ]
[ 198.0, 126.0, 0.0 ]
[ 164.0, 130.0, 0.0 ]
[ 142.0, 135.0, 0.0 ]
[ 123.0, 143.0, 0.0 ]
[ 129.0, 136.0, 0.0 ]
[ 140.0, 133.0, 0.0 ]
[ 86.0, 249.0, 0.0 ]
[ 115.0, 268.0, 0.0 ]
[ 159.0, 287.0, 0.0 ]
[ 216.0, 293.0, 0.0 ]
[ 280.0, 297.0, 0.0 ]
[ 344.0, 297.0, 0.0 ]
[ 418.0, 299.0, 0.0 ]
[ 488.0, 299.0, 0.0 ]
[ 549.0, 294.0, 0.0 ]
[ 616.0, 290.0, 0.0 ]
[ 669.0, 284.0, 0.0 ]
[ 722.0, 278.0, 0.0 ]
[ 748.0, 255.0, 0.0 ]
[ 104.0, 275.0, 0.0 ]
[ 130.0, 288.0, 0.0 ]
[ 158.0, 297.0, 0.0 ]
[ 201.0, 303.0, 0.0 ]
[ 247.0, 295.0, 0.0 ]
[ 237.0, 309.0, 0.0 ]
[ 265.0, 308.0, 0.0 ]
[ 282.0, 308.0, 0.0 ]
[ 318.0, 311.0, 0.0 ]
[ 348.0, 310.0, 0.0 ]
[ 389.0, 309.0, 0.0 ]
[ 381.0, 297.0, 0.0 ]
[ 422.0, 309.0, 0.0 ]
[ 457.0, 300.0, 0.0 ]
[ 451.0, 310.0, 0.0 ]
[ 367.0, 308.0, 0.0 ]
[ 408.0, 308.0, 0.0 ]
[ 488.0, 310.0, 0.0 ]
[ 520.0, 308.0, 0.0 ]
[ 520.0, 296.0, 0.0 ]
[ 550.0, 307.0, 0.0 ]
[ 586.0, 302.0, 0.0 ]
[ 613.0, 300.0, 0.0 ]
[ 631.0, 298.0, 0.0 ]
[ 589.0, 294.0, 0.0 ]
[ 661.0, 283.0, 0.0 ]
[ 750.0, 239.0, 0.0 ]
[ 66.0, 160.0, 0.0 ]
[ 53.0, 174.0, 0.0 ]
[ 56.0, 191.0, 0.0 ]
[ 81.0, 197.0, 0.0 ]
[ 112.0, 196.0, 0.0 ]
[ 95.0, 163.0, 0.0 ]
[ 145.0, 164.0, 0.0 ]
[ 191.0, 167.0, 0.0 ]
[ 215.0, 165.0, 0.0 ]
[ 81.0, 178.0, 0.0 ]
[ 131.0, 166.0, 0.0 ]
[ 110.0, 179.0, 0.0 ]
[ 178.0, 166.0, 0.0 ]
[ 181.0, 182.0, 0.0 ]
[ 755.0, 176.0, 0.0 ]
[ 795.0, 174.0, 0.0 ]
[ 805.0, 189.0, 0.0 ]
[ 794.0, 215.0, 0.0 ]
[ 774.0, 202.0, 0.0 ]
[ 774.0, 220.0, 0.0 ]
[ 653.0, 222.0, 0.0 ]
[ 318.0, 225.0, 0.0 ]
[ 371.0, 221.0, 0.0 ]
[ 117.0, 246.0, 0.0 ]
[ 157.0, 263.0, 0.0 ]
[ 218.0, 267.0, 0.0 ]
[ 281.0, 270.0, 0.0 ]
[ 354.0, 268.0, 0.0 ]
[ 415.0, 269.0, 0.0 ]
[ 472.0, 271.0, 0.0 ]
[ 540.0, 265.0, 0.0 ]
[ 600.0, 264.0, 0.0 ]
[ 658.0, 264.0, 0.0 ]
[ 701.0, 263.0, 0.0 ]
[ 730.0, 261.0, 0.0 ]
[ 691.0, 119.0, 0.0 ]
[ 648.0, 100.0, 0.0 ]
[ 574.0, 91.0, 0.0 ]
[ 541.0, 86.0, 0.0 ]
[ 473.0, 84.0, 0.0 ]
[ 426.0, 81.0, 0.0 ]
[ 371.0, 81.0, 0.0 ]
[ 313.0, 78.0, 0.0 ]
[ 257.0, 83.0, 0.0 ]
[ 202.0, 88.0, 0.0 ]
[ 163.0, 101.0, 0.0 ]
[ 315.0, 99.0, 0.0 ]
[ 359.0, 99.0, 0.0 ]
[ 403.0, 98.0, 0.0 ]
[ 416.0, 114.0, 0.0 ]
[ 382.0, 114.0, 0.0 ]
[ 383.0, 101.0, 0.0 ]
[ 342.0, 77.0, 0.0 ]
[ 401.0, 79.0, 0.0 ]
[ 468.0, 112.0, 0.0 ]
[ 511.0, 108.0, 0.0 ]
[ 509.0, 86.0, 0.0 ]
[ 614.0, 110.0, 0.0 ]
[ 611.0, 92.0, 0.0 ]
[ 724.0, 141.0, 0.0 ]
[ 738.0, 153.0, 0.0 ]
[ 103.0, 220.0, 0.0 ]
[ 318.0, 231.0, 0.0 ]
[ 375.0, 235.0, 0.0 ]
[ 417.0, 233.0, 0.0 ]
[ 605.0, 137.0, 0.0 ]
[ 219.0, 142.0, 0.0 ]
[ 222.0, 152.0, 0.0 ]
[ 237.0, 152.0, 0.0 ]
[ 243.0, 142.0, 0.0 ]
[ 233.0, 139.0, 0.0 ]
[ 264.0, 142.0, 0.0 ]
[ 257.0, 138.0, 0.0 ]
[ 270.0, 152.0, 0.0 ]
[ 278.0, 145.0, 0.0 ]
[ 282.0, 162.0, 0.0 ]
[ 295.0, 154.0, 0.0 ]
[ 311.0, 144.0, 0.0 ]
[ 307.0, 137.0, 0.0 ]
[ 290.0, 145.0, 0.0 ]
[ 362.0, 147.0, 0.0 ]
[ 364.0, 157.0, 0.0 ]
[ 377.0, 148.0, 0.0 ]
[ 382.0, 140.0, 0.0 ]
[ 591.0, 151.0, 0.0 ]
[ 600.0, 157.0, 0.0 ]
[ 615.0, 146.0, 0.0 ]
[ 603.0, 144.0, 0.0 ]
[ 612.0, 151.0, 0.0 ]
[ 316.0, 162.0, 0.0 ]
[ 332.0, 155.0, 0.0 ]
[ 350.0, 163.0, 0.0 ]
[ 383.0, 165.0, 0.0 ]
[ 406.0, 159.0, 0.0 ]
[ 440.0, 160.0, 0.0 ]
[ 467.0, 159.0, 0.0 ]
[ 488.0, 159.0, 0.0 ]
[ 490.0, 147.0, 0.0 ]
[ 517.0, 161.0, 0.0 ]
[ 515.0, 145.0, 0.0 ]
[ 546.0, 149.0, 0.0 ]
[ 551.0, 157.0, 0.0 ]
[ 576.0, 160.0, 0.0 ]
[ 636.0, 148.0, 0.0 ]
[ 254.0, 158.0, 0.0 ]
[ 334.0, 130.0, 0.0 ]
[ 428.0, 153.0, 0.0 ]
[ 463.0, 146.0, 0.0 ]
[ 258.0, 135.0, 0.0 ]
[ 177.0, 143.0, 0.0 ]
[ 163.0, 144.0, 0.0 ]
[ 171.0, 155.0, 0.0 ]
[ 105.0, 155.0, 0.0 ]
[ 64.0, 206.0, 0.0 ]
[ 98.0, 209.0, 0.0 ]
[ 589.0, 75.0, 0.0 ]
[ 644.0, 76.0, 0.0 ]
[ 664.0, 86.0, 0.0 ]
[ 236.0, 76.0, 0.0 ]
[ 236.0, 102.0, 0.0 ]
[ 241.0, 119.0, 0.0 ]
[ 439.0, 280.0, 0.0 ]
[ 383.0, 283.0, 0.0 ]
[ 321.0, 275.0, 0.0 ]
[ 247.0, 275.0, 0.0 ]
[ 200.0, 274.0, 0.0 ]
[ 515.0, 287.0, 0.0 ]
[ 323.0, 351.0, 0.0 ]
