643 708
[ 0.0, 0.0, 0.0 ]
[ 643.0, 0.0, 0.0 ]
[ 643.0, 708.0, 0.0 ]
[ 0.0, 708.0, 0.0 ]
[ 284.0, 167.0, 0.0 ]
[ 346.0, 149.0, 0.0 ]
[ 293.0, 168.0, 0.0 ]
[ 337.0, 149.0, 0.0 ]
[ 419.0, 274.0, 0.0 ]
[ 377.0, 274.0, 0.0 ]
[ 205.0, 286.0, 0.0 ]
[ 223.0, 300.0, 0.0 ]
[ 260.0, 285.0, 0.0 ]
[ 165.0, 382.0, 0.0 ]
[ 237.0, 365.0, 0.0 ]
[ 149.0, 447.0, 0.0 ]
[ 169.0, 448.0, 0.0 ]
[ 202.0, 420.0, 0.0 ]
[ 182.0, 447.0, 0.0 ]
[ 204.0, 445.0, 0.0 ]
[ 122.0, 539.0, 0.0 ]
[ 169.0, 542.0, 0.0 ]
[ 156.0, 554.0, 0.0 ]
[ 214.0, 548.0, 0.0 ]
[ 204.0, 581.0, 0.0 ]
[ 280.0, 553.0, 0.0 ]
[ 303.0, 574.0, 0.0 ]
[ 325.0, 556.0, 0.0 ]
[ 403.0, 584.0, 0.0 ]
[ 395.0, 562.0, 0.0 ]
[ 443.0, 579.0, 0.0 ]
[ 438.0, 545.0, 0.0 ]
[ 459.0, 553.0, 0.0 ]
[ 457.0, 538.0, 0.0 ]
[ 528.0, 551.0, 0.0 ]
[ 473.0, 492.0, 0.0 ]
[ 452.0, 467.0, 0.0 ]
[ 444.0, 452.0, 0.0 ]
[ 506.0, 460.0, 0.0 ]
[ 431.0, 375.0, 0.0 ]
[ 472.0, 376.0, 0.0 ]
[ 443.0, 347.0, 0.0 ]
[ 458.0, 345.0, 0.0 ]
[ 321.0, 59.0, 0.0 ]
[ 312.0, 91.0, 0.0 ]
[ 301.0, 132.0, 0.0 ]
[ 326.0, 99.0, 0.0 ]
[ 337.0, 133.0, 0.0 ]
[ 266.0, 211.0, 0.0 ]
[ 234.0, 256.0, 0.0 ]
[ 360.0, 195.0, 0.0 ]
[ 382.0, 226.0, 0.0 ]
[ 242.0, 284.0, 0.0 ]
[ 247.0, 292.0, 0.0 ]
[ 251.0, 304.0, 0.0 ]
[ 236.0, 323.0, 0.0 ]
[ 212.0, 345.0, 0.0 ]
[ 192.0, 381.0, 0.0 ]
[ 218.0, 371.0, 0.0 ]
[ 213.0, 390.0, 0.0 ]
[ 185.0, 413.0, 0.0 ]
[ 183.0, 432.0, 0.0 ]
[ 201.0, 420.0, 0.0 ]
[ 191.0, 434.0, 0.0 ]
[ 192.0, 468.0, 0.0 ]
[ 175.0, 490.0, 0.0 ]
[ 152.0, 513.0, 0.0 ]
[ 152.0, 544.0, 0.0 ]
[ 181.0, 549.0, 0.0 ]
[ 216.0, 559.0, 0.0 ]
[ 245.0, 564.0, 0.0 ]
[ 289.0, 559.0, 0.0 ]
[ 314.0, 563.0, 0.0 ]
[ 351.0, 562.0, 0.0 ]
[ 409.0, 562.0, 0.0 ]
[ 438.0, 556.0, 0.0 ]
[ 448.0, 546.0, 0.0 ]
[ 472.0, 539.0, 0.0 ]
[ 500.0, 523.0, 0.0 ]
[ 486.0, 439.0, 0.0 ]
[ 436.0, 391.0, 0.0 ]
[ 438.0, 334.0, 0.0 ]
[ 413.0, 316.0, 0.0 ]
[ 394.0, 296.0, 0.0 ]
[ 320.0, 84.0, 0.0 ]
[ 316.0, 98.0, 0.0 ]
[ 308.0, 126.0, 0.0 ]
[ 304.0, 138.0, 0.0 ]
[ 298.0, 160.0, 0.0 ]
[ 310.0, 142.0, 0.0 ]
[ 316.0, 166.0, 0.0 ]
[ 330.0, 158.0, 0.0 ]
[ 325.0, 126.0, 0.0 ]
[ 329.0, 141.0, 0.0 ]
[ 320.0, 182.0, 0.0 ]
[ 325.0, 191.0, 0.0 ]
[ 308.0, 197.0, 0.0 ]
[ 317.0, 201.0, 0.0 ]
[ 322.0, 198.0, 0.0 ]
[ 324.0, 205.0, 0.0 ]
[ 302.0, 170.0, 0.0 ]
[ 284.0, 192.0, 0.0 ]
[ 268.0, 216.0, 0.0 ]
[ 252.0, 230.0, 0.0 ]
[ 278.0, 190.0, 0.0 ]
[ 224.0, 280.0, 0.0 ]
[ 239.0, 278.0, 0.0 ]
[ 260.0, 267.0, 0.0 ]
[ 275.0, 250.0, 0.0 ]
[ 273.0, 244.0, 0.0 ]
[ 258.0, 258.0, 0.0 ]
[ 248.0, 265.0, 0.0 ]
[ 250.0, 255.0, 0.0 ]
[ 258.0, 246.0, 0.0 ]
[ 273.0, 234.0, 0.0 ]
[ 271.0, 263.0, 0.0 ]
[ 311.0, 202.0, 0.0 ]
[ 311.0, 191.0, 0.0 ]
[ 316.0, 187.0, 0.0 ]
[ 319.0, 193.0, 0.0 ]
[ 331.0, 198.0, 0.0 ]
[ 331.0, 204.0, 0.0 ]
[ 267.0, 254.0, 0.0 ]
[ 227.0, 271.0, 0.0 ]
[ 219.0, 270.0, 0.0 ]
[ 314.0, 220.0, 0.0 ]
[ 306.0, 249.0, 0.0 ]
[ 295.0, 264.0, 0.0 ]
[ 285.0, 277.0, 0.0 ]
[ 274.0, 281.0, 0.0 ]
[ 271.0, 273.0, 0.0 ]
[ 278.0, 261.0, 0.0 ]
[ 294.0, 227.0, 0.0 ]
[ 301.0, 216.0, 0.0 ]
[ 300.0, 234.0, 0.0 ]
[ 300.0, 248.0, 0.0 ]
[ 317.0, 238.0, 0.0 ]
[ 313.0, 257.0, 0.0 ]
[ 313.0, 271.0, 0.0 ]
[ 322.0, 283.0, 0.0 ]
[ 337.0, 277.0, 0.0 ]
[ 345.0, 258.0, 0.0 ]
[ 326.0, 218.0, 0.0 ]
[ 322.0, 229.0, 0.0 ]
[ 320.0, 253.0, 0.0 ]
[ 321.0, 269.0, 0.0 ]
[ 331.0, 262.0, 0.0 ]
[ 335.0, 250.0, 0.0 ]
[ 333.0, 242.0, 0.0 ]
[ 330.0, 232.0, 0.0 ]
[ 340.0, 230.0, 0.0 ]
[ 339.0, 213.0, 0.0 ]
[ 349.0, 212.0, 0.0 ]
[ 343.0, 221.0, 0.0 ]
[ 349.0, 224.0, 0.0 ]
[ 355.0, 230.0, 0.0 ]
[ 363.0, 238.0, 0.0 ]
[ 362.0, 247.0, 0.0 ]
[ 356.0, 256.0, 0.0 ]
[ 351.0, 265.0, 0.0 ]
[ 344.0, 237.0, 0.0 ]
[ 340.0, 245.0, 0.0 ]
[ 351.0, 244.0, 0.0 ]
[ 352.0, 235.0, 0.0 ]
[ 347.0, 229.0, 0.0 ]
[ 331.0, 169.0, 0.0 ]
[ 338.0, 181.0, 0.0 ]
[ 341.0, 202.0, 0.0 ]
[ 360.0, 212.0, 0.0 ]
[ 369.0, 225.0, 0.0 ]
[ 377.0, 242.0, 0.0 ]
[ 386.0, 260.0, 0.0 ]
[ 371.0, 261.0, 0.0 ]
[ 360.0, 277.0, 0.0 ]
[ 368.0, 270.0, 0.0 ]
[ 257.0, 273.0, 0.0 ]
[ 290.0, 288.0, 0.0 ]
[ 302.0, 289.0, 0.0 ]
[ 293.0, 297.0, 0.0 ]
[ 300.0, 297.0, 0.0 ]
[ 292.0, 307.0, 0.0 ]
[ 303.0, 308.0, 0.0 ]
[ 281.0, 315.0, 0.0 ]
[ 276.0, 325.0, 0.0 ]
[ 317.0, 322.0, 0.0 ]
[ 288.0, 333.0, 0.0 ]
[ 306.0, 332.0, 0.0 ]
[ 298.0, 346.0, 0.0 ]
[ 289.0, 207.0, 0.0 ]
[ 295.0, 208.0, 0.0 ]
[ 289.0, 215.0, 0.0 ]
[ 283.0, 221.0, 0.0 ]
[ 289.0, 245.0, 0.0 ]
[ 313.0, 314.0, 0.0 ]
[ 273.0, 302.0, 0.0 ]
[ 261.0, 314.0, 0.0 ]
[ 248.0, 329.0, 0.0 ]
[ 237.0, 340.0, 0.0 ]
[ 227.0, 350.0, 0.0 ]
[ 216.0, 362.0, 0.0 ]
[ 243.0, 354.0, 0.0 ]
[ 231.0, 360.0, 0.0 ]
[ 258.0, 350.0, 0.0 ]
[ 266.0, 338.0, 0.0 ]
[ 270.0, 321.0, 0.0 ]
[ 256.0, 339.0, 0.0 ]
[ 250.0, 333.0, 0.0 ]
[ 256.0, 328.0, 0.0 ]
[ 262.0, 334.0, 0.0 ]
[ 311.0, 304.0, 0.0 ]
[ 323.0, 305.0, 0.0 ]
[ 332.0, 317.0, 0.0 ]
[ 341.0, 336.0, 0.0 ]
[ 338.0, 310.0, 0.0 ]
[ 343.0, 301.0, 0.0 ]
[ 355.0, 320.0, 0.0 ]
[ 358.0, 298.0, 0.0 ]
[ 369.0, 296.0, 0.0 ]
[ 376.0, 314.0, 0.0 ]
[ 384.0, 313.0, 0.0 ]
[ 387.0, 310.0, 0.0 ]
[ 387.0, 304.0, 0.0 ]
[ 378.0, 304.0, 0.0 ]
[ 378.0, 324.0, 0.0 ]
[ 396.0, 318.0, 0.0 ]
[ 407.0, 322.0, 0.0 ]
[ 413.0, 328.0, 0.0 ]
[ 404.0, 338.0, 0.0 ]
[ 398.0, 346.0, 0.0 ]
[ 396.0, 354.0, 0.0 ]
[ 388.0, 344.0, 0.0 ]
[ 379.0, 342.0, 0.0 ]
[ 370.0, 338.0, 0.0 ]
[ 354.0, 333.0, 0.0 ]
[ 364.0, 367.0, 0.0 ]
[ 353.0, 344.0, 0.0 ]
[ 362.0, 354.0, 0.0 ]
[ 355.0, 359.0, 0.0 ]
[ 359.0, 344.0, 0.0 ]
[ 411.0, 364.0, 0.0 ]
[ 405.0, 359.0, 0.0 ]
[ 408.0, 348.0, 0.0 ]
[ 418.0, 354.0, 0.0 ]
[ 434.0, 367.0, 0.0 ]
[ 453.0, 370.0, 0.0 ]
[ 456.0, 359.0, 0.0 ]
[ 448.0, 356.0, 0.0 ]
[ 430.0, 339.0, 0.0 ]
[ 323.0, 321.0, 0.0 ]
[ 324.0, 336.0, 0.0 ]
[ 316.0, 339.0, 0.0 ]
[ 314.0, 364.0, 0.0 ]
[ 323.0, 381.0, 0.0 ]
[ 324.0, 358.0, 0.0 ]
[ 279.0, 350.0, 0.0 ]
[ 270.0, 364.0, 0.0 ]
[ 261.0, 380.0, 0.0 ]
[ 263.0, 388.0, 0.0 ]
[ 276.0, 379.0, 0.0 ]
[ 290.0, 367.0, 0.0 ]
[ 255.0, 387.0, 0.0 ]
[ 254.0, 393.0, 0.0 ]
[ 238.0, 400.0, 0.0 ]
[ 268.0, 400.0, 0.0 ]
[ 280.0, 392.0, 0.0 ]
[ 276.0, 406.0, 0.0 ]
[ 273.0, 417.0, 0.0 ]
[ 263.0, 422.0, 0.0 ]
[ 255.0, 428.0, 0.0 ]
[ 247.0, 419.0, 0.0 ]
[ 241.0, 412.0, 0.0 ]
[ 248.0, 407.0, 0.0 ]
[ 260.0, 406.0, 0.0 ]
[ 252.0, 398.0, 0.0 ]
[ 256.0, 413.0, 0.0 ]
[ 269.0, 413.0, 0.0 ]
[ 257.0, 422.0, 0.0 ]
[ 241.0, 382.0, 0.0 ]
[ 228.0, 397.0, 0.0 ]
[ 243.0, 392.0, 0.0 ]
[ 232.0, 424.0, 0.0 ]
[ 221.0, 434.0, 0.0 ]
[ 218.0, 411.0, 0.0 ]
[ 211.0, 427.0, 0.0 ]
[ 224.0, 421.0, 0.0 ]
[ 292.0, 403.0, 0.0 ]
[ 300.0, 419.0, 0.0 ]
[ 305.0, 437.0, 0.0 ]
[ 312.0, 424.0, 0.0 ]
[ 324.0, 405.0, 0.0 ]
[ 315.0, 411.0, 0.0 ]
[ 329.0, 414.0, 0.0 ]
[ 331.0, 426.0, 0.0 ]
[ 342.0, 428.0, 0.0 ]
[ 338.0, 421.0, 0.0 ]
[ 330.0, 422.0, 0.0 ]
[ 342.0, 423.0, 0.0 ]
[ 334.0, 430.0, 0.0 ]
[ 342.0, 437.0, 0.0 ]
[ 328.0, 441.0, 0.0 ]
[ 319.0, 448.0, 0.0 ]
[ 309.0, 455.0, 0.0 ]
[ 312.0, 465.0, 0.0 ]
[ 323.0, 469.0, 0.0 ]
[ 333.0, 474.0, 0.0 ]
[ 338.0, 485.0, 0.0 ]
[ 347.0, 475.0, 0.0 ]
[ 357.0, 467.0, 0.0 ]
[ 365.0, 459.0, 0.0 ]
[ 361.0, 453.0, 0.0 ]
[ 352.0, 443.0, 0.0 ]
[ 264.0, 433.0, 0.0 ]
[ 261.0, 446.0, 0.0 ]
[ 255.0, 455.0, 0.0 ]
[ 246.0, 462.0, 0.0 ]
[ 235.0, 466.0, 0.0 ]
[ 225.0, 467.0, 0.0 ]
[ 234.0, 455.0, 0.0 ]
[ 243.0, 444.0, 0.0 ]
[ 285.0, 437.0, 0.0 ]
[ 272.0, 443.0, 0.0 ]
[ 281.0, 449.0, 0.0 ]
[ 289.0, 450.0, 0.0 ]
[ 288.0, 461.0, 0.0 ]
[ 281.0, 474.0, 0.0 ]
[ 276.0, 465.0, 0.0 ]
[ 265.0, 462.0, 0.0 ]
[ 271.0, 454.0, 0.0 ]
[ 264.0, 455.0, 0.0 ]
[ 274.0, 459.0, 0.0 ]
[ 256.0, 463.0, 0.0 ]
[ 250.0, 470.0, 0.0 ]
[ 248.0, 477.0, 0.0 ]
[ 240.0, 484.0, 0.0 ]
[ 230.0, 492.0, 0.0 ]
[ 240.0, 499.0, 0.0 ]
[ 251.0, 507.0, 0.0 ]
[ 270.0, 509.0, 0.0 ]
[ 278.0, 504.0, 0.0 ]
[ 274.0, 491.0, 0.0 ]
[ 276.0, 483.0, 0.0 ]
[ 277.0, 474.0, 0.0 ]
[ 260.0, 479.0, 0.0 ]
[ 268.0, 475.0, 0.0 ]
[ 268.0, 468.0, 0.0 ]
[ 254.0, 475.0, 0.0 ]
[ 261.0, 471.0, 0.0 ]
[ 250.0, 485.0, 0.0 ]
[ 242.0, 489.0, 0.0 ]
[ 255.0, 491.0, 0.0 ]
[ 262.0, 495.0, 0.0 ]
[ 270.0, 497.0, 0.0 ]
[ 268.0, 484.0, 0.0 ]
[ 260.0, 503.0, 0.0 ]
[ 268.0, 506.0, 0.0 ]
[ 250.0, 496.0, 0.0 ]
[ 160.0, 520.0, 0.0 ]
[ 168.0, 511.0, 0.0 ]
[ 170.0, 522.0, 0.0 ]
[ 181.0, 505.0, 0.0 ]
[ 187.0, 495.0, 0.0 ]
[ 185.0, 511.0, 0.0 ]
[ 185.0, 522.0, 0.0 ]
[ 199.0, 509.0, 0.0 ]
[ 207.0, 495.0, 0.0 ]
[ 213.0, 478.0, 0.0 ]
[ 213.0, 465.0, 0.0 ]
[ 217.0, 459.0, 0.0 ]
[ 210.0, 459.0, 0.0 ]
[ 205.0, 465.0, 0.0 ]
[ 196.0, 479.0, 0.0 ]
[ 194.0, 497.0, 0.0 ]
[ 203.0, 491.0, 0.0 ]
[ 205.0, 480.0, 0.0 ]
[ 139.0, 523.0, 0.0 ]
[ 143.0, 531.0, 0.0 ]
[ 162.0, 531.0, 0.0 ]
[ 176.0, 525.0, 0.0 ]
[ 189.0, 533.0, 0.0 ]
[ 209.0, 509.0, 0.0 ]
[ 224.0, 514.0, 0.0 ]
[ 209.0, 532.0, 0.0 ]
[ 201.0, 531.0, 0.0 ]
[ 195.0, 529.0, 0.0 ]
[ 204.0, 520.0, 0.0 ]
[ 213.0, 514.0, 0.0 ]
[ 208.0, 526.0, 0.0 ]
[ 196.0, 542.0, 0.0 ]
[ 212.0, 536.0, 0.0 ]
[ 233.0, 528.0, 0.0 ]
[ 229.0, 536.0, 0.0 ]
[ 225.0, 548.0, 0.0 ]
[ 226.0, 559.0, 0.0 ]
[ 238.0, 551.0, 0.0 ]
[ 244.0, 535.0, 0.0 ]
[ 247.0, 523.0, 0.0 ]
[ 235.0, 537.0, 0.0 ]
[ 229.0, 550.0, 0.0 ]
[ 218.0, 570.0, 0.0 ]
[ 239.0, 560.0, 0.0 ]
[ 253.0, 549.0, 0.0 ]
[ 255.0, 523.0, 0.0 ]
[ 270.0, 531.0, 0.0 ]
[ 269.0, 523.0, 0.0 ]
[ 262.0, 527.0, 0.0 ]
[ 264.0, 533.0, 0.0 ]
[ 262.0, 552.0, 0.0 ]
[ 281.0, 540.0, 0.0 ]
[ 290.0, 531.0, 0.0 ]
[ 295.0, 548.0, 0.0 ]
[ 299.0, 559.0, 0.0 ]
[ 309.0, 553.0, 0.0 ]
[ 320.0, 536.0, 0.0 ]
[ 329.0, 547.0, 0.0 ]
[ 303.0, 491.0, 0.0 ]
[ 295.0, 504.0, 0.0 ]
[ 308.0, 505.0, 0.0 ]
[ 314.0, 523.0, 0.0 ]
[ 294.0, 521.0, 0.0 ]
[ 303.0, 511.0, 0.0 ]
[ 308.0, 521.0, 0.0 ]
[ 299.0, 527.0, 0.0 ]
[ 305.0, 542.0, 0.0 ]
[ 307.0, 533.0, 0.0 ]
[ 289.0, 477.0, 0.0 ]
[ 302.0, 467.0, 0.0 ]
[ 351.0, 373.0, 0.0 ]
[ 339.0, 391.0, 0.0 ]
[ 326.0, 397.0, 0.0 ]
[ 310.0, 389.0, 0.0 ]
[ 307.0, 368.0, 0.0 ]
[ 295.0, 376.0, 0.0 ]
[ 282.0, 383.0, 0.0 ]
[ 332.0, 369.0, 0.0 ]
[ 337.0, 372.0, 0.0 ]
[ 343.0, 367.0, 0.0 ]
[ 335.0, 362.0, 0.0 ]
[ 343.0, 358.0, 0.0 ]
[ 345.0, 351.0, 0.0 ]
[ 349.0, 357.0, 0.0 ]
[ 373.0, 365.0, 0.0 ]
[ 380.0, 362.0, 0.0 ]
[ 378.0, 357.0, 0.0 ]
[ 371.0, 359.0, 0.0 ]
[ 369.0, 378.0, 0.0 ]
[ 370.0, 389.0, 0.0 ]
[ 368.0, 400.0, 0.0 ]
[ 390.0, 371.0, 0.0 ]
[ 396.0, 379.0, 0.0 ]
[ 407.0, 389.0, 0.0 ]
[ 399.0, 401.0, 0.0 ]
[ 387.0, 405.0, 0.0 ]
[ 376.0, 406.0, 0.0 ]
[ 378.0, 394.0, 0.0 ]
[ 390.0, 390.0, 0.0 ]
[ 388.0, 383.0, 0.0 ]
[ 378.0, 382.0, 0.0 ]
[ 382.0, 376.0, 0.0 ]
[ 372.0, 367.0, 0.0 ]
[ 380.0, 369.0, 0.0 ]
[ 375.0, 375.0, 0.0 ]
[ 375.0, 390.0, 0.0 ]
[ 381.0, 388.0, 0.0 ]
[ 378.0, 401.0, 0.0 ]
[ 386.0, 400.0, 0.0 ]
[ 423.0, 395.0, 0.0 ]
[ 444.0, 409.0, 0.0 ]
[ 463.0, 427.0, 0.0 ]
[ 480.0, 444.0, 0.0 ]
[ 461.0, 441.0, 0.0 ]
[ 443.0, 437.0, 0.0 ]
[ 430.0, 430.0, 0.0 ]
[ 433.0, 447.0, 0.0 ]
[ 419.0, 432.0, 0.0 ]
[ 414.0, 417.0, 0.0 ]
[ 408.0, 405.0, 0.0 ]
[ 421.0, 408.0, 0.0 ]
[ 385.0, 420.0, 0.0 ]
[ 399.0, 417.0, 0.0 ]
[ 383.0, 434.0, 0.0 ]
[ 411.0, 429.0, 0.0 ]
[ 393.0, 452.0, 0.0 ]
[ 405.0, 478.0, 0.0 ]
[ 428.0, 495.0, 0.0 ]
[ 449.0, 510.0, 0.0 ]
[ 466.0, 520.0, 0.0 ]
[ 450.0, 489.0, 0.0 ]
[ 438.0, 471.0, 0.0 ]
[ 423.0, 450.0, 0.0 ]
[ 395.0, 431.0, 0.0 ]
[ 406.0, 451.0, 0.0 ]
[ 403.0, 457.0, 0.0 ]
[ 411.0, 468.0, 0.0 ]
[ 408.0, 460.0, 0.0 ]
[ 403.0, 468.0, 0.0 ]
[ 415.0, 466.0, 0.0 ]
[ 422.0, 466.0, 0.0 ]
[ 423.0, 473.0, 0.0 ]
[ 417.0, 473.0, 0.0 ]
[ 421.0, 462.0, 0.0 ]
[ 417.0, 456.0, 0.0 ]
[ 421.0, 452.0, 0.0 ]
[ 425.0, 456.0, 0.0 ]
[ 455.0, 456.0, 0.0 ]
[ 453.0, 450.0, 0.0 ]
[ 459.0, 454.0, 0.0 ]
[ 465.0, 465.0, 0.0 ]
[ 455.0, 482.0, 0.0 ]
[ 461.0, 493.0, 0.0 ]
[ 467.0, 503.0, 0.0 ]
[ 473.0, 511.0, 0.0 ]
[ 470.0, 477.0, 0.0 ]
[ 465.0, 488.0, 0.0 ]
[ 463.0, 476.0, 0.0 ]
[ 459.0, 474.0, 0.0 ]
[ 371.0, 473.0, 0.0 ]
[ 375.0, 483.0, 0.0 ]
[ 376.0, 494.0, 0.0 ]
[ 368.0, 499.0, 0.0 ]
[ 359.0, 489.0, 0.0 ]
[ 354.0, 482.0, 0.0 ]
[ 387.0, 487.0, 0.0 ]
[ 396.0, 487.0, 0.0 ]
[ 384.0, 481.0, 0.0 ]
[ 394.0, 480.0, 0.0 ]
[ 381.0, 496.0, 0.0 ]
[ 369.0, 508.0, 0.0 ]
[ 375.0, 516.0, 0.0 ]
[ 386.0, 520.0, 0.0 ]
[ 396.0, 528.0, 0.0 ]
[ 409.0, 519.0, 0.0 ]
[ 417.0, 509.0, 0.0 ]
[ 416.0, 502.0, 0.0 ]
[ 409.0, 497.0, 0.0 ]
[ 402.0, 492.0, 0.0 ]
[ 402.0, 502.0, 0.0 ]
[ 388.0, 505.0, 0.0 ]
[ 375.0, 509.0, 0.0 ]
[ 391.0, 517.0, 0.0 ]
[ 401.0, 512.0, 0.0 ]
[ 402.0, 522.0, 0.0 ]
[ 325.0, 493.0, 0.0 ]
[ 336.0, 507.0, 0.0 ]
[ 352.0, 502.0, 0.0 ]
[ 323.0, 513.0, 0.0 ]
[ 339.0, 543.0, 0.0 ]
[ 356.0, 553.0, 0.0 ]
[ 375.0, 563.0, 0.0 ]
[ 390.0, 563.0, 0.0 ]
[ 374.0, 538.0, 0.0 ]
[ 362.0, 520.0, 0.0 ]
[ 369.0, 547.0, 0.0 ]
[ 350.0, 541.0, 0.0 ]
[ 354.0, 531.0, 0.0 ]
[ 346.0, 523.0, 0.0 ]
[ 347.0, 513.0, 0.0 ]
[ 336.0, 526.0, 0.0 ]
[ 397.0, 541.0, 0.0 ]
[ 413.0, 536.0, 0.0 ]
[ 423.0, 526.0, 0.0 ]
[ 410.0, 552.0, 0.0 ]
[ 431.0, 566.0, 0.0 ]
[ 430.0, 544.0, 0.0 ]
[ 427.0, 512.0, 0.0 ]
[ 434.0, 531.0, 0.0 ]
[ 438.0, 521.0, 0.0 ]
[ 479.0, 527.0, 0.0 ]
[ 496.0, 534.0, 0.0 ]
[ 510.0, 539.0, 0.0 ]
[ 447.0, 537.0, 0.0 ]
[ 430.0, 399.0, 0.0 ]
[ 187.0, 500.0, 0.0 ]
[ 261.0, 509.0, 0.0 ]
[ 253.0, 491.0, 0.0 ]
[ 294.0, 326.0, 0.0 ]
[ 288.0, 317.0, 0.0 ]
[ 293.0, 325.0, 0.0 ]
[ 391.0, 497.0, 0.0 ]
[ 323.0, 458.0, 0.0 ]
[ 337.0, 466.0, 0.0 ]
[ 347.0, 453.0, 0.0 ]
[ 321.0, 453.0, 0.0 ]
[ 281.0, 237.0, 0.0 ]
[ 373.0, 431.0, 0.0 ]
[ 190.0, 362.0, 0.0 ]
[ 204.0, 337.0, 0.0 ]
[ 203.0, 353.0, 0.0 ]
[ 203.0, 380.0, 0.0 ]
[ 202.0, 401.0, 0.0 ]
[ 146.0, 338.0, 0.0 ]
[ 164.0, 338.0, 0.0 ]
[ 180.0, 338.0, 0.0 ]
[ 150.0, 365.0, 0.0 ]
[ 150.0, 370.0, 0.0 ]
[ 154.0, 396.0, 0.0 ]
[ 155.0, 406.0, 0.0 ]
[ 157.0, 417.0, 0.0 ]
[ 160.0, 427.0, 0.0 ]
[ 172.0, 424.0, 0.0 ]
[ 171.0, 401.0, 0.0 ]
[ 179.0, 399.0, 0.0 ]
[ 178.0, 383.0, 0.0 ]
[ 170.0, 383.0, 0.0 ]
[ 169.0, 377.0, 0.0 ]
[ 179.0, 371.0, 0.0 ]
[ 167.0, 359.0, 0.0 ]
[ 179.0, 356.0, 0.0 ]
[ 165.0, 329.0, 0.0 ]
[ 165.0, 312.0, 0.0 ]
[ 174.0, 305.0, 0.0 ]
[ 202.0, 325.0, 0.0 ]
[ 188.0, 309.0, 0.0 ]
[ 176.0, 311.0, 0.0 ]
[ 168.0, 317.0, 0.0 ]
[ 175.0, 327.0, 0.0 ]
[ 189.0, 318.0, 0.0 ]
[ 186.0, 327.0, 0.0 ]
[ 208.0, 322.0, 0.0 ]
[ 214.0, 309.0, 0.0 ]
[ 224.0, 301.0, 0.0 ]
[ 234.0, 309.0, 0.0 ]
[ 226.0, 320.0, 0.0 ]
[ 220.0, 324.0, 0.0 ]
[ 206.0, 314.0, 0.0 ]
[ 215.0, 300.0, 0.0 ]
[ 234.0, 319.0, 0.0 ]
[ 162.0, 321.0, 0.0 ]
[ 230.0, 305.0, 0.0 ]
[ 236.0, 306.0, 0.0 ]
[ 219.0, 287.0, 0.0 ]
[ 234.0, 284.0, 0.0 ]
[ 240.0, 296.0, 0.0 ]
[ 196.0, 316.0, 0.0 ]
[ 134.0, 368.0, 0.0 ]
[ 129.0, 381.0, 0.0 ]
[ 130.0, 401.0, 0.0 ]
[ 129.0, 414.0, 0.0 ]
[ 137.0, 382.0, 0.0 ]
[ 151.0, 383.0, 0.0 ]
[ 159.0, 389.0, 0.0 ]
[ 160.0, 374.0, 0.0 ]
[ 134.0, 419.0, 0.0 ]
[ 144.0, 412.0, 0.0 ]
[ 149.0, 414.0, 0.0 ]
[ 164.0, 377.0, 0.0 ]
[ 116.0, 383.0, 0.0 ]
[ 107.0, 381.0, 0.0 ]
[ 96.0, 387.0, 0.0 ]
[ 92.0, 396.0, 0.0 ]
[ 94.0, 408.0, 0.0 ]
[ 109.0, 418.0, 0.0 ]
[ 101.0, 402.0, 0.0 ]
[ 111.0, 411.0, 0.0 ]
[ 124.0, 417.0, 0.0 ]
[ 102.0, 419.0, 0.0 ]
[ 85.0, 425.0, 0.0 ]
[ 74.0, 436.0, 0.0 ]
[ 61.0, 448.0, 0.0 ]
[ 47.0, 449.0, 0.0 ]
[ 33.0, 447.0, 0.0 ]
[ 51.0, 454.0, 0.0 ]
[ 61.0, 455.0, 0.0 ]
[ 29.0, 428.0, 0.0 ]
[ 38.0, 440.0, 0.0 ]
[ 24.0, 438.0, 0.0 ]
[ 29.0, 437.0, 0.0 ]
[ 55.0, 435.0, 0.0 ]
[ 70.0, 429.0, 0.0 ]
[ 84.0, 435.0, 0.0 ]
[ 104.0, 433.0, 0.0 ]
[ 127.0, 433.0, 0.0 ]
[ 138.0, 431.0, 0.0 ]
[ 139.0, 455.0, 0.0 ]
[ 139.0, 486.0, 0.0 ]
[ 100.0, 455.0, 0.0 ]
[ 90.0, 462.0, 0.0 ]
[ 97.0, 498.0, 0.0 ]
[ 105.0, 497.0, 0.0 ]
[ 105.0, 517.0, 0.0 ]
[ 102.0, 528.0, 0.0 ]
[ 103.0, 545.0, 0.0 ]
[ 111.0, 546.0, 0.0 ]
[ 130.0, 549.0, 0.0 ]
[ 142.0, 549.0, 0.0 ]
[ 153.0, 548.0, 0.0 ]
[ 80.0, 543.0, 0.0 ]
[ 75.0, 522.0, 0.0 ]
[ 69.0, 494.0, 0.0 ]
[ 65.0, 472.0, 0.0 ]
[ 107.0, 390.0, 0.0 ]
[ 133.0, 411.0, 0.0 ]
[ 102.0, 521.0, 0.0 ]
[ 108.0, 527.0, 0.0 ]
[ 140.0, 545.0, 0.0 ]
[ 474.0, 462.0, 0.0 ]
[ 488.0, 461.0, 0.0 ]
[ 488.0, 481.0, 0.0 ]
[ 487.0, 506.0, 0.0 ]
[ 513.0, 466.0, 0.0 ]
[ 511.0, 498.0, 0.0 ]
[ 510.0, 531.0, 0.0 ]
[ 523.0, 543.0, 0.0 ]
[ 549.0, 543.0, 0.0 ]
[ 558.0, 541.0, 0.0 ]
[ 583.0, 541.0, 0.0 ]
[ 592.0, 509.0, 0.0 ]
[ 594.0, 498.0, 0.0 ]
[ 602.0, 466.0, 0.0 ]
[ 561.0, 466.0, 0.0 ]
[ 548.0, 465.0, 0.0 ]
[ 566.0, 458.0, 0.0 ]
[ 575.0, 418.0, 0.0 ]
[ 556.0, 414.0, 0.0 ]
[ 538.0, 409.0, 0.0 ]
[ 550.0, 403.0, 0.0 ]
[ 556.0, 392.0, 0.0 ]
[ 555.0, 384.0, 0.0 ]
[ 542.0, 378.0, 0.0 ]
[ 532.0, 381.0, 0.0 ]
[ 543.0, 386.0, 0.0 ]
[ 545.0, 401.0, 0.0 ]
[ 530.0, 406.0, 0.0 ]
[ 532.0, 388.0, 0.0 ]
[ 494.0, 437.0, 0.0 ]
[ 500.0, 429.0, 0.0 ]
[ 507.0, 425.0, 0.0 ]
[ 508.0, 428.0, 0.0 ]
[ 500.0, 435.0, 0.0 ]
[ 500.0, 441.0, 0.0 ]
[ 508.0, 448.0, 0.0 ]
[ 505.0, 451.0, 0.0 ]
[ 519.0, 437.0, 0.0 ]
[ 523.0, 457.0, 0.0 ]
[ 531.0, 440.0, 0.0 ]
[ 535.0, 425.0, 0.0 ]
[ 528.0, 455.0, 0.0 ]
[ 542.0, 448.0, 0.0 ]
[ 553.0, 440.0, 0.0 ]
[ 555.0, 426.0, 0.0 ]
[ 544.0, 424.0, 0.0 ]
[ 559.0, 448.0, 0.0 ]
[ 564.0, 433.0, 0.0 ]
[ 563.0, 426.0, 0.0 ]
[ 516.0, 379.0, 0.0 ]
[ 499.0, 383.0, 0.0 ]
[ 501.0, 396.0, 0.0 ]
[ 508.0, 387.0, 0.0 ]
[ 526.0, 388.0, 0.0 ]
[ 512.0, 402.0, 0.0 ]
[ 500.0, 412.0, 0.0 ]
[ 483.0, 413.0, 0.0 ]
[ 485.0, 427.0, 0.0 ]
[ 479.0, 433.0, 0.0 ]
[ 479.0, 409.0, 0.0 ]
[ 478.0, 389.0, 0.0 ]
[ 478.0, 368.0, 0.0 ]
[ 500.0, 369.0, 0.0 ]
[ 518.0, 368.0, 0.0 ]
[ 533.0, 369.0, 0.0 ]
[ 441.0, 377.0, 0.0 ]
[ 456.0, 377.0, 0.0 ]
[ 457.0, 394.0, 0.0 ]
[ 444.0, 397.0, 0.0 ]
[ 470.0, 362.0, 0.0 ]
[ 436.0, 331.0, 0.0 ]
[ 445.0, 321.0, 0.0 ]
[ 458.0, 321.0, 0.0 ]
[ 468.0, 333.0, 0.0 ]
[ 474.0, 353.0, 0.0 ]
[ 480.0, 339.0, 0.0 ]
[ 488.0, 329.0, 0.0 ]
[ 503.0, 323.0, 0.0 ]
[ 519.0, 331.0, 0.0 ]
[ 521.0, 345.0, 0.0 ]
[ 515.0, 356.0, 0.0 ]
[ 505.0, 359.0, 0.0 ]
[ 493.0, 361.0, 0.0 ]
[ 512.0, 349.0, 0.0 ]
[ 498.0, 355.0, 0.0 ]
[ 475.0, 359.0, 0.0 ]
[ 492.0, 334.0, 0.0 ]
[ 481.0, 346.0, 0.0 ]
[ 509.0, 333.0, 0.0 ]
[ 453.0, 348.0, 0.0 ]
[ 463.0, 355.0, 0.0 ]
[ 453.0, 330.0, 0.0 ]
[ 444.0, 335.0, 0.0 ]
[ 487.0, 356.0, 0.0 ]
[ 484.0, 364.0, 0.0 ]
[ 512.0, 365.0, 0.0 ]
[ 500.0, 364.0, 0.0 ]
[ 474.0, 479.0, 0.0 ]
[ 498.0, 464.0, 0.0 ]
[ 478.0, 417.0, 0.0 ]
[ 521.0, 419.0, 0.0 ]
[ 528.0, 415.0, 0.0 ]
[ 509.0, 417.0, 0.0 ]
[ 496.0, 417.0, 0.0 ]
[ 542.0, 419.0, 0.0 ]
[ 555.0, 419.0, 0.0 ]
[ 542.0, 437.0, 0.0 ]
[ 523.0, 447.0, 0.0 ]
[ 527.0, 435.0, 0.0 ]
[ 523.0, 430.0, 0.0 ]
[ 544.0, 454.0, 0.0 ]
[ 544.0, 460.0, 0.0 ]
[ 571.0, 435.0, 0.0 ]
[ 557.0, 457.0, 0.0 ]
[ 511.0, 411.0, 0.0 ]
[ 546.0, 414.0, 0.0 ]
[ 457.0, 410.0, 0.0 ]
[ 467.0, 420.0, 0.0 ]
[ 496.0, 448.0, 0.0 ]
[ 508.0, 404.0, 0.0 ]
[ 549.0, 387.0, 0.0 ]
[ 540.0, 415.0, 0.0 ]
[ 503.0, 338.0, 0.0 ]
[ 102.0, 642.0, 0.0 ]
[ 518.0, 645.0, 0.0 ]
[ 337.0, 666.0, 0.0 ]
[ 506.0, 66.0, 0.0 ]
[ 71.0, 79.0, 0.0 ]
[ 288.0, 177.0, 0.0 ]
[ 218.0, 335.0, 0.0 ]
[ 226.0, 335.0, 0.0 ]
[ 226.0, 324.0, 0.0 ]
[ 512.0, 390.0, 0.0 ]
[ 520.0, 386.0, 0.0 ]
[ 549.0, 486.0, 0.0 ]
[ 561.0, 490.0, 0.0 ]
[ 549.0, 523.0, 0.0 ]
[ 558.0, 520.0, 0.0 ]
[ 576.0, 506.0, 0.0 ]
[ 573.0, 497.0, 0.0 ]
[ 566.0, 484.0, 0.0 ]
[ 562.0, 474.0, 0.0 ]
[ 584.0, 503.0, 0.0 ]
[ 601.0, 502.0, 0.0 ]
[ 571.0, 465.0, 0.0 ]
[ 569.0, 497.0, 0.0 ]
[ 463.0, 366.0, 0.0 ]
[ 458.0, 363.0, 0.0 ]
[ 2.0, 570.0, 0.0 ]
