848 1020
[ 0.0, 0.0, 0.0 ]
[ 848.0, 0.0, 0.0 ]
[ 848.0, 1020.0, 0.0 ]
[ 0.0, 1020.0, 0.0 ]
[ 315.0, 460.0, 0.0 ]
[ 338.0, 409.0, 0.0 ]
[ 363.0, 376.0, 0.0 ]
[ 361.0, 463.0, 0.0 ]
[ 377.0, 461.0, 0.0 ]
[ 407.0, 470.0, 0.0 ]
[ 433.0, 500.0, 0.0 ]
[ 450.0, 497.0, 0.0 ]
[ 443.0, 470.0, 0.0 ]
[ 420.0, 462.0, 0.0 ]
[ 392.0, 425.0, 0.0 ]
[ 321.0, 352.0, 0.0 ]
[ 351.0, 340.0, 0.0 ]
[ 274.0, 347.0, 0.0 ]
[ 252.0, 319.0, 0.0 ]
[ 249.0, 288.0, 0.0 ]
[ 275.0, 277.0, 0.0 ]
[ 300.0, 283.0, 0.0 ]
[ 281.0, 237.0, 0.0 ]
[ 278.0, 181.0, 0.0 ]
[ 295.0, 138.0, 0.0 ]
[ 324.0, 115.0, 0.0 ]
[ 319.0, 83.0, 0.0 ]
[ 331.0, 75.0, 0.0 ]
[ 359.0, 31.0, 0.0 ]
[ 356.0, 69.0, 0.0 ]
[ 386.0, 44.0, 0.0 ]
[ 400.0, 21.0, 0.0 ]
[ 428.0, 27.0, 0.0 ]
[ 446.0, 13.0, 0.0 ]
[ 490.0, 23.0, 0.0 ]
[ 527.0, 17.0, 0.0 ]
[ 574.0, 51.0, 0.0 ]
[ 617.0, 89.0, 0.0 ]
[ 634.0, 136.0, 0.0 ]
[ 645.0, 178.0, 0.0 ]
[ 693.0, 168.0, 0.0 ]
[ 723.0, 217.0, 0.0 ]
[ 718.0, 256.0, 0.0 ]
[ 671.0, 296.0, 0.0 ]
[ 661.0, 326.0, 0.0 ]
[ 618.0, 307.0, 0.0 ]
[ 642.0, 365.0, 0.0 ]
[ 637.0, 330.0, 0.0 ]
[ 657.0, 374.0, 0.0 ]
[ 660.0, 415.0, 0.0 ]
[ 652.0, 417.0, 0.0 ]
[ 661.0, 431.0, 0.0 ]
[ 639.0, 438.0, 0.0 ]
[ 583.0, 442.0, 0.0 ]
[ 554.0, 443.0, 0.0 ]
[ 501.0, 482.0, 0.0 ]
[ 527.0, 438.0, 0.0 ]
[ 587.0, 338.0, 0.0 ]
[ 478.0, 543.0, 0.0 ]
[ 493.0, 559.0, 0.0 ]
[ 519.0, 559.0, 0.0 ]
[ 550.0, 544.0, 0.0 ]
[ 582.0, 499.0, 0.0 ]
[ 554.0, 490.0, 0.0 ]
[ 524.0, 465.0, 0.0 ]
[ 370.0, 500.0, 0.0 ]
[ 377.0, 536.0, 0.0 ]
[ 353.0, 580.0, 0.0 ]
[ 352.0, 633.0, 0.0 ]
[ 372.0, 701.0, 0.0 ]
[ 384.0, 736.0, 0.0 ]
[ 425.0, 586.0, 0.0 ]
[ 419.0, 645.0, 0.0 ]
[ 451.0, 748.0, 0.0 ]
[ 414.0, 726.0, 0.0 ]
[ 408.0, 661.0, 0.0 ]
[ 402.0, 567.0, 0.0 ]
[ 387.0, 631.0, 0.0 ]
[ 443.0, 633.0, 0.0 ]
[ 490.0, 599.0, 0.0 ]
[ 506.0, 597.0, 0.0 ]
[ 468.0, 626.0, 0.0 ]
[ 484.0, 664.0, 0.0 ]
[ 464.0, 707.0, 0.0 ]
[ 612.0, 349.0, 0.0 ]
[ 307.0, 499.0, 0.0 ]
[ 263.0, 547.0, 0.0 ]
[ 266.0, 606.0, 0.0 ]
[ 253.0, 641.0, 0.0 ]
[ 241.0, 640.0, 0.0 ]
[ 238.0, 604.0, 0.0 ]
[ 224.0, 580.0, 0.0 ]
[ 212.0, 571.0, 0.0 ]
[ 198.0, 576.0, 0.0 ]
[ 171.0, 564.0, 0.0 ]
[ 258.0, 680.0, 0.0 ]
[ 273.0, 655.0, 0.0 ]
[ 256.0, 725.0, 0.0 ]
[ 283.0, 709.0, 0.0 ]
[ 295.0, 707.0, 0.0 ]
[ 353.0, 715.0, 0.0 ]
[ 349.0, 309.0, 0.0 ]
[ 340.0, 295.0, 0.0 ]
[ 333.0, 228.0, 0.0 ]
[ 362.0, 212.0, 0.0 ]
[ 397.0, 165.0, 0.0 ]
[ 417.0, 186.0, 0.0 ]
[ 475.0, 184.0, 0.0 ]
[ 504.0, 163.0, 0.0 ]
[ 513.0, 210.0, 0.0 ]
[ 540.0, 227.0, 0.0 ]
[ 545.0, 264.0, 0.0 ]
[ 581.0, 309.0, 0.0 ]
[ 346.0, 283.0, 0.0 ]
[ 349.0, 272.0, 0.0 ]
[ 407.0, 286.0, 0.0 ]
[ 442.0, 276.0, 0.0 ]
[ 461.0, 278.0, 0.0 ]
[ 479.0, 263.0, 0.0 ]
[ 520.0, 273.0, 0.0 ]
[ 518.0, 259.0, 0.0 ]
[ 475.0, 252.0, 0.0 ]
[ 417.0, 360.0, 0.0 ]
[ 427.0, 288.0, 0.0 ]
[ 436.0, 357.0, 0.0 ]
[ 436.0, 377.0, 0.0 ]
[ 425.0, 380.0, 0.0 ]
[ 413.0, 374.0, 0.0 ]
[ 428.0, 364.0, 0.0 ]
[ 404.0, 374.0, 0.0 ]
[ 403.0, 359.0, 0.0 ]
[ 449.0, 366.0, 0.0 ]
[ 466.0, 369.0, 0.0 ]
[ 464.0, 353.0, 0.0 ]
[ 456.0, 347.0, 0.0 ]
[ 438.0, 385.0, 0.0 ]
[ 452.0, 372.0, 0.0 ]
[ 457.0, 296.0, 0.0 ]
[ 469.0, 280.0, 0.0 ]
[ 511.0, 282.0, 0.0 ]
[ 493.0, 303.0, 0.0 ]
[ 501.0, 290.0, 0.0 ]
[ 493.0, 285.0, 0.0 ]
[ 491.0, 278.0, 0.0 ]
[ 472.0, 292.0, 0.0 ]
[ 488.0, 293.0, 0.0 ]
[ 471.0, 302.0, 0.0 ]
[ 468.0, 313.0, 0.0 ]
[ 503.0, 309.0, 0.0 ]
[ 389.0, 295.0, 0.0 ]
[ 373.0, 295.0, 0.0 ]
[ 365.0, 307.0, 0.0 ]
[ 378.0, 315.0, 0.0 ]
[ 375.0, 308.0, 0.0 ]
[ 388.0, 307.0, 0.0 ]
[ 389.0, 323.0, 0.0 ]
[ 372.0, 324.0, 0.0 ]
[ 392.0, 313.0, 0.0 ]
[ 382.0, 278.0, 0.0 ]
[ 371.0, 285.0, 0.0 ]
[ 388.0, 285.0, 0.0 ]
[ 403.0, 307.0, 0.0 ]
[ 411.0, 308.0, 0.0 ]
[ 416.0, 335.0, 0.0 ]
[ 433.0, 331.0, 0.0 ]
[ 360.0, 244.0, 0.0 ]
[ 421.0, 244.0, 0.0 ]
[ 487.0, 221.0, 0.0 ]
[ 483.0, 469.0, 0.0 ]
[ 473.0, 459.0, 0.0 ]
[ 512.0, 432.0, 0.0 ]
[ 513.0, 382.0, 0.0 ]
[ 533.0, 333.0, 0.0 ]
[ 541.0, 294.0, 0.0 ]
[ 565.0, 344.0, 0.0 ]
[ 539.0, 394.0, 0.0 ]
[ 556.0, 391.0, 0.0 ]
[ 533.0, 429.0, 0.0 ]
[ 505.0, 455.0, 0.0 ]
[ 513.0, 463.0, 0.0 ]
[ 403.0, 411.0, 0.0 ]
[ 427.0, 397.0, 0.0 ]
[ 440.0, 401.0, 0.0 ]
[ 451.0, 394.0, 0.0 ]
[ 488.0, 398.0, 0.0 ]
[ 497.0, 393.0, 0.0 ]
[ 494.0, 409.0, 0.0 ]
[ 476.0, 409.0, 0.0 ]
[ 453.0, 416.0, 0.0 ]
[ 444.0, 415.0, 0.0 ]
[ 424.0, 420.0, 0.0 ]
[ 423.0, 410.0, 0.0 ]
[ 441.0, 407.0, 0.0 ]
[ 459.0, 406.0, 0.0 ]
[ 432.0, 435.0, 0.0 ]
[ 450.0, 427.0, 0.0 ]
[ 478.0, 432.0, 0.0 ]
[ 447.0, 450.0, 0.0 ]
[ 380.0, 375.0, 0.0 ]
[ 695.0, 350.0, 0.0 ]
[ 734.0, 427.0, 0.0 ]
[ 786.0, 489.0, 0.0 ]
[ 722.0, 554.0, 0.0 ]
[ 644.0, 636.0, 0.0 ]
[ 586.0, 717.0, 0.0 ]
[ 532.0, 802.0, 0.0 ]
[ 523.0, 797.0, 0.0 ]
[ 579.0, 708.0, 0.0 ]
[ 643.0, 625.0, 0.0 ]
[ 721.0, 543.0, 0.0 ]
[ 490.0, 770.0, 0.0 ]
[ 500.0, 772.0, 0.0 ]
[ 500.0, 800.0, 0.0 ]
[ 488.0, 795.0, 0.0 ]
[ 455.0, 809.0, 0.0 ]
[ 461.0, 815.0, 0.0 ]
[ 420.0, 852.0, 0.0 ]
[ 415.0, 845.0, 0.0 ]
[ 398.0, 893.0, 0.0 ]
[ 394.0, 933.0, 0.0 ]
[ 384.0, 930.0, 0.0 ]
[ 392.0, 885.0, 0.0 ]
[ 329.0, 891.0, 0.0 ]
[ 338.0, 832.0, 0.0 ]
[ 351.0, 781.0, 0.0 ]
[ 469.0, 953.0, 0.0 ]
[ 541.0, 1013.0, 0.0 ]
[ 591.0, 847.0, 0.0 ]
[ 669.0, 862.0, 0.0 ]
[ 703.0, 728.0, 0.0 ]
[ 720.0, 643.0, 0.0 ]
[ 751.0, 610.0, 0.0 ]
[ 656.0, 722.0, 0.0 ]
[ 627.0, 818.0, 0.0 ]
[ 479.0, 135.0, 0.0 ]
[ 318.0, 181.0, 0.0 ]
[ 377.0, 115.0, 0.0 ]
[ 288.0, 739.0, 0.0 ]
[ 309.0, 734.0, 0.0 ]
[ 290.0, 744.0, 0.0 ]
[ 250.0, 754.0, 0.0 ]
[ 211.0, 757.0, 0.0 ]
[ 179.0, 760.0, 0.0 ]
[ 197.0, 778.0, 0.0 ]
[ 178.0, 772.0, 0.0 ]
[ 199.0, 760.0, 0.0 ]
[ 242.0, 782.0, 0.0 ]
[ 301.0, 773.0, 0.0 ]
[ 219.0, 769.0, 0.0 ]
[ 251.0, 768.0, 0.0 ]
[ 271.0, 786.0, 0.0 ]
[ 271.0, 779.0, 0.0 ]
[ 211.0, 781.0, 0.0 ]
[ 229.0, 802.0, 0.0 ]
[ 266.0, 807.0, 0.0 ]
[ 293.0, 806.0, 0.0 ]
[ 255.0, 831.0, 0.0 ]
[ 290.0, 833.0, 0.0 ]
[ 281.0, 851.0, 0.0 ]
[ 332.0, 856.0, 0.0 ]
[ 331.0, 756.0, 0.0 ]
[ 324.0, 800.0, 0.0 ]
[ 315.0, 836.0, 0.0 ]
[ 144.0, 505.0, 0.0 ]
[ 132.0, 511.0, 0.0 ]
[ 177.0, 592.0, 0.0 ]
[ 155.0, 560.0, 0.0 ]
[ 134.0, 558.0, 0.0 ]
[ 122.0, 578.0, 0.0 ]
[ 182.0, 627.0, 0.0 ]
[ 191.0, 606.0, 0.0 ]
[ 159.0, 576.0, 0.0 ]
[ 183.0, 610.0, 0.0 ]
[ 170.0, 604.0, 0.0 ]
[ 170.0, 620.0, 0.0 ]
[ 109.0, 599.0, 0.0 ]
[ 106.0, 626.0, 0.0 ]
[ 101.0, 648.0, 0.0 ]
[ 108.0, 667.0, 0.0 ]
[ 159.0, 687.0, 0.0 ]
[ 211.0, 672.0, 0.0 ]
[ 219.0, 663.0, 0.0 ]
[ 229.0, 655.0, 0.0 ]
[ 223.0, 628.0, 0.0 ]
[ 212.0, 623.0, 0.0 ]
[ 216.0, 605.0, 0.0 ]
[ 124.0, 621.0, 0.0 ]
[ 180.0, 645.0, 0.0 ]
[ 186.0, 663.0, 0.0 ]
[ 237.0, 664.0, 0.0 ]
[ 213.0, 707.0, 0.0 ]
[ 193.0, 678.0, 0.0 ]
[ 52.0, 646.0, 0.0 ]
[ 23.0, 648.0, 0.0 ]
[ 1.0, 656.0, 0.0 ]
[ 1.0, 685.0, 0.0 ]
[ 33.0, 667.0, 0.0 ]
[ 54.0, 671.0, 0.0 ]
[ 17.0, 686.0, 0.0 ]
[ 2.0, 699.0, 0.0 ]
[ 2.0, 715.0, 0.0 ]
[ 59.0, 683.0, 0.0 ]
[ 74.0, 668.0, 0.0 ]
[ 74.0, 686.0, 0.0 ]
[ 22.0, 717.0, 0.0 ]
[ 2.0, 741.0, 0.0 ]
[ 2.0, 891.0, 0.0 ]
[ 80.0, 925.0, 0.0 ]
[ 182.0, 955.0, 0.0 ]
[ 272.0, 977.0, 0.0 ]
[ 354.0, 911.0, 0.0 ]
[ 339.0, 512.0, 0.0 ]
[ 321.0, 579.0, 0.0 ]
[ 691.0, 1011.0, 0.0 ]
[ 550.0, 902.0, 0.0 ]
[ 698.0, 933.0, 0.0 ]
[ 813.0, 825.0, 0.0 ]
[ 819.0, 667.0, 0.0 ]
[ 840.0, 545.0, 0.0 ]
[ 143.0, 593.0, 0.0 ]
[ 137.0, 598.0, 0.0 ]
[ 156.0, 603.0, 0.0 ]
[ 152.0, 608.0, 0.0 ]
[ 138.0, 627.0, 0.0 ]
[ 135.0, 634.0, 0.0 ]
[ 155.0, 635.0, 0.0 ]
[ 154.0, 641.0, 0.0 ]
[ 122.0, 650.0, 0.0 ]
[ 137.0, 656.0, 0.0 ]
[ 131.0, 660.0, 0.0 ]
[ 157.0, 663.0, 0.0 ]
[ 158.0, 669.0, 0.0 ]
[ 207.0, 613.0, 0.0 ]
[ 200.0, 590.0, 0.0 ]
[ 457.0, 62.0, 0.0 ]
[ 537.0, 88.0, 0.0 ]
[ 585.0, 136.0, 0.0 ]
[ 628.0, 268.0, 0.0 ]
[ 457.0, 596.0, 0.0 ]
[ 527.0, 518.0, 0.0 ]
[ 499.0, 345.0, 0.0 ]
[ 192.0, 627.0, 0.0 ]
[ 199.0, 642.0, 0.0 ]
[ 201.0, 620.0, 0.0 ]
[ 212.0, 636.0, 0.0 ]
[ 213.0, 654.0, 0.0 ]
[ 212.0, 644.0, 0.0 ]
[ 224.0, 640.0, 0.0 ]
[ 226.0, 650.0, 0.0 ]
[ 12.0, 120.0, 0.0 ]
