863 1020
[ 0.0, 0.0, 0.0 ]
[ 863.0, 0.0, 0.0 ]
[ 863.0, 1020.0, 0.0 ]
[ 0.0, 1020.0, 0.0 ]
[ 448.0, 243.0, 0.0 ]
[ 624.0, 206.0, 0.0 ]
[ 606.0, 209.0, 0.0 ]
[ 484.0, 211.0, 0.0 ]
[ 502.0, 178.0, 0.0 ]
[ 529.0, 169.0, 0.0 ]
[ 562.0, 177.0, 0.0 ]
[ 583.0, 191.0, 0.0 ]
[ 610.0, 195.0, 0.0 ]
[ 555.0, 155.0, 0.0 ]
[ 589.0, 169.0, 0.0 ]
[ 539.0, 153.0, 0.0 ]
[ 507.0, 157.0, 0.0 ]
[ 492.0, 172.0, 0.0 ]
[ 466.0, 214.0, 0.0 ]
[ 474.0, 189.0, 0.0 ]
[ 470.0, 198.0, 0.0 ]
[ 455.0, 182.0, 0.0 ]
[ 447.0, 185.0, 0.0 ]
[ 443.0, 179.0, 0.0 ]
[ 429.0, 195.0, 0.0 ]
[ 440.0, 213.0, 0.0 ]
[ 453.0, 232.0, 0.0 ]
[ 464.0, 243.0, 0.0 ]
[ 495.0, 266.0, 0.0 ]
[ 567.0, 214.0, 0.0 ]
[ 565.0, 233.0, 0.0 ]
[ 593.0, 231.0, 0.0 ]
[ 630.0, 240.0, 0.0 ]
[ 659.0, 255.0, 0.0 ]
[ 673.0, 279.0, 0.0 ]
[ 674.0, 298.0, 0.0 ]
[ 688.0, 311.0, 0.0 ]
[ 704.0, 324.0, 0.0 ]
[ 683.0, 355.0, 0.0 ]
[ 660.0, 382.0, 0.0 ]
[ 629.0, 400.0, 0.0 ]
[ 620.0, 429.0, 0.0 ]
[ 611.0, 464.0, 0.0 ]
[ 586.0, 481.0, 0.0 ]
[ 547.0, 487.0, 0.0 ]
[ 425.0, 162.0, 0.0 ]
[ 439.0, 159.0, 0.0 ]
[ 413.0, 179.0, 0.0 ]
[ 399.0, 179.0, 0.0 ]
[ 368.0, 157.0, 0.0 ]
[ 336.0, 138.0, 0.0 ]
[ 300.0, 128.0, 0.0 ]
[ 256.0, 109.0, 0.0 ]
[ 208.0, 97.0, 0.0 ]
[ 192.0, 109.0, 0.0 ]
[ 189.0, 123.0, 0.0 ]
[ 201.0, 141.0, 0.0 ]
[ 195.0, 159.0, 0.0 ]
[ 226.0, 153.0, 0.0 ]
[ 221.0, 168.0, 0.0 ]
[ 229.0, 181.0, 0.0 ]
[ 222.0, 203.0, 0.0 ]
[ 240.0, 243.0, 0.0 ]
[ 253.0, 262.0, 0.0 ]
[ 270.0, 276.0, 0.0 ]
[ 295.0, 295.0, 0.0 ]
[ 299.0, 341.0, 0.0 ]
[ 327.0, 314.0, 0.0 ]
[ 340.0, 307.0, 0.0 ]
[ 341.0, 296.0, 0.0 ]
[ 323.0, 280.0, 0.0 ]
[ 285.0, 263.0, 0.0 ]
[ 417.0, 143.0, 0.0 ]
[ 404.0, 126.0, 0.0 ]
[ 392.0, 114.0, 0.0 ]
[ 391.0, 121.0, 0.0 ]
[ 399.0, 133.0, 0.0 ]
[ 386.0, 136.0, 0.0 ]
[ 380.0, 143.0, 0.0 ]
[ 394.0, 142.0, 0.0 ]
[ 401.0, 145.0, 0.0 ]
[ 389.0, 150.0, 0.0 ]
[ 385.0, 157.0, 0.0 ]
[ 393.0, 157.0, 0.0 ]
[ 394.0, 166.0, 0.0 ]
[ 400.0, 160.0, 0.0 ]
[ 410.0, 151.0, 0.0 ]
[ 413.0, 164.0, 0.0 ]
[ 407.0, 169.0, 0.0 ]
[ 523.0, 258.0, 0.0 ]
[ 524.0, 277.0, 0.0 ]
[ 555.0, 257.0, 0.0 ]
[ 571.0, 246.0, 0.0 ]
[ 638.0, 284.0, 0.0 ]
[ 574.0, 303.0, 0.0 ]
[ 485.0, 300.0, 0.0 ]
[ 462.0, 330.0, 0.0 ]
[ 452.0, 355.0, 0.0 ]
[ 466.0, 360.0, 0.0 ]
[ 468.0, 370.0, 0.0 ]
[ 500.0, 375.0, 0.0 ]
[ 519.0, 377.0, 0.0 ]
[ 534.0, 368.0, 0.0 ]
[ 577.0, 370.0, 0.0 ]
[ 580.0, 385.0, 0.0 ]
[ 575.0, 399.0, 0.0 ]
[ 562.0, 396.0, 0.0 ]
[ 572.0, 426.0, 0.0 ]
[ 556.0, 439.0, 0.0 ]
[ 551.0, 456.0, 0.0 ]
[ 539.0, 437.0, 0.0 ]
[ 526.0, 466.0, 0.0 ]
[ 533.0, 434.0, 0.0 ]
[ 532.0, 504.0, 0.0 ]
[ 545.0, 513.0, 0.0 ]
[ 574.0, 505.0, 0.0 ]
[ 573.0, 493.0, 0.0 ]
[ 567.0, 484.0, 0.0 ]
[ 586.0, 494.0, 0.0 ]
[ 595.0, 509.0, 0.0 ]
[ 583.0, 528.0, 0.0 ]
[ 624.0, 535.0, 0.0 ]
[ 624.0, 545.0, 0.0 ]
[ 641.0, 553.0, 0.0 ]
[ 657.0, 553.0, 0.0 ]
[ 657.0, 547.0, 0.0 ]
[ 644.0, 540.0, 0.0 ]
[ 686.0, 565.0, 0.0 ]
[ 708.0, 590.0, 0.0 ]
[ 716.0, 613.0, 0.0 ]
[ 677.0, 567.0, 0.0 ]
[ 699.0, 637.0, 0.0 ]
[ 687.0, 617.0, 0.0 ]
[ 679.0, 591.0, 0.0 ]
[ 661.0, 566.0, 0.0 ]
[ 652.0, 556.0, 0.0 ]
[ 669.0, 566.0, 0.0 ]
[ 679.0, 580.0, 0.0 ]
[ 687.0, 575.0, 0.0 ]
[ 688.0, 595.0, 0.0 ]
[ 696.0, 617.0, 0.0 ]
[ 707.0, 635.0, 0.0 ]
[ 568.0, 538.0, 0.0 ]
[ 595.0, 540.0, 0.0 ]
[ 597.0, 530.0, 0.0 ]
[ 535.0, 549.0, 0.0 ]
[ 504.0, 571.0, 0.0 ]
[ 471.0, 609.0, 0.0 ]
[ 462.0, 581.0, 0.0 ]
[ 521.0, 541.0, 0.0 ]
[ 743.0, 631.0, 0.0 ]
[ 760.0, 655.0, 0.0 ]
[ 761.0, 706.0, 0.0 ]
[ 723.0, 764.0, 0.0 ]
[ 680.0, 784.0, 0.0 ]
[ 710.0, 806.0, 0.0 ]
[ 712.0, 824.0, 0.0 ]
[ 668.0, 862.0, 0.0 ]
[ 630.0, 903.0, 0.0 ]
[ 604.0, 935.0, 0.0 ]
[ 579.0, 932.0, 0.0 ]
[ 574.0, 936.0, 0.0 ]
[ 576.0, 944.0, 0.0 ]
[ 571.0, 953.0, 0.0 ]
[ 535.0, 951.0, 0.0 ]
[ 520.0, 945.0, 0.0 ]
[ 536.0, 922.0, 0.0 ]
[ 540.0, 910.0, 0.0 ]
[ 562.0, 911.0, 0.0 ]
[ 594.0, 897.0, 0.0 ]
[ 630.0, 865.0, 0.0 ]
[ 655.0, 832.0, 0.0 ]
[ 649.0, 820.0, 0.0 ]
[ 619.0, 810.0, 0.0 ]
[ 550.0, 932.0, 0.0 ]
[ 597.0, 815.0, 0.0 ]
[ 619.0, 846.0, 0.0 ]
[ 619.0, 861.0, 0.0 ]
[ 572.0, 884.0, 0.0 ]
[ 523.0, 908.0, 0.0 ]
[ 482.0, 940.0, 0.0 ]
[ 456.0, 945.0, 0.0 ]
[ 444.0, 942.0, 0.0 ]
[ 445.0, 957.0, 0.0 ]
[ 409.0, 958.0, 0.0 ]
[ 391.0, 951.0, 0.0 ]
[ 409.0, 926.0, 0.0 ]
[ 411.0, 917.0, 0.0 ]
[ 437.0, 918.0, 0.0 ]
[ 423.0, 941.0, 0.0 ]
[ 460.0, 905.0, 0.0 ]
[ 509.0, 882.0, 0.0 ]
[ 506.0, 905.0, 0.0 ]
[ 507.0, 918.0, 0.0 ]
[ 544.0, 895.0, 0.0 ]
[ 616.0, 881.0, 0.0 ]
[ 552.0, 856.0, 0.0 ]
[ 555.0, 842.0, 0.0 ]
[ 545.0, 827.0, 0.0 ]
[ 415.0, 761.0, 0.0 ]
[ 426.0, 733.0, 0.0 ]
[ 479.0, 749.0, 0.0 ]
[ 500.0, 760.0, 0.0 ]
[ 544.0, 751.0, 0.0 ]
[ 525.0, 724.0, 0.0 ]
[ 603.0, 737.0, 0.0 ]
[ 671.0, 729.0, 0.0 ]
[ 725.0, 663.0, 0.0 ]
[ 709.0, 661.0, 0.0 ]
[ 691.0, 695.0, 0.0 ]
[ 707.0, 701.0, 0.0 ]
[ 466.0, 926.0, 0.0 ]
[ 269.0, 381.0, 0.0 ]
[ 246.0, 426.0, 0.0 ]
[ 218.0, 448.0, 0.0 ]
[ 198.0, 505.0, 0.0 ]
[ 128.0, 521.0, 0.0 ]
[ 92.0, 530.0, 0.0 ]
[ 58.0, 571.0, 0.0 ]
[ 26.0, 594.0, 0.0 ]
[ 24.0, 649.0, 0.0 ]
[ 38.0, 687.0, 0.0 ]
[ 64.0, 647.0, 0.0 ]
[ 57.0, 637.0, 0.0 ]
[ 70.0, 591.0, 0.0 ]
[ 105.0, 559.0, 0.0 ]
[ 117.0, 585.0, 0.0 ]
[ 119.0, 607.0, 0.0 ]
[ 116.0, 640.0, 0.0 ]
[ 143.0, 631.0, 0.0 ]
[ 154.0, 623.0, 0.0 ]
[ 142.0, 614.0, 0.0 ]
[ 196.0, 600.0, 0.0 ]
[ 264.0, 614.0, 0.0 ]
[ 252.0, 619.0, 0.0 ]
[ 137.0, 670.0, 0.0 ]
[ 158.0, 633.0, 0.0 ]
[ 143.0, 650.0, 0.0 ]
[ 149.0, 655.0, 0.0 ]
[ 55.0, 662.0, 0.0 ]
[ 49.0, 659.0, 0.0 ]
[ 306.0, 569.0, 0.0 ]
[ 198.0, 528.0, 0.0 ]
[ 207.0, 547.0, 0.0 ]
[ 321.0, 662.0, 0.0 ]
[ 358.0, 681.0, 0.0 ]
[ 406.0, 694.0, 0.0 ]
[ 394.0, 718.0, 0.0 ]
[ 401.0, 720.0, 0.0 ]
[ 429.0, 707.0, 0.0 ]
[ 440.0, 734.0, 0.0 ]
[ 457.0, 739.0, 0.0 ]
[ 435.0, 674.0, 0.0 ]
[ 432.0, 641.0, 0.0 ]
[ 448.0, 652.0, 0.0 ]
[ 442.0, 701.0, 0.0 ]
[ 480.0, 702.0, 0.0 ]
[ 489.0, 739.0, 0.0 ]
[ 154.0, 577.0, 0.0 ]
[ 49.0, 594.0, 0.0 ]
[ 149.0, 596.0, 0.0 ]
[ 334.0, 569.0, 0.0 ]
[ 370.0, 600.0, 0.0 ]
[ 356.0, 640.0, 0.0 ]
[ 364.0, 591.0, 0.0 ]
[ 381.0, 577.0, 0.0 ]
[ 405.0, 571.0, 0.0 ]
[ 414.0, 599.0, 0.0 ]
[ 419.0, 611.0, 0.0 ]
[ 397.0, 640.0, 0.0 ]
[ 408.0, 628.0, 0.0 ]
[ 393.0, 605.0, 0.0 ]
[ 328.0, 534.0, 0.0 ]
[ 325.0, 519.0, 0.0 ]
[ 339.0, 498.0, 0.0 ]
[ 398.0, 456.0, 0.0 ]
[ 395.0, 478.0, 0.0 ]
[ 423.0, 513.0, 0.0 ]
[ 409.0, 500.0, 0.0 ]
[ 346.0, 559.0, 0.0 ]
[ 407.0, 672.0, 0.0 ]
[ 443.0, 360.0, 0.0 ]
[ 455.0, 368.0, 0.0 ]
[ 440.0, 366.0, 0.0 ]
[ 440.0, 387.0, 0.0 ]
[ 450.0, 401.0, 0.0 ]
[ 463.0, 396.0, 0.0 ]
[ 474.0, 402.0, 0.0 ]
[ 495.0, 427.0, 0.0 ]
[ 489.0, 394.0, 0.0 ]
[ 292.0, 587.0, 0.0 ]
[ 265.0, 581.0, 0.0 ]
[ 210.0, 579.0, 0.0 ]
[ 163.0, 558.0, 0.0 ]
[ 586.0, 577.0, 0.0 ]
[ 642.0, 607.0, 0.0 ]
[ 665.0, 672.0, 0.0 ]
[ 605.0, 688.0, 0.0 ]
[ 553.0, 633.0, 0.0 ]
[ 738.0, 699.0, 0.0 ]
[ 702.0, 740.0, 0.0 ]
[ 655.0, 760.0, 0.0 ]
[ 603.0, 773.0, 0.0 ]
[ 524.0, 780.0, 0.0 ]
[ 473.0, 784.0, 0.0 ]
[ 484.0, 830.0, 0.0 ]
[ 435.0, 601.0, 0.0 ]
[ 412.0, 569.0, 0.0 ]
[ 485.0, 540.0, 0.0 ]
[ 478.0, 569.0, 0.0 ]
[ 504.0, 548.0, 0.0 ]
[ 489.0, 587.0, 0.0 ]
[ 405.0, 547.0, 0.0 ]
[ 491.0, 406.0, 0.0 ]
[ 524.0, 409.0, 0.0 ]
[ 551.0, 411.0, 0.0 ]
[ 636.0, 355.0, 0.0 ]
[ 583.0, 322.0, 0.0 ]
[ 490.0, 342.0, 0.0 ]
[ 385.0, 624.0, 0.0 ]
[ 421.0, 660.0, 0.0 ]
[ 428.0, 697.0, 0.0 ]
[ 394.0, 551.0, 0.0 ]
[ 370.0, 528.0, 0.0 ]
[ 303.0, 443.0, 0.0 ]
[ 313.0, 483.0, 0.0 ]
[ 360.0, 483.0, 0.0 ]
[ 409.0, 253.0, 0.0 ]
[ 429.0, 243.0, 0.0 ]
[ 447.0, 259.0, 0.0 ]
[ 430.0, 270.0, 0.0 ]
[ 403.0, 293.0, 0.0 ]
[ 402.0, 340.0, 0.0 ]
[ 344.0, 343.0, 0.0 ]
[ 408.0, 386.0, 0.0 ]
[ 262.0, 241.0, 0.0 ]
[ 248.0, 240.0, 0.0 ]
[ 235.0, 225.0, 0.0 ]
[ 247.0, 210.0, 0.0 ]
[ 253.0, 211.0, 0.0 ]
[ 263.0, 222.0, 0.0 ]
[ 274.0, 211.0, 0.0 ]
[ 263.0, 203.0, 0.0 ]
[ 305.0, 207.0, 0.0 ]
[ 264.0, 217.0, 0.0 ]
[ 271.0, 209.0, 0.0 ]
[ 345.0, 217.0, 0.0 ]
[ 355.0, 227.0, 0.0 ]
[ 361.0, 223.0, 0.0 ]
[ 361.0, 214.0, 0.0 ]
[ 324.0, 192.0, 0.0 ]
[ 320.0, 183.0, 0.0 ]
[ 347.0, 186.0, 0.0 ]
[ 380.0, 191.0, 0.0 ]
[ 405.0, 195.0, 0.0 ]
[ 417.0, 199.0, 0.0 ]
[ 398.0, 227.0, 0.0 ]
[ 397.0, 240.0, 0.0 ]
[ 409.0, 242.0, 0.0 ]
[ 416.0, 238.0, 0.0 ]
[ 427.0, 216.0, 0.0 ]
[ 413.0, 221.0, 0.0 ]
[ 378.0, 289.0, 0.0 ]
[ 393.0, 273.0, 0.0 ]
[ 385.0, 261.0, 0.0 ]
[ 373.0, 281.0, 0.0 ]
[ 350.0, 272.0, 0.0 ]
[ 341.0, 256.0, 0.0 ]
[ 355.0, 262.0, 0.0 ]
[ 389.0, 253.0, 0.0 ]
[ 355.0, 246.0, 0.0 ]
[ 321.0, 242.0, 0.0 ]
[ 295.0, 241.0, 0.0 ]
[ 291.0, 228.0, 0.0 ]
[ 321.0, 234.0, 0.0 ]
[ 343.0, 234.0, 0.0 ]
[ 345.0, 243.0, 0.0 ]
[ 362.0, 236.0, 0.0 ]
[ 325.0, 208.0, 0.0 ]
[ 270.0, 255.0, 0.0 ]
[ 501.0, 238.0, 0.0 ]
[ 507.0, 257.0, 0.0 ]
[ 502.0, 218.0, 0.0 ]
[ 486.0, 233.0, 0.0 ]
[ 523.0, 207.0, 0.0 ]
[ 545.0, 210.0, 0.0 ]
[ 541.0, 217.0, 0.0 ]
[ 549.0, 226.0, 0.0 ]
[ 537.0, 237.0, 0.0 ]
[ 541.0, 246.0, 0.0 ]
[ 560.0, 215.0, 0.0 ]
[ 559.0, 226.0, 0.0 ]
[ 556.0, 238.0, 0.0 ]
[ 538.0, 187.0, 0.0 ]
[ 537.0, 197.0, 0.0 ]
[ 545.0, 201.0, 0.0 ]
[ 549.0, 187.0, 0.0 ]
[ 555.0, 172.0, 0.0 ]
[ 551.0, 163.0, 0.0 ]
[ 541.0, 162.0, 0.0 ]
[ 539.0, 170.0, 0.0 ]
[ 544.0, 180.0, 0.0 ]
[ 513.0, 222.0, 0.0 ]
[ 513.0, 231.0, 0.0 ]
[ 519.0, 219.0, 0.0 ]
[ 522.0, 228.0, 0.0 ]
[ 536.0, 227.0, 0.0 ]
[ 517.0, 247.0, 0.0 ]
[ 522.0, 240.0, 0.0 ]
[ 532.0, 251.0, 0.0 ]
[ 520.0, 270.0, 0.0 ]
[ 530.0, 231.0, 0.0 ]
[ 470.0, 264.0, 0.0 ]
[ 469.0, 284.0, 0.0 ]
[ 470.0, 316.0, 0.0 ]
[ 459.0, 255.0, 0.0 ]
[ 462.0, 278.0, 0.0 ]
[ 429.0, 807.0, 0.0 ]
[ 482.0, 855.0, 0.0 ]
[ 522.0, 252.0, 0.0 ]
[ 510.0, 254.0, 0.0 ]
[ 429.0, 482.0, 0.0 ]
[ 410.0, 437.0, 0.0 ]
[ 440.0, 431.0, 0.0 ]
[ 449.0, 445.0, 0.0 ]
[ 467.0, 419.0, 0.0 ]
[ 501.0, 476.0, 0.0 ]
[ 305.0, 455.0, 0.0 ]
[ 262.0, 454.0, 0.0 ]
[ 212.0, 464.0, 0.0 ]
[ 214.0, 458.0, 0.0 ]
[ 242.0, 453.0, 0.0 ]
[ 244.0, 459.0, 0.0 ]
[ 268.0, 460.0, 0.0 ]
[ 288.0, 454.0, 0.0 ]
[ 296.0, 462.0, 0.0 ]
[ 265.0, 388.0, 0.0 ]
[ 247.0, 376.0, 0.0 ]
[ 233.0, 353.0, 0.0 ]
[ 214.0, 344.0, 0.0 ]
[ 205.0, 328.0, 0.0 ]
[ 213.0, 303.0, 0.0 ]
[ 248.0, 288.0, 0.0 ]
[ 250.0, 298.0, 0.0 ]
[ 220.0, 309.0, 0.0 ]
[ 212.0, 322.0, 0.0 ]
[ 218.0, 339.0, 0.0 ]
[ 239.0, 348.0, 0.0 ]
[ 251.0, 373.0, 0.0 ]
[ 280.0, 365.0, 0.0 ]
[ 270.0, 340.0, 0.0 ]
[ 256.0, 325.0, 0.0 ]
[ 256.0, 298.0, 0.0 ]
[ 264.0, 296.0, 0.0 ]
[ 259.0, 314.0, 0.0 ]
[ 274.0, 337.0, 0.0 ]
[ 286.0, 359.0, 0.0 ]
[ 330.0, 459.0, 0.0 ]
[ 322.0, 465.0, 0.0 ]
[ 259.0, 272.0, 0.0 ]
[ 132.0, 608.0, 0.0 ]
[ 122.0, 557.0, 0.0 ]
[ 138.0, 584.0, 0.0 ]
[ 293.0, 249.0, 0.0 ]
[ 592.0, 833.0, 0.0 ]
[ 681.0, 814.0, 0.0 ]
[ 480.0, 231.0, 0.0 ]
[ 431.0, 466.0, 0.0 ]
[ 471.0, 464.0, 0.0 ]
[ 511.0, 244.0, 0.0 ]
[ 332.0, 268.0, 0.0 ]
[ 333.0, 384.0, 0.0 ]
[ 311.0, 414.0, 0.0 ]
[ 391.0, 428.0, 0.0 ]
[ 527.0, 395.0, 0.0 ]
[ 381.0, 207.0, 0.0 ]
[ 408.0, 209.0, 0.0 ]
[ 364.0, 329.0, 0.0 ]
[ 51.0, 626.0, 0.0 ]
[ 397.0, 525.0, 0.0 ]
[ 401.0, 531.0, 0.0 ]
[ 427.0, 524.0, 0.0 ]
[ 432.0, 536.0, 0.0 ]
[ 364.0, 523.0, 0.0 ]
[ 461.0, 504.0, 0.0 ]
[ 455.0, 520.0, 0.0 ]
[ 421.0, 187.0, 0.0 ]
[ 525.0, 349.0, 0.0 ]
[ 608.0, 381.0, 0.0 ]
[ 553.0, 531.0, 0.0 ]
[ 609.0, 270.0, 0.0 ]
[ 513.0, 623.0, 0.0 ]
[ 316.0, 622.0, 0.0 ]
[ 250.0, 498.0, 0.0 ]
[ 294.0, 530.0, 0.0 ]
[ 263.0, 543.0, 0.0 ]
[ 187.0, 500.0, 0.0 ]
[ 157.0, 514.0, 0.0 ]
[ 152.0, 532.0, 0.0 ]
[ 178.0, 540.0, 0.0 ]
[ 187.0, 534.0, 0.0 ]
[ 133.0, 564.0, 0.0 ]
[ 252.0, 225.0, 0.0 ]
[ 359.0, 206.0, 0.0 ]
[ 341.0, 206.0, 0.0 ]
[ 591.0, 917.0, 0.0 ]
[ 483.0, 667.0, 0.0 ]
[ 577.0, 920.0, 0.0 ]
