600 486
[ 0.0, 0.0, 0.0 ]
[ 600.0, 0.0, 0.0 ]
[ 600.0, 486.0, 0.0 ]
[ 0.0, 486.0, 0.0 ]
[ 90.0, 170.0, 0.0 ]
[ 107.0, 162.0, 0.0 ]
[ 129.0, 166.0, 0.0 ]
[ 119.0, 175.0, 0.0 ]
[ 145.0, 240.0, 0.0 ]
[ 114.0, 203.0, 0.0 ]
[ 130.0, 235.0, 0.0 ]
[ 182.0, 458.0, 0.0 ]
[ 192.0, 471.0, 0.0 ]
[ 254.0, 461.0, 0.0 ]
[ 309.0, 461.0, 0.0 ]
[ 379.0, 469.0, 0.0 ]
[ 393.0, 459.0, 0.0 ]
[ 444.0, 236.0, 0.0 ]
[ 410.0, 243.0, 0.0 ]
[ 382.0, 462.0, 0.0 ]
[ 394.0, 263.0, 0.0 ]
[ 362.0, 284.0, 0.0 ]
[ 325.0, 296.0, 0.0 ]
[ 286.0, 301.0, 0.0 ]
[ 241.0, 295.0, 0.0 ]
[ 208.0, 283.0, 0.0 ]
[ 179.0, 262.0, 0.0 ]
[ 164.0, 248.0, 0.0 ]
[ 174.0, 316.0, 0.0 ]
[ 195.0, 453.0, 0.0 ]
[ 403.0, 287.0, 0.0 ]
[ 392.0, 367.0, 0.0 ]
[ 383.0, 447.0, 0.0 ]
[ 139.0, 172.0, 0.0 ]
[ 117.0, 131.0, 0.0 ]
[ 128.0, 115.0, 0.0 ]
[ 146.0, 109.0, 0.0 ]
[ 134.0, 128.0, 0.0 ]
[ 156.0, 346.0, 0.0 ]
[ 183.0, 384.0, 0.0 ]
[ 422.0, 331.0, 0.0 ]
[ 397.0, 329.0, 0.0 ]
[ 166.0, 192.0, 0.0 ]
[ 153.0, 199.0, 0.0 ]
[ 142.0, 218.0, 0.0 ]
[ 159.0, 216.0, 0.0 ]
[ 168.0, 201.0, 0.0 ]
[ 132.0, 205.0, 0.0 ]
[ 146.0, 218.0, 0.0 ]
[ 182.0, 259.0, 0.0 ]
[ 217.0, 280.0, 0.0 ]
[ 184.0, 234.0, 0.0 ]
[ 173.0, 241.0, 0.0 ]
[ 154.0, 163.0, 0.0 ]
[ 171.0, 156.0, 0.0 ]
[ 190.0, 194.0, 0.0 ]
[ 197.0, 212.0, 0.0 ]
[ 212.0, 217.0, 0.0 ]
[ 225.0, 199.0, 0.0 ]
[ 213.0, 194.0, 0.0 ]
[ 194.0, 221.0, 0.0 ]
[ 195.0, 234.0, 0.0 ]
[ 141.0, 73.0, 0.0 ]
[ 158.0, 69.0, 0.0 ]
[ 174.0, 152.0, 0.0 ]
[ 167.0, 111.0, 0.0 ]
[ 175.0, 76.0, 0.0 ]
[ 181.0, 99.0, 0.0 ]
[ 173.0, 116.0, 0.0 ]
[ 193.0, 121.0, 0.0 ]
[ 205.0, 110.0, 0.0 ]
[ 199.0, 136.0, 0.0 ]
[ 190.0, 141.0, 0.0 ]
[ 205.0, 144.0, 0.0 ]
[ 217.0, 140.0, 0.0 ]
[ 201.0, 137.0, 0.0 ]
[ 188.0, 147.0, 0.0 ]
[ 233.0, 269.0, 0.0 ]
[ 250.0, 269.0, 0.0 ]
[ 258.0, 292.0, 0.0 ]
[ 196.0, 104.0, 0.0 ]
[ 193.0, 75.0, 0.0 ]
[ 206.0, 74.0, 0.0 ]
[ 220.0, 58.0, 0.0 ]
[ 203.0, 57.0, 0.0 ]
[ 213.0, 118.0, 0.0 ]
[ 229.0, 87.0, 0.0 ]
[ 237.0, 106.0, 0.0 ]
[ 222.0, 123.0, 0.0 ]
[ 239.0, 126.0, 0.0 ]
[ 250.0, 117.0, 0.0 ]
[ 243.0, 160.0, 0.0 ]
[ 246.0, 230.0, 0.0 ]
[ 223.0, 187.0, 0.0 ]
[ 230.0, 225.0, 0.0 ]
[ 219.0, 241.0, 0.0 ]
[ 161.0, 133.0, 0.0 ]
[ 245.0, 112.0, 0.0 ]
[ 242.0, 90.0, 0.0 ]
[ 249.0, 78.0, 0.0 ]
[ 268.0, 85.0, 0.0 ]
[ 260.0, 97.0, 0.0 ]
[ 271.0, 167.0, 0.0 ]
[ 251.0, 176.0, 0.0 ]
[ 260.0, 187.0, 0.0 ]
[ 278.0, 184.0, 0.0 ]
[ 279.0, 223.0, 0.0 ]
[ 265.0, 224.0, 0.0 ]
[ 245.0, 183.0, 0.0 ]
[ 246.0, 204.0, 0.0 ]
[ 279.0, 267.0, 0.0 ]
[ 290.0, 211.0, 0.0 ]
[ 310.0, 226.0, 0.0 ]
[ 323.0, 209.0, 0.0 ]
[ 305.0, 195.0, 0.0 ]
[ 290.0, 236.0, 0.0 ]
[ 292.0, 277.0, 0.0 ]
[ 293.0, 299.0, 0.0 ]
[ 307.0, 288.0, 0.0 ]
[ 307.0, 298.0, 0.0 ]
[ 278.0, 293.0, 0.0 ]
[ 271.0, 169.0, 0.0 ]
[ 198.0, 248.0, 0.0 ]
[ 181.0, 173.0, 0.0 ]
[ 192.0, 172.0, 0.0 ]
[ 200.0, 194.0, 0.0 ]
[ 269.0, 63.0, 0.0 ]
[ 290.0, 71.0, 0.0 ]
[ 304.0, 62.0, 0.0 ]
[ 289.0, 53.0, 0.0 ]
[ 293.0, 127.0, 0.0 ]
[ 278.0, 135.0, 0.0 ]
[ 296.0, 145.0, 0.0 ]
[ 305.0, 138.0, 0.0 ]
[ 259.0, 139.0, 0.0 ]
[ 260.0, 118.0, 0.0 ]
[ 281.0, 126.0, 0.0 ]
[ 304.0, 93.0, 0.0 ]
[ 325.0, 102.0, 0.0 ]
[ 332.0, 95.0, 0.0 ]
[ 327.0, 88.0, 0.0 ]
[ 305.0, 90.0, 0.0 ]
[ 316.0, 176.0, 0.0 ]
[ 299.0, 177.0, 0.0 ]
[ 333.0, 62.0, 0.0 ]
[ 350.0, 59.0, 0.0 ]
[ 362.0, 68.0, 0.0 ]
[ 361.0, 110.0, 0.0 ]
[ 351.0, 92.0, 0.0 ]
[ 348.0, 122.0, 0.0 ]
[ 348.0, 135.0, 0.0 ]
[ 336.0, 141.0, 0.0 ]
[ 351.0, 153.0, 0.0 ]
[ 366.0, 143.0, 0.0 ]
[ 345.0, 200.0, 0.0 ]
[ 341.0, 227.0, 0.0 ]
[ 326.0, 229.0, 0.0 ]
[ 325.0, 294.0, 0.0 ]
[ 324.0, 262.0, 0.0 ]
[ 347.0, 222.0, 0.0 ]
[ 366.0, 173.0, 0.0 ]
[ 400.0, 173.0, 0.0 ]
[ 407.0, 185.0, 0.0 ]
[ 379.0, 193.0, 0.0 ]
[ 361.0, 238.0, 0.0 ]
[ 348.0, 283.0, 0.0 ]
[ 385.0, 228.0, 0.0 ]
[ 371.0, 262.0, 0.0 ]
[ 365.0, 281.0, 0.0 ]
[ 319.0, 143.0, 0.0 ]
[ 288.0, 102.0, 0.0 ]
[ 355.0, 205.0, 0.0 ]
[ 340.0, 264.0, 0.0 ]
[ 339.0, 289.0, 0.0 ]
[ 366.0, 86.0, 0.0 ]
[ 377.0, 75.0, 0.0 ]
[ 400.0, 85.0, 0.0 ]
[ 389.0, 96.0, 0.0 ]
[ 379.0, 142.0, 0.0 ]
[ 402.0, 94.0, 0.0 ]
[ 389.0, 152.0, 0.0 ]
[ 385.0, 174.0, 0.0 ]
[ 419.0, 84.0, 0.0 ]
[ 432.0, 98.0, 0.0 ]
[ 417.0, 105.0, 0.0 ]
[ 399.0, 164.0, 0.0 ]
[ 366.0, 223.0, 0.0 ]
[ 353.0, 269.0, 0.0 ]
[ 427.0, 125.0, 0.0 ]
[ 406.0, 145.0, 0.0 ]
[ 412.0, 141.0, 0.0 ]
[ 425.0, 161.0, 0.0 ]
[ 442.0, 154.0, 0.0 ]
[ 442.0, 139.0, 0.0 ]
[ 412.0, 192.0, 0.0 ]
[ 431.0, 182.0, 0.0 ]
[ 456.0, 107.0, 0.0 ]
[ 477.0, 111.0, 0.0 ]
[ 493.0, 107.0, 0.0 ]
[ 475.0, 99.0, 0.0 ]
[ 446.0, 188.0, 0.0 ]
[ 459.0, 147.0, 0.0 ]
[ 447.0, 180.0, 0.0 ]
[ 463.0, 186.0, 0.0 ]
[ 440.0, 226.0, 0.0 ]
[ 444.0, 203.0, 0.0 ]
[ 402.0, 224.0, 0.0 ]
[ 392.0, 243.0, 0.0 ]
[ 385.0, 266.0, 0.0 ]
[ 437.0, 218.0, 0.0 ]
[ 281.0, 213.0, 0.0 ]
[ 265.0, 210.0, 0.0 ]
[ 237.0, 242.0, 0.0 ]
[ 300.0, 129.0, 0.0 ]
[ 238.0, 335.0, 0.0 ]
[ 329.0, 334.0, 0.0 ]
[ 251.0, 406.0, 0.0 ]
[ 327.0, 407.0, 0.0 ]
[ 361.0, 78.0, 0.0 ]
[ 171.0, 422.0, 0.0 ]
[ 190.0, 269.0, 0.0 ]
[ 234.0, 290.0, 0.0 ]
[ 386.0, 270.0, 0.0 ]
[ 313.0, 453.0, 0.0 ]
[ 354.0, 460.0, 0.0 ]
[ 413.0, 311.0, 0.0 ]
[ 375.0, 74.0, 0.0 ]
[ 595.0, 388.0, 0.0 ]
