575 588
[ 0.0, 0.0, 0.0 ]
[ 575.0, 0.0, 0.0 ]
[ 575.0, 588.0, 0.0 ]
[ 0.0, 588.0, 0.0 ]
[ 222.0, 244.0, 0.0 ]
[ 213.0, 229.0, 0.0 ]
[ 202.0, 202.0, 0.0 ]
[ 196.0, 160.0, 0.0 ]
[ 211.0, 112.0, 0.0 ]
[ 236.0, 86.0, 0.0 ]
[ 270.0, 74.0, 0.0 ]
[ 346.0, 96.0, 0.0 ]
[ 374.0, 125.0, 0.0 ]
[ 383.0, 163.0, 0.0 ]
[ 387.0, 195.0, 0.0 ]
[ 381.0, 225.0, 0.0 ]
[ 357.0, 269.0, 0.0 ]
[ 321.0, 309.0, 0.0 ]
[ 310.0, 76.0, 0.0 ]
[ 309.0, 87.0, 0.0 ]
[ 326.0, 83.0, 0.0 ]
[ 284.0, 92.0, 0.0 ]
[ 255.0, 90.0, 0.0 ]
[ 239.0, 114.0, 0.0 ]
[ 265.0, 113.0, 0.0 ]
[ 286.0, 112.0, 0.0 ]
[ 328.0, 105.0, 0.0 ]
[ 226.0, 160.0, 0.0 ]
[ 229.0, 200.0, 0.0 ]
[ 244.0, 221.0, 0.0 ]
[ 261.0, 235.0, 0.0 ]
[ 304.0, 228.0, 0.0 ]
[ 346.0, 225.0, 0.0 ]
[ 267.0, 153.0, 0.0 ]
[ 343.0, 136.0, 0.0 ]
[ 363.0, 131.0, 0.0 ]
[ 286.0, 185.0, 0.0 ]
[ 343.0, 171.0, 0.0 ]
[ 368.0, 167.0, 0.0 ]
[ 317.0, 97.0, 0.0 ]
[ 326.0, 144.0, 0.0 ]
[ 355.0, 167.0, 0.0 ]
[ 349.0, 182.0, 0.0 ]
[ 295.0, 211.0, 0.0 ]
[ 341.0, 201.0, 0.0 ]
[ 366.0, 198.0, 0.0 ]
[ 289.0, 255.0, 0.0 ]
[ 326.0, 247.0, 0.0 ]
[ 351.0, 247.0, 0.0 ]
[ 373.0, 252.0, 0.0 ]
[ 256.0, 253.0, 0.0 ]
[ 276.0, 265.0, 0.0 ]
[ 293.0, 287.0, 0.0 ]
[ 334.0, 271.0, 0.0 ]
[ 311.0, 280.0, 0.0 ]
[ 307.0, 309.0, 0.0 ]
[ 334.0, 297.0, 0.0 ]
[ 313.0, 296.0, 0.0 ]
[ 306.0, 131.0, 0.0 ]
[ 333.0, 120.0, 0.0 ]
[ 331.0, 153.0, 0.0 ]
[ 345.0, 145.0, 0.0 ]
[ 339.0, 162.0, 0.0 ]
[ 350.0, 159.0, 0.0 ]
[ 341.0, 149.0, 0.0 ]
[ 333.0, 140.0, 0.0 ]
[ 198.0, 246.0, 0.0 ]
[ 170.0, 262.0, 0.0 ]
[ 157.0, 286.0, 0.0 ]
[ 148.0, 313.0, 0.0 ]
[ 155.0, 346.0, 0.0 ]
[ 166.0, 370.0, 0.0 ]
[ 180.0, 385.0, 0.0 ]
[ 204.0, 404.0, 0.0 ]
[ 234.0, 413.0, 0.0 ]
[ 257.0, 415.0, 0.0 ]
[ 287.0, 411.0, 0.0 ]
[ 172.0, 287.0, 0.0 ]
[ 163.0, 317.0, 0.0 ]
[ 170.0, 339.0, 0.0 ]
[ 183.0, 360.0, 0.0 ]
[ 194.0, 371.0, 0.0 ]
[ 232.0, 387.0, 0.0 ]
[ 252.0, 387.0, 0.0 ]
[ 281.0, 383.0, 0.0 ]
[ 208.0, 376.0, 0.0 ]
[ 302.0, 365.0, 0.0 ]
[ 300.0, 399.0, 0.0 ]
[ 309.0, 336.0, 0.0 ]
[ 185.0, 275.0, 0.0 ]
[ 197.0, 257.0, 0.0 ]
[ 205.0, 297.0, 0.0 ]
[ 216.0, 320.0, 0.0 ]
[ 225.0, 333.0, 0.0 ]
[ 244.0, 343.0, 0.0 ]
[ 268.0, 342.0, 0.0 ]
[ 276.0, 332.0, 0.0 ]
[ 230.0, 271.0, 0.0 ]
[ 258.0, 278.0, 0.0 ]
[ 275.0, 294.0, 0.0 ]
[ 284.0, 313.0, 0.0 ]
[ 216.0, 279.0, 0.0 ]
[ 227.0, 283.0, 0.0 ]
[ 220.0, 291.0, 0.0 ]
[ 251.0, 304.0, 0.0 ]
[ 236.0, 296.0, 0.0 ]
[ 248.0, 284.0, 0.0 ]
[ 238.0, 275.0, 0.0 ]
[ 260.0, 298.0, 0.0 ]
[ 256.0, 302.0, 0.0 ]
[ 256.0, 309.0, 0.0 ]
[ 263.0, 303.0, 0.0 ]
[ 261.0, 306.0, 0.0 ]
[ 263.0, 314.0, 0.0 ]
[ 271.0, 309.0, 0.0 ]
[ 274.0, 325.0, 0.0 ]
[ 446.0, 184.0, 0.0 ]
[ 423.0, 180.0, 0.0 ]
[ 399.0, 185.0, 0.0 ]
[ 462.0, 198.0, 0.0 ]
[ 479.0, 220.0, 0.0 ]
[ 484.0, 267.0, 0.0 ]
[ 470.0, 293.0, 0.0 ]
[ 457.0, 313.0, 0.0 ]
[ 429.0, 331.0, 0.0 ]
[ 410.0, 336.0, 0.0 ]
[ 373.0, 339.0, 0.0 ]
[ 355.0, 315.0, 0.0 ]
[ 368.0, 279.0, 0.0 ]
[ 414.0, 191.0, 0.0 ]
[ 434.0, 188.0, 0.0 ]
[ 397.0, 204.0, 0.0 ]
[ 442.0, 198.0, 0.0 ]
[ 414.0, 209.0, 0.0 ]
[ 435.0, 210.0, 0.0 ]
[ 450.0, 210.0, 0.0 ]
[ 470.0, 217.0, 0.0 ]
[ 400.0, 232.0, 0.0 ]
[ 439.0, 233.0, 0.0 ]
[ 451.0, 236.0, 0.0 ]
[ 469.0, 234.0, 0.0 ]
[ 457.0, 222.0, 0.0 ]
[ 448.0, 222.0, 0.0 ]
[ 471.0, 224.0, 0.0 ]
[ 475.0, 236.0, 0.0 ]
[ 483.0, 238.0, 0.0 ]
[ 468.0, 275.0, 0.0 ]
[ 478.0, 279.0, 0.0 ]
[ 428.0, 279.0, 0.0 ]
[ 445.0, 288.0, 0.0 ]
[ 440.0, 310.0, 0.0 ]
[ 383.0, 308.0, 0.0 ]
[ 416.0, 311.0, 0.0 ]
[ 402.0, 192.0, 0.0 ]
[ 454.0, 254.0, 0.0 ]
[ 465.0, 255.0, 0.0 ]
[ 460.0, 255.0, 0.0 ]
[ 476.0, 260.0, 0.0 ]
[ 417.0, 237.0, 0.0 ]
[ 416.0, 261.0, 0.0 ]
[ 447.0, 281.0, 0.0 ]
[ 450.0, 272.0, 0.0 ]
[ 456.0, 273.0, 0.0 ]
[ 451.0, 262.0, 0.0 ]
[ 460.0, 262.0, 0.0 ]
[ 456.0, 261.0, 0.0 ]
[ 460.0, 283.0, 0.0 ]
[ 317.0, 320.0, 0.0 ]
[ 335.0, 322.0, 0.0 ]
[ 325.0, 329.0, 0.0 ]
[ 336.0, 337.0, 0.0 ]
[ 326.0, 345.0, 0.0 ]
[ 336.0, 352.0, 0.0 ]
[ 329.0, 362.0, 0.0 ]
[ 336.0, 369.0, 0.0 ]
[ 325.0, 377.0, 0.0 ]
[ 334.0, 385.0, 0.0 ]
[ 322.0, 396.0, 0.0 ]
[ 322.0, 410.0, 0.0 ]
[ 330.0, 399.0, 0.0 ]
[ 327.0, 419.0, 0.0 ]
[ 321.0, 426.0, 0.0 ]
[ 320.0, 439.0, 0.0 ]
[ 324.0, 446.0, 0.0 ]
[ 336.0, 454.0, 0.0 ]
[ 329.0, 457.0, 0.0 ]
[ 337.0, 464.0, 0.0 ]
[ 342.0, 462.0, 0.0 ]
[ 342.0, 471.0, 0.0 ]
[ 350.0, 283.0, 0.0 ]
[ 359.0, 272.0, 0.0 ]
[ 354.0, 340.0, 0.0 ]
[ 356.0, 351.0, 0.0 ]
[ 344.0, 351.0, 0.0 ]
[ 345.0, 372.0, 0.0 ]
[ 348.0, 384.0, 0.0 ]
[ 346.0, 393.0, 0.0 ]
[ 349.0, 435.0, 0.0 ]
[ 353.0, 451.0, 0.0 ]
[ 346.0, 459.0, 0.0 ]
[ 357.0, 465.0, 0.0 ]
[ 357.0, 469.0, 0.0 ]
[ 348.0, 469.0, 0.0 ]
[ 328.0, 411.0, 0.0 ]
[ 299.0, 416.0, 0.0 ]
[ 289.0, 422.0, 0.0 ]
[ 336.0, 396.0, 0.0 ]
[ 336.0, 412.0, 0.0 ]
[ 347.0, 408.0, 0.0 ]
[ 336.0, 420.0, 0.0 ]
[ 347.0, 418.0, 0.0 ]
[ 339.0, 428.0, 0.0 ]
[ 347.0, 428.0, 0.0 ]
[ 338.0, 437.0, 0.0 ]
[ 344.0, 447.0, 0.0 ]
[ 328.0, 436.0, 0.0 ]
[ 333.0, 447.0, 0.0 ]
[ 290.0, 429.0, 0.0 ]
[ 296.0, 437.0, 0.0 ]
[ 307.0, 435.0, 0.0 ]
[ 300.0, 425.0, 0.0 ]
[ 304.0, 449.0, 0.0 ]
[ 318.0, 450.0, 0.0 ]
[ 317.0, 460.0, 0.0 ]
[ 332.0, 468.0, 0.0 ]
[ 308.0, 354.0, 0.0 ]
[ 306.0, 370.0, 0.0 ]
[ 244.0, 269.0, 0.0 ]
[ 16.0, 38.0, 0.0 ]
