586 726
[ 0.0, 0.0, 0.0 ]
[ 586.0, 0.0, 0.0 ]
[ 586.0, 726.0, 0.0 ]
[ 0.0, 726.0, 0.0 ]
[ 243.0, 74.0, 0.0 ]
[ 224.0, 75.0, 0.0 ]
[ 215.0, 86.0, 0.0 ]
[ 190.0, 111.0, 0.0 ]
[ 232.0, 79.0, 0.0 ]
[ 206.0, 103.0, 0.0 ]
[ 189.0, 97.0, 0.0 ]
[ 177.0, 125.0, 0.0 ]
[ 185.0, 133.0, 0.0 ]
[ 202.0, 128.0, 0.0 ]
[ 168.0, 159.0, 0.0 ]
[ 151.0, 177.0, 0.0 ]
[ 199.0, 139.0, 0.0 ]
[ 173.0, 165.0, 0.0 ]
[ 173.0, 222.0, 0.0 ]
[ 218.0, 144.0, 0.0 ]
[ 206.0, 171.0, 0.0 ]
[ 188.0, 196.0, 0.0 ]
[ 216.0, 162.0, 0.0 ]
[ 202.0, 187.0, 0.0 ]
[ 192.0, 206.0, 0.0 ]
[ 187.0, 240.0, 0.0 ]
[ 146.0, 212.0, 0.0 ]
[ 171.0, 191.0, 0.0 ]
[ 155.0, 247.0, 0.0 ]
[ 177.0, 259.0, 0.0 ]
[ 267.0, 310.0, 0.0 ]
[ 194.0, 272.0, 0.0 ]
[ 157.0, 268.0, 0.0 ]
[ 175.0, 289.0, 0.0 ]
[ 209.0, 311.0, 0.0 ]
[ 201.0, 291.0, 0.0 ]
[ 226.0, 306.0, 0.0 ]
[ 266.0, 309.0, 0.0 ]
[ 175.0, 271.0, 0.0 ]
[ 162.0, 235.0, 0.0 ]
[ 222.0, 298.0, 0.0 ]
[ 240.0, 323.0, 0.0 ]
[ 245.0, 307.0, 0.0 ]
[ 254.0, 321.0, 0.0 ]
[ 262.0, 335.0, 0.0 ]
[ 280.0, 332.0, 0.0 ]
[ 289.0, 325.0, 0.0 ]
[ 284.0, 285.0, 0.0 ]
[ 298.0, 261.0, 0.0 ]
[ 278.0, 269.0, 0.0 ]
[ 281.0, 274.0, 0.0 ]
[ 270.0, 292.0, 0.0 ]
[ 275.0, 297.0, 0.0 ]
[ 283.0, 305.0, 0.0 ]
[ 301.0, 344.0, 0.0 ]
[ 346.0, 336.0, 0.0 ]
[ 351.0, 322.0, 0.0 ]
[ 356.0, 287.0, 0.0 ]
[ 339.0, 259.0, 0.0 ]
[ 354.0, 272.0, 0.0 ]
[ 354.0, 263.0, 0.0 ]
[ 363.0, 283.0, 0.0 ]
[ 369.0, 302.0, 0.0 ]
[ 367.0, 319.0, 0.0 ]
[ 386.0, 307.0, 0.0 ]
[ 406.0, 302.0, 0.0 ]
[ 427.0, 285.0, 0.0 ]
[ 445.0, 268.0, 0.0 ]
[ 448.0, 246.0, 0.0 ]
[ 215.0, 300.0, 0.0 ]
[ 240.0, 312.0, 0.0 ]
[ 263.0, 319.0, 0.0 ]
[ 184.0, 279.0, 0.0 ]
[ 170.0, 258.0, 0.0 ]
[ 157.0, 213.0, 0.0 ]
[ 191.0, 120.0, 0.0 ]
[ 443.0, 218.0, 0.0 ]
[ 431.0, 191.0, 0.0 ]
[ 420.0, 170.0, 0.0 ]
[ 417.0, 140.0, 0.0 ]
[ 413.0, 151.0, 0.0 ]
[ 428.0, 164.0, 0.0 ]
[ 442.0, 187.0, 0.0 ]
[ 451.0, 201.0, 0.0 ]
[ 448.0, 212.0, 0.0 ]
[ 442.0, 199.0, 0.0 ]
[ 456.0, 223.0, 0.0 ]
[ 451.0, 236.0, 0.0 ]
[ 461.0, 241.0, 0.0 ]
[ 466.0, 219.0, 0.0 ]
[ 467.0, 181.0, 0.0 ]
[ 462.0, 166.0, 0.0 ]
[ 458.0, 166.0, 0.0 ]
[ 460.0, 195.0, 0.0 ]
[ 460.0, 179.0, 0.0 ]
[ 430.0, 129.0, 0.0 ]
[ 453.0, 144.0, 0.0 ]
[ 447.0, 149.0, 0.0 ]
[ 445.0, 132.0, 0.0 ]
[ 397.0, 75.0, 0.0 ]
[ 420.0, 79.0, 0.0 ]
[ 428.0, 95.0, 0.0 ]
[ 440.0, 123.0, 0.0 ]
[ 456.0, 121.0, 0.0 ]
[ 410.0, 88.0, 0.0 ]
[ 409.0, 74.0, 0.0 ]
[ 420.0, 87.0, 0.0 ]
[ 431.0, 107.0, 0.0 ]
[ 443.0, 97.0, 0.0 ]
[ 468.0, 144.0, 0.0 ]
[ 479.0, 184.0, 0.0 ]
[ 483.0, 211.0, 0.0 ]
[ 477.0, 229.0, 0.0 ]
[ 473.0, 252.0, 0.0 ]
[ 467.0, 276.0, 0.0 ]
[ 447.0, 295.0, 0.0 ]
[ 419.0, 309.0, 0.0 ]
[ 391.0, 322.0, 0.0 ]
[ 419.0, 302.0, 0.0 ]
[ 442.0, 288.0, 0.0 ]
[ 462.0, 261.0, 0.0 ]
[ 474.0, 239.0, 0.0 ]
[ 392.0, 317.0, 0.0 ]
[ 385.0, 333.0, 0.0 ]
[ 332.0, 380.0, 0.0 ]
[ 298.0, 418.0, 0.0 ]
[ 316.0, 405.0, 0.0 ]
[ 333.0, 425.0, 0.0 ]
[ 297.0, 400.0, 0.0 ]
[ 328.0, 399.0, 0.0 ]
[ 343.0, 391.0, 0.0 ]
[ 341.0, 404.0, 0.0 ]
[ 361.0, 384.0, 0.0 ]
[ 370.0, 388.0, 0.0 ]
[ 354.0, 399.0, 0.0 ]
[ 276.0, 389.0, 0.0 ]
[ 283.0, 393.0, 0.0 ]
[ 289.0, 403.0, 0.0 ]
[ 276.0, 403.0, 0.0 ]
[ 267.0, 396.0, 0.0 ]
[ 274.0, 344.0, 0.0 ]
[ 272.0, 355.0, 0.0 ]
[ 266.0, 376.0, 0.0 ]
[ 260.0, 367.0, 0.0 ]
[ 240.0, 381.0, 0.0 ]
[ 207.0, 364.0, 0.0 ]
[ 198.0, 339.0, 0.0 ]
[ 214.0, 342.0, 0.0 ]
[ 228.0, 341.0, 0.0 ]
[ 238.0, 340.0, 0.0 ]
[ 254.0, 353.0, 0.0 ]
[ 214.0, 355.0, 0.0 ]
[ 231.0, 362.0, 0.0 ]
[ 244.0, 366.0, 0.0 ]
[ 282.0, 345.0, 0.0 ]
[ 363.0, 409.0, 0.0 ]
[ 354.0, 427.0, 0.0 ]
[ 342.0, 440.0, 0.0 ]
[ 283.0, 436.0, 0.0 ]
[ 273.0, 417.0, 0.0 ]
[ 262.0, 414.0, 0.0 ]
[ 253.0, 399.0, 0.0 ]
[ 366.0, 346.0, 0.0 ]
[ 356.0, 356.0, 0.0 ]
[ 366.0, 358.0, 0.0 ]
[ 383.0, 343.0, 0.0 ]
[ 417.0, 343.0, 0.0 ]
[ 430.0, 340.0, 0.0 ]
[ 425.0, 355.0, 0.0 ]
[ 412.0, 368.0, 0.0 ]
[ 398.0, 381.0, 0.0 ]
[ 379.0, 377.0, 0.0 ]
[ 403.0, 340.0, 0.0 ]
[ 416.0, 350.0, 0.0 ]
[ 398.0, 355.0, 0.0 ]
[ 382.0, 359.0, 0.0 ]
[ 374.0, 371.0, 0.0 ]
[ 268.0, 439.0, 0.0 ]
[ 354.0, 305.0, 0.0 ]
[ 350.0, 276.0, 0.0 ]
[ 371.0, 400.0, 0.0 ]
[ 311.0, 435.0, 0.0 ]
[ 296.0, 454.0, 0.0 ]
[ 341.0, 454.0, 0.0 ]
[ 316.0, 457.0, 0.0 ]
[ 308.0, 465.0, 0.0 ]
[ 331.0, 468.0, 0.0 ]
[ 333.0, 453.0, 0.0 ]
[ 293.0, 462.0, 0.0 ]
[ 300.0, 470.0, 0.0 ]
[ 308.0, 480.0, 0.0 ]
[ 318.0, 479.0, 0.0 ]
[ 335.0, 481.0, 0.0 ]
[ 268.0, 473.0, 0.0 ]
[ 288.0, 490.0, 0.0 ]
[ 319.0, 521.0, 0.0 ]
[ 346.0, 496.0, 0.0 ]
[ 362.0, 466.0, 0.0 ]
[ 366.0, 442.0, 0.0 ]
[ 401.0, 515.0, 0.0 ]
[ 240.0, 522.0, 0.0 ]
[ 274.0, 498.0, 0.0 ]
[ 258.0, 492.0, 0.0 ]
[ 246.0, 508.0, 0.0 ]
[ 267.0, 512.0, 0.0 ]
[ 268.0, 534.0, 0.0 ]
[ 268.0, 560.0, 0.0 ]
[ 285.0, 528.0, 0.0 ]
[ 285.0, 573.0, 0.0 ]
[ 298.0, 548.0, 0.0 ]
[ 284.0, 542.0, 0.0 ]
[ 337.0, 577.0, 0.0 ]
[ 342.0, 548.0, 0.0 ]
[ 350.0, 531.0, 0.0 ]
[ 358.0, 515.0, 0.0 ]
[ 358.0, 483.0, 0.0 ]
[ 321.0, 559.0, 0.0 ]
[ 282.0, 515.0, 0.0 ]
[ 293.0, 589.0, 0.0 ]
[ 318.0, 604.0, 0.0 ]
[ 350.0, 565.0, 0.0 ]
[ 360.0, 541.0, 0.0 ]
[ 373.0, 525.0, 0.0 ]
[ 373.0, 498.0, 0.0 ]
[ 376.0, 484.0, 0.0 ]
[ 388.0, 494.0, 0.0 ]
[ 385.0, 513.0, 0.0 ]
[ 253.0, 541.0, 0.0 ]
[ 236.0, 549.0, 0.0 ]
[ 249.0, 561.0, 0.0 ]
[ 261.0, 581.0, 0.0 ]
[ 274.0, 596.0, 0.0 ]
[ 291.0, 612.0, 0.0 ]
[ 317.0, 627.0, 0.0 ]
[ 340.0, 613.0, 0.0 ]
[ 357.0, 589.0, 0.0 ]
[ 376.0, 563.0, 0.0 ]
[ 395.0, 524.0, 0.0 ]
[ 402.0, 543.0, 0.0 ]
[ 400.0, 563.0, 0.0 ]
[ 385.0, 585.0, 0.0 ]
[ 369.0, 605.0, 0.0 ]
[ 343.0, 638.0, 0.0 ]
[ 315.0, 664.0, 0.0 ]
[ 289.0, 638.0, 0.0 ]
[ 268.0, 614.0, 0.0 ]
[ 251.0, 591.0, 0.0 ]
[ 244.0, 571.0, 0.0 ]
[ 387.0, 549.0, 0.0 ]
[ 326.0, 438.0, 0.0 ]
[ 297.0, 440.0, 0.0 ]
[ 341.0, 343.0, 0.0 ]
[ 330.0, 343.0, 0.0 ]
[ 314.0, 342.0, 0.0 ]
[ 314.0, 379.0, 0.0 ]
[ 298.0, 382.0, 0.0 ]
[ 313.0, 393.0, 0.0 ]
[ 302.0, 358.0, 0.0 ]
[ 329.0, 357.0, 0.0 ]
[ 314.0, 352.0, 0.0 ]
[ 301.0, 372.0, 0.0 ]
[ 315.0, 366.0, 0.0 ]
[ 330.0, 372.0, 0.0 ]
[ 260.0, 384.0, 0.0 ]
[ 265.0, 389.0, 0.0 ]
[ 260.0, 396.0, 0.0 ]
[ 317.0, 468.0, 0.0 ]
[ 305.0, 466.0, 0.0 ]
[ 299.0, 438.0, 0.0 ]
[ 325.0, 561.0, 0.0 ]
[ 321.0, 570.0, 0.0 ]
[ 320.0, 562.0, 0.0 ]
[ 253.0, 378.0, 0.0 ]
[ 373.0, 379.0, 0.0 ]
[ 209.0, 152.0, 0.0 ]
[ 202.0, 174.0, 0.0 ]
[ 455.0, 204.0, 0.0 ]
[ 424.0, 97.0, 0.0 ]
