1200 824
[ 0.0, 0.0, 0.0 ]
[ 1200.0, 0.0, 0.0 ]
[ 1200.0, 824.0, 0.0 ]
[ 0.0, 824.0, 0.0 ]
[ 474.0, 792.0, 0.0 ]
[ 474.0, 755.0, 0.0 ]
[ 461.0, 742.0, 0.0 ]
[ 481.0, 682.0, 0.0 ]
[ 496.0, 756.0, 0.0 ]
[ 517.0, 748.0, 0.0 ]
[ 538.0, 643.0, 0.0 ]
[ 520.0, 673.0, 0.0 ]
[ 508.0, 745.0, 0.0 ]
[ 474.0, 730.0, 0.0 ]
[ 484.0, 757.0, 0.0 ]
[ 491.0, 724.0, 0.0 ]
[ 499.0, 696.0, 0.0 ]
[ 501.0, 679.0, 0.0 ]
[ 491.0, 662.0, 0.0 ]
[ 489.0, 644.0, 0.0 ]
[ 509.0, 710.0, 0.0 ]
[ 621.0, 485.0, 0.0 ]
[ 651.0, 425.0, 0.0 ]
[ 686.0, 332.0, 0.0 ]
[ 682.0, 241.0, 0.0 ]
[ 687.0, 212.0, 0.0 ]
[ 683.0, 171.0, 0.0 ]
[ 694.0, 133.0, 0.0 ]
[ 700.0, 107.0, 0.0 ]
[ 739.0, 87.0, 0.0 ]
[ 768.0, 77.0, 0.0 ]
[ 738.0, 73.0, 0.0 ]
[ 691.0, 84.0, 0.0 ]
[ 672.0, 81.0, 0.0 ]
[ 650.0, 67.0, 0.0 ]
[ 603.0, 63.0, 0.0 ]
[ 565.0, 86.0, 0.0 ]
[ 543.0, 132.0, 0.0 ]
[ 540.0, 162.0, 0.0 ]
[ 513.0, 217.0, 0.0 ]
[ 496.0, 254.0, 0.0 ]
[ 475.0, 280.0, 0.0 ]
[ 468.0, 314.0, 0.0 ]
[ 474.0, 360.0, 0.0 ]
[ 489.0, 405.0, 0.0 ]
[ 491.0, 460.0, 0.0 ]
[ 490.0, 528.0, 0.0 ]
[ 590.0, 150.0, 0.0 ]
[ 574.0, 150.0, 0.0 ]
[ 570.0, 136.0, 0.0 ]
[ 581.0, 118.0, 0.0 ]
[ 602.0, 112.0, 0.0 ]
[ 617.0, 100.0, 0.0 ]
[ 635.0, 102.0, 0.0 ]
[ 669.0, 100.0, 0.0 ]
[ 645.0, 114.0, 0.0 ]
[ 671.0, 108.0, 0.0 ]
[ 675.0, 115.0, 0.0 ]
[ 642.0, 125.0, 0.0 ]
[ 617.0, 133.0, 0.0 ]
[ 686.0, 100.0, 0.0 ]
[ 704.0, 89.0, 0.0 ]
[ 738.0, 78.0, 0.0 ]
[ 646.0, 82.0, 0.0 ]
[ 613.0, 90.0, 0.0 ]
[ 573.0, 96.0, 0.0 ]
[ 591.0, 166.0, 0.0 ]
[ 640.0, 172.0, 0.0 ]
[ 679.0, 129.0, 0.0 ]
[ 614.0, 152.0, 0.0 ]
[ 659.0, 153.0, 0.0 ]
[ 608.0, 192.0, 0.0 ]
[ 601.0, 216.0, 0.0 ]
[ 600.0, 247.0, 0.0 ]
[ 632.0, 213.0, 0.0 ]
[ 646.0, 251.0, 0.0 ]
[ 642.0, 286.0, 0.0 ]
[ 621.0, 369.0, 0.0 ]
[ 632.0, 391.0, 0.0 ]
[ 620.0, 443.0, 0.0 ]
[ 569.0, 177.0, 0.0 ]
[ 609.0, 170.0, 0.0 ]
[ 550.0, 236.0, 0.0 ]
[ 518.0, 301.0, 0.0 ]
[ 505.0, 379.0, 0.0 ]
[ 491.0, 302.0, 0.0 ]
[ 554.0, 286.0, 0.0 ]
[ 592.0, 329.0, 0.0 ]
[ 588.0, 421.0, 0.0 ]
[ 568.0, 458.0, 0.0 ]
[ 543.0, 424.0, 0.0 ]
[ 544.0, 357.0, 0.0 ]
[ 590.0, 369.0, 0.0 ]
[ 539.0, 492.0, 0.0 ]
[ 532.0, 518.0, 0.0 ]
[ 521.0, 486.0, 0.0 ]
[ 520.0, 454.0, 0.0 ]
[ 508.0, 413.0, 0.0 ]
[ 506.0, 447.0, 0.0 ]
[ 512.0, 477.0, 0.0 ]
[ 507.0, 522.0, 0.0 ]
[ 506.0, 573.0, 0.0 ]
[ 505.0, 619.0, 0.0 ]
[ 510.0, 645.0, 0.0 ]
[ 534.0, 583.0, 0.0 ]
[ 543.0, 537.0, 0.0 ]
[ 551.0, 550.0, 0.0 ]
[ 579.0, 526.0, 0.0 ]
[ 602.0, 480.0, 0.0 ]
[ 612.0, 391.0, 0.0 ]
[ 608.0, 427.0, 0.0 ]
[ 599.0, 450.0, 0.0 ]
[ 627.0, 423.0, 0.0 ]
[ 526.0, 553.0, 0.0 ]
[ 633.0, 320.0, 0.0 ]
[ 661.0, 315.0, 0.0 ]
[ 653.0, 367.0, 0.0 ]
[ 662.0, 170.0, 0.0 ]
[ 657.0, 186.0, 0.0 ]
[ 635.0, 184.0, 0.0 ]
[ 660.0, 229.0, 0.0 ]
[ 666.0, 218.0, 0.0 ]
[ 441.0, 485.0, 0.0 ]
[ 388.0, 520.0, 0.0 ]
[ 379.0, 551.0, 0.0 ]
[ 390.0, 587.0, 0.0 ]
[ 446.0, 552.0, 0.0 ]
[ 672.0, 500.0, 0.0 ]
[ 722.0, 506.0, 0.0 ]
[ 695.0, 480.0, 0.0 ]
[ 697.0, 450.0, 0.0 ]
[ 722.0, 439.0, 0.0 ]
[ 685.0, 436.0, 0.0 ]
[ 792.0, 428.0, 0.0 ]
[ 817.0, 451.0, 0.0 ]
[ 808.0, 490.0, 0.0 ]
[ 760.0, 466.0, 0.0 ]
[ 635.0, 460.0, 0.0 ]
[ 660.0, 468.0, 0.0 ]
[ 591.0, 545.0, 0.0 ]
[ 455.0, 506.0, 0.0 ]
[ 490.0, 489.0, 0.0 ]
[ 508.0, 506.0, 0.0 ]
[ 416.0, 531.0, 0.0 ]
[ 623.0, 126.0, 0.0 ]
[ 610.0, 123.0, 0.0 ]
[ 609.0, 112.0, 0.0 ]
[ 634.0, 106.0, 0.0 ]
[ 638.0, 118.0, 0.0 ]
[ 618.0, 104.0, 0.0 ]
[ 616.0, 114.0, 0.0 ]
[ 620.0, 119.0, 0.0 ]
[ 627.0, 115.0, 0.0 ]
[ 627.0, 110.0, 0.0 ]
[ 620.0, 107.0, 0.0 ]
[ 649.0, 101.0, 0.0 ]
[ 369.0, 572.0, 0.0 ]
[ 842.0, 464.0, 0.0 ]
[ 332.0, 778.0, 0.0 ]
[ 706.0, 98.0, 0.0 ]
[ 0.0, 237.0, 0.0 ]
