700 467
[ 0.0, 0.0, 0.0 ]
[ 700.0, 0.0, 0.0 ]
[ 700.0, 467.0, 0.0 ]
[ 0.0, 467.0, 0.0 ]
[ 622.0, 82.0, 0.0 ]
[ 620.0, 73.0, 0.0 ]
[ 614.0, 70.0, 0.0 ]
[ 604.0, 60.0, 0.0 ]
[ 587.0, 59.0, 0.0 ]
[ 630.0, 91.0, 0.0 ]
[ 628.0, 105.0, 0.0 ]
[ 621.0, 105.0, 0.0 ]
[ 616.0, 117.0, 0.0 ]
[ 596.0, 121.0, 0.0 ]
[ 582.0, 117.0, 0.0 ]
[ 565.0, 132.0, 0.0 ]
[ 539.0, 144.0, 0.0 ]
[ 519.0, 154.0, 0.0 ]
[ 497.0, 199.0, 0.0 ]
[ 494.0, 227.0, 0.0 ]
[ 492.0, 276.0, 0.0 ]
[ 477.0, 318.0, 0.0 ]
[ 445.0, 351.0, 0.0 ]
[ 410.0, 364.0, 0.0 ]
[ 438.0, 373.0, 0.0 ]
[ 472.0, 381.0, 0.0 ]
[ 486.0, 397.0, 0.0 ]
[ 481.0, 406.0, 0.0 ]
[ 455.0, 406.0, 0.0 ]
[ 414.0, 395.0, 0.0 ]
[ 388.0, 389.0, 0.0 ]
[ 351.0, 379.0, 0.0 ]
[ 334.0, 383.0, 0.0 ]
[ 376.0, 398.0, 0.0 ]
[ 416.0, 408.0, 0.0 ]
[ 414.0, 426.0, 0.0 ]
[ 424.0, 418.0, 0.0 ]
[ 374.0, 422.0, 0.0 ]
[ 317.0, 414.0, 0.0 ]
[ 249.0, 396.0, 0.0 ]
[ 216.0, 391.0, 0.0 ]
[ 210.0, 377.0, 0.0 ]
[ 177.0, 370.0, 0.0 ]
[ 144.0, 382.0, 0.0 ]
[ 127.0, 381.0, 0.0 ]
[ 105.0, 377.0, 0.0 ]
[ 95.0, 384.0, 0.0 ]
[ 69.0, 378.0, 0.0 ]
[ 48.0, 372.0, 0.0 ]
[ 42.0, 357.0, 0.0 ]
[ 29.0, 356.0, 0.0 ]
[ 25.0, 335.0, 0.0 ]
[ 38.0, 323.0, 0.0 ]
[ 47.0, 268.0, 0.0 ]
[ 74.0, 240.0, 0.0 ]
[ 72.0, 210.0, 0.0 ]
[ 95.0, 191.0, 0.0 ]
[ 101.0, 169.0, 0.0 ]
[ 102.0, 157.0, 0.0 ]
[ 139.0, 155.0, 0.0 ]
[ 155.0, 165.0, 0.0 ]
[ 191.0, 141.0, 0.0 ]
[ 213.0, 141.0, 0.0 ]
[ 254.0, 172.0, 0.0 ]
[ 267.0, 145.0, 0.0 ]
[ 281.0, 136.0, 0.0 ]
[ 310.0, 147.0, 0.0 ]
[ 326.0, 181.0, 0.0 ]
[ 329.0, 197.0, 0.0 ]
[ 350.0, 220.0, 0.0 ]
[ 373.0, 248.0, 0.0 ]
[ 388.0, 255.0, 0.0 ]
[ 407.0, 256.0, 0.0 ]
[ 426.0, 224.0, 0.0 ]
[ 435.0, 179.0, 0.0 ]
[ 443.0, 127.0, 0.0 ]
[ 442.0, 104.0, 0.0 ]
[ 467.0, 76.0, 0.0 ]
[ 463.0, 64.0, 0.0 ]
[ 470.0, 40.0, 0.0 ]
[ 488.0, 55.0, 0.0 ]
[ 510.0, 53.0, 0.0 ]
[ 521.0, 58.0, 0.0 ]
[ 521.0, 47.0, 0.0 ]
[ 531.0, 60.0, 0.0 ]
[ 544.0, 66.0, 0.0 ]
[ 575.0, 58.0, 0.0 ]
[ 258.0, 412.0, 0.0 ]
[ 263.0, 405.0, 0.0 ]
[ 255.0, 383.0, 0.0 ]
[ 567.0, 122.0, 0.0 ]
[ 539.0, 137.0, 0.0 ]
[ 516.0, 145.0, 0.0 ]
[ 488.0, 150.0, 0.0 ]
[ 471.0, 165.0, 0.0 ]
[ 469.0, 191.0, 0.0 ]
[ 464.0, 300.0, 0.0 ]
[ 445.0, 337.0, 0.0 ]
[ 470.0, 119.0, 0.0 ]
[ 516.0, 82.0, 0.0 ]
[ 527.0, 87.0, 0.0 ]
[ 517.0, 92.0, 0.0 ]
[ 508.0, 86.0, 0.0 ]
[ 537.0, 83.0, 0.0 ]
[ 531.0, 100.0, 0.0 ]
[ 510.0, 107.0, 0.0 ]
[ 495.0, 95.0, 0.0 ]
[ 517.0, 70.0, 0.0 ]
[ 497.0, 77.0, 0.0 ]
[ 481.0, 81.0, 0.0 ]
[ 587.0, 70.0, 0.0 ]
[ 598.0, 81.0, 0.0 ]
[ 606.0, 73.0, 0.0 ]
[ 597.0, 103.0, 0.0 ]
[ 577.0, 101.0, 0.0 ]
[ 581.0, 85.0, 0.0 ]
[ 587.0, 88.0, 0.0 ]
[ 585.0, 106.0, 0.0 ]
[ 560.0, 88.0, 0.0 ]
[ 565.0, 69.0, 0.0 ]
[ 550.0, 116.0, 0.0 ]
[ 520.0, 126.0, 0.0 ]
[ 456.0, 146.0, 0.0 ]
[ 442.0, 229.0, 0.0 ]
[ 364.0, 312.0, 0.0 ]
[ 366.0, 362.0, 0.0 ]
[ 350.0, 267.0, 0.0 ]
[ 345.0, 323.0, 0.0 ]
[ 312.0, 332.0, 0.0 ]
[ 309.0, 312.0, 0.0 ]
[ 283.0, 336.0, 0.0 ]
[ 293.0, 370.0, 0.0 ]
[ 304.0, 393.0, 0.0 ]
[ 339.0, 401.0, 0.0 ]
[ 393.0, 280.0, 0.0 ]
[ 432.0, 289.0, 0.0 ]
[ 400.0, 335.0, 0.0 ]
[ 194.0, 358.0, 0.0 ]
[ 149.0, 360.0, 0.0 ]
[ 109.0, 354.0, 0.0 ]
[ 111.0, 343.0, 0.0 ]
[ 156.0, 351.0, 0.0 ]
[ 192.0, 349.0, 0.0 ]
[ 177.0, 362.0, 0.0 ]
[ 107.0, 314.0, 0.0 ]
[ 114.0, 278.0, 0.0 ]
[ 137.0, 248.0, 0.0 ]
[ 146.0, 240.0, 0.0 ]
[ 96.0, 238.0, 0.0 ]
[ 108.0, 227.0, 0.0 ]
[ 138.0, 221.0, 0.0 ]
[ 168.0, 229.0, 0.0 ]
[ 200.0, 236.0, 0.0 ]
[ 127.0, 237.0, 0.0 ]
[ 139.0, 296.0, 0.0 ]
[ 111.0, 237.0, 0.0 ]
[ 107.0, 264.0, 0.0 ]
[ 98.0, 288.0, 0.0 ]
[ 87.0, 312.0, 0.0 ]
[ 91.0, 345.0, 0.0 ]
[ 83.0, 338.0, 0.0 ]
[ 60.0, 350.0, 0.0 ]
[ 109.0, 337.0, 0.0 ]
[ 64.0, 358.0, 0.0 ]
[ 57.0, 312.0, 0.0 ]
[ 39.0, 311.0, 0.0 ]
[ 41.0, 301.0, 0.0 ]
[ 57.0, 300.0, 0.0 ]
[ 75.0, 272.0, 0.0 ]
[ 124.0, 188.0, 0.0 ]
[ 116.0, 172.0, 0.0 ]
[ 168.0, 213.0, 0.0 ]
[ 130.0, 213.0, 0.0 ]
[ 108.0, 212.0, 0.0 ]
[ 86.0, 222.0, 0.0 ]
[ 80.0, 250.0, 0.0 ]
[ 196.0, 167.0, 0.0 ]
[ 231.0, 192.0, 0.0 ]
[ 233.0, 224.0, 0.0 ]
[ 217.0, 245.0, 0.0 ]
[ 216.0, 283.0, 0.0 ]
[ 214.0, 322.0, 0.0 ]
[ 218.0, 375.0, 0.0 ]
[ 191.0, 388.0, 0.0 ]
[ 192.0, 307.0, 0.0 ]
[ 176.0, 239.0, 0.0 ]
[ 170.0, 295.0, 0.0 ]
[ 193.0, 275.0, 0.0 ]
[ 197.0, 256.0, 0.0 ]
[ 333.0, 226.0, 0.0 ]
[ 311.0, 223.0, 0.0 ]
[ 307.0, 210.0, 0.0 ]
[ 277.0, 221.0, 0.0 ]
[ 274.0, 230.0, 0.0 ]
[ 271.0, 242.0, 0.0 ]
[ 294.0, 235.0, 0.0 ]
[ 299.0, 269.0, 0.0 ]
[ 266.0, 375.0, 0.0 ]
[ 253.0, 369.0, 0.0 ]
[ 255.0, 353.0, 0.0 ]
[ 269.0, 362.0, 0.0 ]
[ 271.0, 315.0, 0.0 ]
[ 264.0, 235.0, 0.0 ]
[ 263.0, 275.0, 0.0 ]
[ 262.0, 314.0, 0.0 ]
[ 255.0, 311.0, 0.0 ]
[ 255.0, 257.0, 0.0 ]
[ 251.0, 236.0, 0.0 ]
[ 279.0, 167.0, 0.0 ]
[ 242.0, 253.0, 0.0 ]
[ 234.0, 289.0, 0.0 ]
[ 245.0, 285.0, 0.0 ]
[ 242.0, 319.0, 0.0 ]
[ 229.0, 322.0, 0.0 ]
[ 228.0, 353.0, 0.0 ]
[ 241.0, 353.0, 0.0 ]
[ 244.0, 302.0, 0.0 ]
[ 205.0, 196.0, 0.0 ]
[ 468.0, 216.0, 0.0 ]
[ 473.0, 250.0, 0.0 ]
[ 2.0, 253.0, 0.0 ]
