682 1020
[ 0.0, 0.0, 0.0 ]
[ 682.0, 0.0, 0.0 ]
[ 682.0, 1020.0, 0.0 ]
[ 0.0, 1020.0, 0.0 ]
[ 313.0, 100.0, 0.0 ]
[ 354.0, 96.0, 0.0 ]
[ 407.0, 109.0, 0.0 ]
[ 449.0, 154.0, 0.0 ]
[ 464.0, 213.0, 0.0 ]
[ 471.0, 292.0, 0.0 ]
[ 485.0, 387.0, 0.0 ]
[ 528.0, 467.0, 0.0 ]
[ 572.0, 494.0, 0.0 ]
[ 606.0, 545.0, 0.0 ]
[ 631.0, 633.0, 0.0 ]
[ 654.0, 736.0, 0.0 ]
[ 645.0, 847.0, 0.0 ]
[ 613.0, 909.0, 0.0 ]
[ 526.0, 908.0, 0.0 ]
[ 539.0, 863.0, 0.0 ]
[ 525.0, 821.0, 0.0 ]
[ 490.0, 798.0, 0.0 ]
[ 456.0, 802.0, 0.0 ]
[ 268.0, 124.0, 0.0 ]
[ 244.0, 169.0, 0.0 ]
[ 223.0, 195.0, 0.0 ]
[ 219.0, 239.0, 0.0 ]
[ 210.0, 274.0, 0.0 ]
[ 210.0, 343.0, 0.0 ]
[ 231.0, 395.0, 0.0 ]
[ 216.0, 458.0, 0.0 ]
[ 173.0, 501.0, 0.0 ]
[ 134.0, 549.0, 0.0 ]
[ 120.0, 605.0, 0.0 ]
[ 93.0, 656.0, 0.0 ]
[ 46.0, 689.0, 0.0 ]
[ 18.0, 757.0, 0.0 ]
[ 23.0, 818.0, 0.0 ]
[ 82.0, 830.0, 0.0 ]
[ 70.0, 775.0, 0.0 ]
[ 80.0, 725.0, 0.0 ]
[ 127.0, 706.0, 0.0 ]
[ 172.0, 725.0, 0.0 ]
[ 196.0, 745.0, 0.0 ]
[ 229.0, 484.0, 0.0 ]
[ 224.0, 511.0, 0.0 ]
[ 253.0, 536.0, 0.0 ]
[ 277.0, 541.0, 0.0 ]
[ 307.0, 550.0, 0.0 ]
[ 366.0, 552.0, 0.0 ]
[ 410.0, 512.0, 0.0 ]
[ 470.0, 479.0, 0.0 ]
[ 269.0, 147.0, 0.0 ]
[ 303.0, 134.0, 0.0 ]
[ 316.0, 134.0, 0.0 ]
[ 356.0, 144.0, 0.0 ]
[ 391.0, 170.0, 0.0 ]
[ 401.0, 363.0, 0.0 ]
[ 417.0, 429.0, 0.0 ]
[ 249.0, 223.0, 0.0 ]
[ 249.0, 240.0, 0.0 ]
[ 250.0, 277.0, 0.0 ]
[ 392.0, 334.0, 0.0 ]
[ 359.0, 170.0, 0.0 ]
[ 386.0, 188.0, 0.0 ]
[ 315.0, 411.0, 0.0 ]
[ 267.0, 437.0, 0.0 ]
[ 248.0, 487.0, 0.0 ]
[ 364.0, 431.0, 0.0 ]
[ 186.0, 668.0, 0.0 ]
[ 531.0, 513.0, 0.0 ]
[ 440.0, 546.0, 0.0 ]
[ 389.0, 610.0, 0.0 ]
[ 244.0, 751.0, 0.0 ]
[ 310.0, 776.0, 0.0 ]
[ 335.0, 792.0, 0.0 ]
[ 364.0, 802.0, 0.0 ]
[ 354.0, 812.0, 0.0 ]
[ 399.0, 859.0, 0.0 ]
[ 392.0, 866.0, 0.0 ]
[ 350.0, 836.0, 0.0 ]
[ 318.0, 820.0, 0.0 ]
[ 314.0, 823.0, 0.0 ]
[ 345.0, 852.0, 0.0 ]
[ 384.0, 889.0, 0.0 ]
[ 379.0, 902.0, 0.0 ]
[ 355.0, 892.0, 0.0 ]
[ 301.0, 839.0, 0.0 ]
[ 297.0, 847.0, 0.0 ]
[ 335.0, 880.0, 0.0 ]
[ 325.0, 862.0, 0.0 ]
[ 342.0, 876.0, 0.0 ]
[ 360.0, 905.0, 0.0 ]
[ 339.0, 904.0, 0.0 ]
[ 310.0, 888.0, 0.0 ]
[ 280.0, 862.0, 0.0 ]
[ 277.0, 868.0, 0.0 ]
[ 301.0, 879.0, 0.0 ]
[ 297.0, 882.0, 0.0 ]
[ 323.0, 896.0, 0.0 ]
[ 320.0, 902.0, 0.0 ]
[ 296.0, 899.0, 0.0 ]
[ 267.0, 880.0, 0.0 ]
[ 238.0, 852.0, 0.0 ]
[ 190.0, 821.0, 0.0 ]
[ 178.0, 792.0, 0.0 ]
[ 188.0, 759.0, 0.0 ]
[ 165.0, 846.0, 0.0 ]
[ 124.0, 841.0, 0.0 ]
[ 157.0, 892.0, 0.0 ]
[ 174.0, 926.0, 0.0 ]
[ 174.0, 906.0, 0.0 ]
[ 169.0, 886.0, 0.0 ]
[ 188.0, 861.0, 0.0 ]
[ 201.0, 849.0, 0.0 ]
[ 202.0, 840.0, 0.0 ]
[ 187.0, 846.0, 0.0 ]
[ 172.0, 856.0, 0.0 ]
[ 212.0, 863.0, 0.0 ]
[ 193.0, 877.0, 0.0 ]
[ 189.0, 899.0, 0.0 ]
[ 214.0, 887.0, 0.0 ]
[ 201.0, 881.0, 0.0 ]
[ 193.0, 916.0, 0.0 ]
[ 190.0, 938.0, 0.0 ]
[ 204.0, 963.0, 0.0 ]
[ 213.0, 950.0, 0.0 ]
[ 210.0, 928.0, 0.0 ]
[ 228.0, 903.0, 0.0 ]
[ 262.0, 898.0, 0.0 ]
[ 216.0, 824.0, 0.0 ]
[ 185.0, 812.0, 0.0 ]
[ 215.0, 812.0, 0.0 ]
[ 265.0, 828.0, 0.0 ]
[ 372.0, 832.0, 0.0 ]
[ 380.0, 816.0, 0.0 ]
[ 420.0, 848.0, 0.0 ]
[ 407.0, 915.0, 0.0 ]
[ 505.0, 873.0, 0.0 ]
[ 484.0, 915.0, 0.0 ]
[ 172.0, 741.0, 0.0 ]
[ 138.0, 802.0, 0.0 ]
[ 145.0, 832.0, 0.0 ]
[ 103.0, 798.0, 0.0 ]
[ 265.0, 576.0, 0.0 ]
[ 284.0, 603.0, 0.0 ]
[ 138.0, 652.0, 0.0 ]
[ 574.0, 571.0, 0.0 ]
[ 443.0, 715.0, 0.0 ]
[ 586.0, 640.0, 0.0 ]
[ 587.0, 764.0, 0.0 ]
[ 503.0, 730.0, 0.0 ]
[ 309.0, 378.0, 0.0 ]
[ 327.0, 379.0, 0.0 ]
[ 333.0, 358.0, 0.0 ]
[ 372.0, 339.0, 0.0 ]
[ 405.0, 267.0, 0.0 ]
[ 298.0, 239.0, 0.0 ]
[ 313.0, 239.0, 0.0 ]
[ 291.0, 239.0, 0.0 ]
[ 285.0, 231.0, 0.0 ]
[ 273.0, 231.0, 0.0 ]
[ 279.0, 252.0, 0.0 ]
[ 277.0, 241.0, 0.0 ]
[ 324.0, 238.0, 0.0 ]
[ 329.0, 226.0, 0.0 ]
[ 358.0, 225.0, 0.0 ]
[ 354.0, 230.0, 0.0 ]
[ 343.0, 230.0, 0.0 ]
[ 334.0, 232.0, 0.0 ]
[ 342.0, 240.0, 0.0 ]
[ 332.0, 250.0, 0.0 ]
[ 335.0, 239.0, 0.0 ]
[ 358.0, 251.0, 0.0 ]
[ 373.0, 236.0, 0.0 ]
[ 287.0, 216.0, 0.0 ]
[ 268.0, 216.0, 0.0 ]
[ 339.0, 210.0, 0.0 ]
[ 369.0, 215.0, 0.0 ]
[ 409.0, 214.0, 0.0 ]
[ 259.0, 167.0, 0.0 ]
[ 272.0, 153.0, 0.0 ]
[ 309.0, 149.0, 0.0 ]
[ 355.0, 156.0, 0.0 ]
[ 317.0, 219.0, 0.0 ]
[ 392.0, 225.0, 0.0 ]
[ 295.0, 263.0, 0.0 ]
[ 310.0, 261.0, 0.0 ]
[ 304.0, 284.0, 0.0 ]
[ 306.0, 296.0, 0.0 ]
[ 297.0, 300.0, 0.0 ]
[ 294.0, 294.0, 0.0 ]
[ 294.0, 281.0, 0.0 ]
[ 286.0, 291.0, 0.0 ]
[ 324.0, 278.0, 0.0 ]
[ 329.0, 289.0, 0.0 ]
[ 325.0, 298.0, 0.0 ]
[ 312.0, 308.0, 0.0 ]
[ 324.0, 259.0, 0.0 ]
[ 406.0, 251.0, 0.0 ]
[ 338.0, 314.0, 0.0 ]
[ 317.0, 313.0, 0.0 ]
[ 303.0, 313.0, 0.0 ]
[ 283.0, 312.0, 0.0 ]
[ 305.0, 322.0, 0.0 ]
[ 307.0, 331.0, 0.0 ]
[ 280.0, 343.0, 0.0 ]
[ 319.0, 340.0, 0.0 ]
[ 302.0, 360.0, 0.0 ]
[ 353.0, 351.0, 0.0 ]
[ 231.0, 282.0, 0.0 ]
[ 236.0, 340.0, 0.0 ]
[ 347.0, 114.0, 0.0 ]
[ 401.0, 137.0, 0.0 ]
[ 434.0, 187.0, 0.0 ]
[ 439.0, 237.0, 0.0 ]
[ 438.0, 306.0, 0.0 ]
[ 439.0, 362.0, 0.0 ]
[ 470.0, 424.0, 0.0 ]
[ 526.0, 492.0, 0.0 ]
[ 468.0, 509.0, 0.0 ]
[ 421.0, 534.0, 0.0 ]
[ 343.0, 614.0, 0.0 ]
[ 316.0, 608.0, 0.0 ]
[ 401.0, 304.0, 0.0 ]
[ 283.0, 138.0, 0.0 ]
[ 193.0, 831.0, 0.0 ]
[ 301.0, 804.0, 0.0 ]
[ 320.0, 867.0, 0.0 ]
[ 357.0, 863.0, 0.0 ]
[ 372.0, 850.0, 0.0 ]
[ 293.0, 892.0, 0.0 ]
[ 333.0, 801.0, 0.0 ]
[ 110.0, 767.0, 0.0 ]
[ 206.0, 544.0, 0.0 ]
[ 504.0, 561.0, 0.0 ]
[ 430.0, 615.0, 0.0 ]
[ 354.0, 240.0, 0.0 ]
[ 265.0, 328.0, 0.0 ]
[ 256.0, 303.0, 0.0 ]
[ 319.0, 320.0, 0.0 ]
[ 326.0, 326.0, 0.0 ]
[ 292.0, 318.0, 0.0 ]
[ 293.0, 312.0, 0.0 ]
[ 290.0, 329.0, 0.0 ]
[ 266.0, 387.0, 0.0 ]
[ 498.0, 859.0, 0.0 ]
[ 508.0, 834.0, 0.0 ]
[ 435.0, 826.0, 0.0 ]
[ 446.0, 912.0, 0.0 ]
[ 597.0, 823.0, 0.0 ]
[ 444.0, 491.0, 0.0 ]
[ 300.0, 347.0, 0.0 ]
[ 347.0, 337.0, 0.0 ]
[ 265.0, 305.0, 0.0 ]
[ 391.0, 318.0, 0.0 ]
[ 385.0, 274.0, 0.0 ]
[ 214.0, 524.0, 0.0 ]
[ 245.0, 547.0, 0.0 ]
[ 279.0, 559.0, 0.0 ]
[ 315.0, 564.0, 0.0 ]
[ 351.0, 566.0, 0.0 ]
[ 373.0, 566.0, 0.0 ]
[ 493.0, 368.0, 0.0 ]
[ 70.0, 324.0, 0.0 ]
[ 670.0, 928.0, 0.0 ]
[ 603.0, 982.0, 0.0 ]
[ 480.0, 988.0, 0.0 ]
[ 308.0, 989.0, 0.0 ]
[ 181.0, 991.0, 0.0 ]
[ 90.0, 973.0, 0.0 ]
[ 36.0, 931.0, 0.0 ]
[ 312.0, 512.0, 0.0 ]
[ 279.0, 441.0, 0.0 ]
[ 362.0, 365.0, 0.0 ]
[ 372.0, 400.0, 0.0 ]
[ 521.0, 483.0, 0.0 ]
[ 514.0, 631.0, 0.0 ]
[ 427.0, 683.0, 0.0 ]
[ 213.0, 798.0, 0.0 ]
[ 242.0, 812.0, 0.0 ]
[ 229.0, 760.0, 0.0 ]
[ 270.0, 780.0, 0.0 ]
[ 318.0, 948.0, 0.0 ]
[ 435.0, 941.0, 0.0 ]
[ 501.0, 934.0, 0.0 ]
[ 570.0, 928.0, 0.0 ]
[ 223.0, 894.0, 0.0 ]
[ 205.0, 900.0, 0.0 ]
[ 186.0, 915.0, 0.0 ]
[ 209.0, 913.0, 0.0 ]
[ 205.0, 929.0, 0.0 ]
[ 252.0, 887.0, 0.0 ]
[ 463.0, 872.0, 0.0 ]
[ 401.0, 187.0, 0.0 ]
[ 394.0, 207.0, 0.0 ]
[ 265.0, 249.0, 0.0 ]
[ 350.0, 281.0, 0.0 ]
[ 371.0, 306.0, 0.0 ]
[ 342.0, 225.0, 0.0 ]
[ 254.0, 224.0, 0.0 ]
[ 361.0, 236.0, 0.0 ]
[ 259.0, 238.0, 0.0 ]
[ 273.0, 325.0, 0.0 ]
[ 274.0, 188.0, 0.0 ]
[ 337.0, 186.0, 0.0 ]
[ 357.0, 188.0, 0.0 ]
[ 250.0, 269.0, 0.0 ]
[ 252.0, 205.0, 0.0 ]
[ 276.0, 286.0, 0.0 ]
[ 4.0, 695.0, 0.0 ]
