838 1020
[ 0.0, 0.0, 0.0 ]
[ 838.0, 0.0, 0.0 ]
[ 838.0, 1020.0, 0.0 ]
[ 0.0, 1020.0, 0.0 ]
[ 512.0, 262.0, 0.0 ]
[ 494.0, 235.0, 0.0 ]
[ 483.0, 213.0, 0.0 ]
[ 460.0, 204.0, 0.0 ]
[ 434.0, 209.0, 0.0 ]
[ 359.0, 269.0, 0.0 ]
[ 392.0, 237.0, 0.0 ]
[ 496.0, 201.0, 0.0 ]
[ 456.0, 172.0, 0.0 ]
[ 367.0, 159.0, 0.0 ]
[ 307.0, 177.0, 0.0 ]
[ 274.0, 227.0, 0.0 ]
[ 262.0, 309.0, 0.0 ]
[ 218.0, 374.0, 0.0 ]
[ 224.0, 431.0, 0.0 ]
[ 259.0, 466.0, 0.0 ]
[ 322.0, 412.0, 0.0 ]
[ 256.0, 399.0, 0.0 ]
[ 309.0, 316.0, 0.0 ]
[ 311.0, 242.0, 0.0 ]
[ 383.0, 190.0, 0.0 ]
[ 361.0, 327.0, 0.0 ]
[ 405.0, 370.0, 0.0 ]
[ 438.0, 375.0, 0.0 ]
[ 381.0, 391.0, 0.0 ]
[ 338.0, 375.0, 0.0 ]
[ 373.0, 416.0, 0.0 ]
[ 435.0, 453.0, 0.0 ]
[ 490.0, 449.0, 0.0 ]
[ 537.0, 440.0, 0.0 ]
[ 547.0, 404.0, 0.0 ]
[ 532.0, 361.0, 0.0 ]
[ 511.0, 309.0, 0.0 ]
[ 214.0, 513.0, 0.0 ]
[ 159.0, 617.0, 0.0 ]
[ 118.0, 735.0, 0.0 ]
[ 84.0, 847.0, 0.0 ]
[ 50.0, 944.0, 0.0 ]
[ 194.0, 947.0, 0.0 ]
[ 163.0, 762.0, 0.0 ]
[ 232.0, 560.0, 0.0 ]
[ 229.0, 549.0, 0.0 ]
[ 241.0, 508.0, 0.0 ]
[ 248.0, 553.0, 0.0 ]
[ 270.0, 518.0, 0.0 ]
[ 341.0, 500.0, 0.0 ]
[ 415.0, 514.0, 0.0 ]
[ 483.0, 551.0, 0.0 ]
[ 501.0, 547.0, 0.0 ]
[ 457.0, 494.0, 0.0 ]
[ 419.0, 495.0, 0.0 ]
[ 386.0, 487.0, 0.0 ]
[ 333.0, 471.0, 0.0 ]
[ 266.0, 488.0, 0.0 ]
[ 213.0, 644.0, 0.0 ]
[ 215.0, 762.0, 0.0 ]
[ 225.0, 852.0, 0.0 ]
[ 321.0, 947.0, 0.0 ]
[ 541.0, 625.0, 0.0 ]
[ 578.0, 643.0, 0.0 ]
[ 584.0, 665.0, 0.0 ]
[ 621.0, 654.0, 0.0 ]
[ 651.0, 659.0, 0.0 ]
[ 665.0, 691.0, 0.0 ]
[ 696.0, 672.0, 0.0 ]
[ 740.0, 682.0, 0.0 ]
[ 777.0, 695.0, 0.0 ]
[ 833.0, 773.0, 0.0 ]
[ 799.0, 768.0, 0.0 ]
[ 774.0, 717.0, 0.0 ]
[ 767.0, 848.0, 0.0 ]
[ 707.0, 905.0, 0.0 ]
[ 651.0, 944.0, 0.0 ]
[ 551.0, 981.0, 0.0 ]
[ 387.0, 507.0, 0.0 ]
[ 310.0, 546.0, 0.0 ]
[ 275.0, 573.0, 0.0 ]
[ 275.0, 618.0, 0.0 ]
[ 468.0, 793.0, 0.0 ]
[ 584.0, 841.0, 0.0 ]
[ 296.0, 838.0, 0.0 ]
[ 385.0, 887.0, 0.0 ]
[ 543.0, 929.0, 0.0 ]
[ 461.0, 449.0, 0.0 ]
[ 457.0, 467.0, 0.0 ]
[ 502.0, 486.0, 0.0 ]
[ 563.0, 550.0, 0.0 ]
[ 601.0, 583.0, 0.0 ]
[ 336.0, 444.0, 0.0 ]
[ 276.0, 479.0, 0.0 ]
[ 469.0, 264.0, 0.0 ]
[ 443.0, 256.0, 0.0 ]
[ 409.0, 262.0, 0.0 ]
[ 461.0, 295.0, 0.0 ]
[ 455.0, 280.0, 0.0 ]
[ 440.0, 274.0, 0.0 ]
[ 414.0, 283.0, 0.0 ]
[ 419.0, 289.0, 0.0 ]
[ 439.0, 281.0, 0.0 ]
[ 441.0, 294.0, 0.0 ]
[ 431.0, 295.0, 0.0 ]
[ 450.0, 291.0, 0.0 ]
[ 448.0, 306.0, 0.0 ]
[ 430.0, 307.0, 0.0 ]
[ 493.0, 266.0, 0.0 ]
[ 482.0, 281.0, 0.0 ]
[ 493.0, 307.0, 0.0 ]
[ 505.0, 333.0, 0.0 ]
[ 494.0, 345.0, 0.0 ]
[ 486.0, 343.0, 0.0 ]
[ 456.0, 330.0, 0.0 ]
[ 466.0, 320.0, 0.0 ]
[ 458.0, 341.0, 0.0 ]
[ 457.0, 364.0, 0.0 ]
[ 472.0, 360.0, 0.0 ]
[ 488.0, 365.0, 0.0 ]
[ 497.0, 363.0, 0.0 ]
[ 505.0, 373.0, 0.0 ]
[ 490.0, 382.0, 0.0 ]
[ 462.0, 377.0, 0.0 ]
[ 488.0, 374.0, 0.0 ]
[ 452.0, 377.0, 0.0 ]
[ 462.0, 409.0, 0.0 ]
[ 499.0, 401.0, 0.0 ]
[ 503.0, 282.0, 0.0 ]
[ 486.0, 288.0, 0.0 ]
[ 488.0, 297.0, 0.0 ]
[ 500.0, 297.0, 0.0 ]
[ 495.0, 290.0, 0.0 ]
[ 503.0, 291.0, 0.0 ]
[ 512.0, 346.0, 0.0 ]
[ 509.0, 359.0, 0.0 ]
[ 470.0, 349.0, 0.0 ]
[ 453.0, 359.0, 0.0 ]
[ 478.0, 334.0, 0.0 ]
[ 491.0, 336.0, 0.0 ]
[ 471.0, 342.0, 0.0 ]
[ 450.0, 642.0, 0.0 ]
[ 581.0, 736.0, 0.0 ]
[ 346.0, 736.0, 0.0 ]
[ 472.0, 376.0, 0.0 ]
[ 473.0, 386.0, 0.0 ]
[ 434.0, 407.0, 0.0 ]
[ 1.0, 603.0, 0.0 ]
