658 409
[ 0.0, 0.0, 0.0 ]
[ 658.0, 0.0, 0.0 ]
[ 658.0, 409.0, 0.0 ]
[ 0.0, 409.0, 0.0 ]
[ 272.0, 71.0, 0.0 ]
[ 279.0, 71.0, 0.0 ]
[ 269.0, 86.0, 0.0 ]
[ 282.0, 83.0, 0.0 ]
[ 274.0, 98.0, 0.0 ]
[ 291.0, 88.0, 0.0 ]
[ 379.0, 89.0, 0.0 ]
[ 387.0, 106.0, 0.0 ]
[ 399.0, 95.0, 0.0 ]
[ 403.0, 83.0, 0.0 ]
[ 400.0, 66.0, 0.0 ]
[ 391.0, 80.0, 0.0 ]
[ 303.0, 86.0, 0.0 ]
[ 321.0, 83.0, 0.0 ]
[ 341.0, 79.0, 0.0 ]
[ 277.0, 64.0, 0.0 ]
[ 288.0, 69.0, 0.0 ]
[ 296.0, 78.0, 0.0 ]
[ 291.0, 117.0, 0.0 ]
[ 290.0, 133.0, 0.0 ]
[ 300.0, 132.0, 0.0 ]
[ 312.0, 141.0, 0.0 ]
[ 318.0, 154.0, 0.0 ]
[ 316.0, 172.0, 0.0 ]
[ 299.0, 183.0, 0.0 ]
[ 289.0, 169.0, 0.0 ]
[ 288.0, 155.0, 0.0 ]
[ 301.0, 109.0, 0.0 ]
[ 307.0, 99.0, 0.0 ]
[ 321.0, 92.0, 0.0 ]
[ 340.0, 95.0, 0.0 ]
[ 358.0, 94.0, 0.0 ]
[ 367.0, 99.0, 0.0 ]
[ 376.0, 115.0, 0.0 ]
[ 367.0, 89.0, 0.0 ]
[ 354.0, 83.0, 0.0 ]
[ 385.0, 122.0, 0.0 ]
[ 396.0, 117.0, 0.0 ]
[ 461.0, 111.0, 0.0 ]
[ 450.0, 126.0, 0.0 ]
[ 435.0, 139.0, 0.0 ]
[ 420.0, 147.0, 0.0 ]
[ 397.0, 148.0, 0.0 ]
[ 387.0, 133.0, 0.0 ]
[ 377.0, 136.0, 0.0 ]
[ 368.0, 150.0, 0.0 ]
[ 368.0, 167.0, 0.0 ]
[ 370.0, 181.0, 0.0 ]
[ 381.0, 193.0, 0.0 ]
[ 383.0, 180.0, 0.0 ]
[ 388.0, 167.0, 0.0 ]
[ 387.0, 156.0, 0.0 ]
[ 390.0, 148.0, 0.0 ]
[ 382.0, 148.0, 0.0 ]
[ 295.0, 153.0, 0.0 ]
[ 297.0, 144.0, 0.0 ]
[ 288.0, 143.0, 0.0 ]
[ 330.0, 116.0, 0.0 ]
[ 355.0, 118.0, 0.0 ]
[ 345.0, 163.0, 0.0 ]
[ 329.0, 196.0, 0.0 ]
[ 363.0, 194.0, 0.0 ]
[ 373.0, 221.0, 0.0 ]
[ 333.0, 220.0, 0.0 ]
[ 288.0, 200.0, 0.0 ]
[ 286.0, 225.0, 0.0 ]
[ 298.0, 254.0, 0.0 ]
[ 307.0, 261.0, 0.0 ]
[ 358.0, 274.0, 0.0 ]
[ 359.0, 267.0, 0.0 ]
[ 374.0, 272.0, 0.0 ]
[ 384.0, 246.0, 0.0 ]
[ 383.0, 228.0, 0.0 ]
[ 415.0, 141.0, 0.0 ]
[ 436.0, 130.0, 0.0 ]
[ 447.0, 116.0, 0.0 ]
[ 453.0, 103.0, 0.0 ]
[ 439.0, 98.0, 0.0 ]
[ 425.0, 101.0, 0.0 ]
[ 409.0, 108.0, 0.0 ]
[ 393.0, 114.0, 0.0 ]
[ 457.0, 96.0, 0.0 ]
[ 445.0, 91.0, 0.0 ]
[ 429.0, 93.0, 0.0 ]
[ 415.0, 97.0, 0.0 ]
[ 402.0, 103.0, 0.0 ]
[ 425.0, 119.0, 0.0 ]
[ 280.0, 118.0, 0.0 ]
[ 273.0, 106.0, 0.0 ]
[ 262.0, 94.0, 0.0 ]
[ 241.0, 84.0, 0.0 ]
[ 218.0, 87.0, 0.0 ]
[ 210.0, 99.0, 0.0 ]
[ 217.0, 114.0, 0.0 ]
[ 253.0, 148.0, 0.0 ]
[ 275.0, 154.0, 0.0 ]
[ 219.0, 95.0, 0.0 ]
[ 238.0, 90.0, 0.0 ]
[ 259.0, 100.0, 0.0 ]
[ 219.0, 107.0, 0.0 ]
[ 236.0, 132.0, 0.0 ]
[ 261.0, 145.0, 0.0 ]
[ 279.0, 147.0, 0.0 ]
[ 258.0, 114.0, 0.0 ]
[ 311.0, 204.0, 0.0 ]
[ 303.0, 232.0, 0.0 ]
[ 322.0, 239.0, 0.0 ]
[ 322.0, 255.0, 0.0 ]
[ 342.0, 245.0, 0.0 ]
[ 331.0, 236.0, 0.0 ]
[ 369.0, 242.0, 0.0 ]
[ 323.0, 266.0, 0.0 ]
[ 316.0, 272.0, 0.0 ]
[ 346.0, 266.0, 0.0 ]
[ 331.0, 276.0, 0.0 ]
[ 291.0, 278.0, 0.0 ]
[ 276.0, 275.0, 0.0 ]
[ 259.0, 264.0, 0.0 ]
[ 239.0, 251.0, 0.0 ]
[ 219.0, 242.0, 0.0 ]
[ 210.0, 254.0, 0.0 ]
[ 212.0, 278.0, 0.0 ]
[ 218.0, 314.0, 0.0 ]
[ 227.0, 341.0, 0.0 ]
[ 228.0, 369.0, 0.0 ]
[ 217.0, 398.0, 0.0 ]
[ 199.0, 376.0, 0.0 ]
[ 190.0, 344.0, 0.0 ]
[ 186.0, 309.0, 0.0 ]
[ 180.0, 288.0, 0.0 ]
[ 150.0, 293.0, 0.0 ]
[ 145.0, 318.0, 0.0 ]
[ 138.0, 344.0, 0.0 ]
[ 135.0, 369.0, 0.0 ]
[ 136.0, 394.0, 0.0 ]
[ 117.0, 399.0, 0.0 ]
[ 118.0, 364.0, 0.0 ]
[ 117.0, 333.0, 0.0 ]
[ 124.0, 308.0, 0.0 ]
[ 126.0, 288.0, 0.0 ]
[ 228.0, 304.0, 0.0 ]
[ 246.0, 326.0, 0.0 ]
[ 272.0, 313.0, 0.0 ]
[ 251.0, 289.0, 0.0 ]
[ 251.0, 56.0, 0.0 ]
[ 203.0, 71.0, 0.0 ]
[ 159.0, 88.0, 0.0 ]
[ 114.0, 103.0, 0.0 ]
[ 74.0, 119.0, 0.0 ]
[ 92.0, 106.0, 0.0 ]
[ 72.0, 137.0, 0.0 ]
[ 59.0, 146.0, 0.0 ]
[ 58.0, 200.0, 0.0 ]
[ 258.0, 307.0, 0.0 ]
[ 258.0, 206.0, 0.0 ]
[ 241.0, 225.0, 0.0 ]
[ 304.0, 162.0, 0.0 ]
[ 376.0, 167.0, 0.0 ]
[ 59.0, 224.0, 0.0 ]
[ 57.0, 253.0, 0.0 ]
[ 64.0, 295.0, 0.0 ]
[ 58.0, 319.0, 0.0 ]
[ 65.0, 343.0, 0.0 ]
[ 63.0, 378.0, 0.0 ]
[ 75.0, 387.0, 0.0 ]
[ 84.0, 342.0, 0.0 ]
[ 90.0, 303.0, 0.0 ]
[ 91.0, 288.0, 0.0 ]
[ 77.0, 264.0, 0.0 ]
[ 64.0, 227.0, 0.0 ]
[ 86.0, 264.0, 0.0 ]
[ 110.0, 267.0, 0.0 ]
[ 144.0, 264.0, 0.0 ]
[ 142.0, 241.0, 0.0 ]
[ 157.0, 236.0, 0.0 ]
[ 162.0, 218.0, 0.0 ]
[ 171.0, 200.0, 0.0 ]
[ 176.0, 161.0, 0.0 ]
[ 186.0, 126.0, 0.0 ]
[ 200.0, 163.0, 0.0 ]
[ 193.0, 219.0, 0.0 ]
[ 177.0, 234.0, 0.0 ]
[ 167.0, 263.0, 0.0 ]
[ 231.0, 202.0, 0.0 ]
[ 135.0, 113.0, 0.0 ]
[ 104.0, 136.0, 0.0 ]
[ 83.0, 169.0, 0.0 ]
[ 68.0, 165.0, 0.0 ]
[ 91.0, 211.0, 0.0 ]
[ 142.0, 203.0, 0.0 ]
[ 127.0, 160.0, 0.0 ]
[ 168.0, 116.0, 0.0 ]
[ 114.0, 290.0, 0.0 ]
[ 104.0, 386.0, 0.0 ]
[ 384.0, 97.0, 0.0 ]
[ 380.0, 255.0, 0.0 ]
[ 187.0, 255.0, 0.0 ]
[ 191.0, 289.0, 0.0 ]
[ 200.0, 318.0, 0.0 ]
[ 208.0, 351.0, 0.0 ]
[ 134.0, 312.0, 0.0 ]
[ 128.0, 340.0, 0.0 ]
[ 129.0, 367.0, 0.0 ]
[ 122.0, 396.0, 0.0 ]
[ 73.0, 310.0, 0.0 ]
[ 280.0, 109.0, 0.0 ]
[ 285.0, 96.0, 0.0 ]
[ 39.0, 267.0, 0.0 ]
[ 60.0, 267.0, 0.0 ]
[ 34.0, 281.0, 0.0 ]
[ 48.0, 267.0, 0.0 ]
[ 7.0, 267.0, 0.0 ]
