531 708
[ 0.0, 0.0, 0.0 ]
[ 531.0, 0.0, 0.0 ]
[ 531.0, 708.0, 0.0 ]
[ 0.0, 708.0, 0.0 ]
[ 327.0, 203.0, 0.0 ]
[ 334.0, 191.0, 0.0 ]
[ 325.0, 192.0, 0.0 ]
[ 336.0, 173.0, 0.0 ]
[ 333.0, 161.0, 0.0 ]
[ 326.0, 153.0, 0.0 ]
[ 318.0, 138.0, 0.0 ]
[ 309.0, 132.0, 0.0 ]
[ 297.0, 127.0, 0.0 ]
[ 287.0, 124.0, 0.0 ]
[ 277.0, 136.0, 0.0 ]
[ 270.0, 152.0, 0.0 ]
[ 266.0, 168.0, 0.0 ]
[ 268.0, 183.0, 0.0 ]
[ 272.0, 198.0, 0.0 ]
[ 283.0, 215.0, 0.0 ]
[ 295.0, 231.0, 0.0 ]
[ 306.0, 242.0, 0.0 ]
[ 321.0, 253.0, 0.0 ]
[ 330.0, 270.0, 0.0 ]
[ 338.0, 289.0, 0.0 ]
[ 344.0, 305.0, 0.0 ]
[ 344.0, 313.0, 0.0 ]
[ 333.0, 320.0, 0.0 ]
[ 322.0, 324.0, 0.0 ]
[ 306.0, 317.0, 0.0 ]
[ 300.0, 301.0, 0.0 ]
[ 291.0, 291.0, 0.0 ]
[ 279.0, 278.0, 0.0 ]
[ 264.0, 271.0, 0.0 ]
[ 244.0, 272.0, 0.0 ]
[ 224.0, 277.0, 0.0 ]
[ 207.0, 283.0, 0.0 ]
[ 189.0, 292.0, 0.0 ]
[ 168.0, 304.0, 0.0 ]
[ 152.0, 322.0, 0.0 ]
[ 140.0, 343.0, 0.0 ]
[ 135.0, 359.0, 0.0 ]
[ 130.0, 374.0, 0.0 ]
[ 112.0, 387.0, 0.0 ]
[ 99.0, 402.0, 0.0 ]
[ 84.0, 414.0, 0.0 ]
[ 75.0, 430.0, 0.0 ]
[ 68.0, 444.0, 0.0 ]
[ 62.0, 460.0, 0.0 ]
[ 52.0, 476.0, 0.0 ]
[ 48.0, 499.0, 0.0 ]
[ 56.0, 491.0, 0.0 ]
[ 63.0, 477.0, 0.0 ]
[ 75.0, 460.0, 0.0 ]
[ 81.0, 454.0, 0.0 ]
[ 88.0, 452.0, 0.0 ]
[ 94.0, 441.0, 0.0 ]
[ 100.0, 431.0, 0.0 ]
[ 109.0, 430.0, 0.0 ]
[ 111.0, 417.0, 0.0 ]
[ 125.0, 412.0, 0.0 ]
[ 148.0, 412.0, 0.0 ]
[ 162.0, 419.0, 0.0 ]
[ 174.0, 421.0, 0.0 ]
[ 190.0, 427.0, 0.0 ]
[ 209.0, 430.0, 0.0 ]
[ 235.0, 434.0, 0.0 ]
[ 249.0, 433.0, 0.0 ]
[ 271.0, 423.0, 0.0 ]
[ 287.0, 410.0, 0.0 ]
[ 299.0, 399.0, 0.0 ]
[ 313.0, 389.0, 0.0 ]
[ 324.0, 378.0, 0.0 ]
[ 335.0, 364.0, 0.0 ]
[ 348.0, 348.0, 0.0 ]
[ 360.0, 332.0, 0.0 ]
[ 361.0, 316.0, 0.0 ]
[ 359.0, 297.0, 0.0 ]
[ 355.0, 283.0, 0.0 ]
[ 345.0, 266.0, 0.0 ]
[ 335.0, 251.0, 0.0 ]
[ 325.0, 242.0, 0.0 ]
[ 311.0, 226.0, 0.0 ]
[ 298.0, 211.0, 0.0 ]
[ 289.0, 196.0, 0.0 ]
[ 284.0, 181.0, 0.0 ]
[ 282.0, 167.0, 0.0 ]
[ 287.0, 162.0, 0.0 ]
[ 298.0, 165.0, 0.0 ]
[ 306.0, 169.0, 0.0 ]
[ 314.0, 168.0, 0.0 ]
[ 319.0, 175.0, 0.0 ]
[ 323.0, 184.0, 0.0 ]
[ 337.0, 182.0, 0.0 ]
[ 319.0, 165.0, 0.0 ]
[ 322.0, 158.0, 0.0 ]
[ 331.0, 176.0, 0.0 ]
[ 328.0, 179.0, 0.0 ]
[ 324.0, 170.0, 0.0 ]
[ 311.0, 151.0, 0.0 ]
[ 292.0, 147.0, 0.0 ]
[ 303.0, 145.0, 0.0 ]
[ 297.0, 151.0, 0.0 ]
[ 303.0, 154.0, 0.0 ]
[ 306.0, 153.0, 0.0 ]
[ 301.0, 149.0, 0.0 ]
[ 280.0, 143.0, 0.0 ]
[ 284.0, 153.0, 0.0 ]
[ 295.0, 158.0, 0.0 ]
[ 306.0, 160.0, 0.0 ]
[ 308.0, 139.0, 0.0 ]
[ 313.0, 159.0, 0.0 ]
[ 321.0, 147.0, 0.0 ]
[ 271.0, 166.0, 0.0 ]
[ 276.0, 185.0, 0.0 ]
[ 282.0, 200.0, 0.0 ]
[ 292.0, 216.0, 0.0 ]
[ 309.0, 237.0, 0.0 ]
[ 335.0, 266.0, 0.0 ]
[ 345.0, 285.0, 0.0 ]
[ 352.0, 307.0, 0.0 ]
[ 351.0, 329.0, 0.0 ]
[ 334.0, 335.0, 0.0 ]
[ 317.0, 338.0, 0.0 ]
[ 317.0, 365.0, 0.0 ]
[ 332.0, 351.0, 0.0 ]
[ 302.0, 331.0, 0.0 ]
[ 285.0, 307.0, 0.0 ]
[ 264.0, 289.0, 0.0 ]
[ 241.0, 291.0, 0.0 ]
[ 218.0, 293.0, 0.0 ]
[ 200.0, 304.0, 0.0 ]
[ 183.0, 307.0, 0.0 ]
[ 175.0, 318.0, 0.0 ]
[ 164.0, 331.0, 0.0 ]
[ 159.0, 347.0, 0.0 ]
[ 151.0, 369.0, 0.0 ]
[ 142.0, 387.0, 0.0 ]
[ 167.0, 357.0, 0.0 ]
[ 180.0, 334.0, 0.0 ]
[ 191.0, 316.0, 0.0 ]
[ 201.0, 319.0, 0.0 ]
[ 212.0, 322.0, 0.0 ]
[ 217.0, 311.0, 0.0 ]
[ 229.0, 298.0, 0.0 ]
[ 236.0, 337.0, 0.0 ]
[ 253.0, 304.0, 0.0 ]
[ 268.0, 303.0, 0.0 ]
[ 274.0, 318.0, 0.0 ]
[ 191.0, 353.0, 0.0 ]
[ 178.0, 384.0, 0.0 ]
[ 224.0, 348.0, 0.0 ]
[ 151.0, 395.0, 0.0 ]
[ 169.0, 389.0, 0.0 ]
[ 200.0, 374.0, 0.0 ]
[ 174.0, 403.0, 0.0 ]
[ 197.0, 396.0, 0.0 ]
[ 216.0, 385.0, 0.0 ]
[ 273.0, 353.0, 0.0 ]
[ 292.0, 353.0, 0.0 ]
[ 290.0, 386.0, 0.0 ]
[ 279.0, 401.0, 0.0 ]
[ 259.0, 410.0, 0.0 ]
[ 243.0, 406.0, 0.0 ]
[ 232.0, 400.0, 0.0 ]
[ 217.0, 413.0, 0.0 ]
[ 68.0, 461.0, 0.0 ]
[ 81.0, 441.0, 0.0 ]
[ 96.0, 423.0, 0.0 ]
[ 107.0, 409.0, 0.0 ]
[ 129.0, 399.0, 0.0 ]
[ 139.0, 405.0, 0.0 ]
[ 129.0, 404.0, 0.0 ]
[ 260.0, 444.0, 0.0 ]
[ 263.0, 459.0, 0.0 ]
[ 266.0, 483.0, 0.0 ]
[ 267.0, 504.0, 0.0 ]
[ 272.0, 514.0, 0.0 ]
[ 272.0, 527.0, 0.0 ]
[ 270.0, 535.0, 0.0 ]
[ 269.0, 551.0, 0.0 ]
[ 271.0, 567.0, 0.0 ]
[ 274.0, 584.0, 0.0 ]
[ 275.0, 596.0, 0.0 ]
[ 279.0, 620.0, 0.0 ]
[ 279.0, 634.0, 0.0 ]
[ 281.0, 645.0, 0.0 ]
[ 277.0, 611.0, 0.0 ]
[ 291.0, 646.0, 0.0 ]
[ 299.0, 643.0, 0.0 ]
[ 309.0, 646.0, 0.0 ]
[ 308.0, 652.0, 0.0 ]
[ 299.0, 650.0, 0.0 ]
[ 305.0, 656.0, 0.0 ]
[ 311.0, 663.0, 0.0 ]
[ 296.0, 653.0, 0.0 ]
[ 297.0, 662.0, 0.0 ]
[ 301.0, 671.0, 0.0 ]
[ 296.0, 664.0, 0.0 ]
[ 286.0, 660.0, 0.0 ]
[ 294.0, 675.0, 0.0 ]
[ 286.0, 672.0, 0.0 ]
[ 278.0, 665.0, 0.0 ]
[ 270.0, 659.0, 0.0 ]
[ 266.0, 655.0, 0.0 ]
[ 270.0, 646.0, 0.0 ]
[ 270.0, 633.0, 0.0 ]
[ 269.0, 622.0, 0.0 ]
[ 268.0, 610.0, 0.0 ]
[ 266.0, 591.0, 0.0 ]
[ 264.0, 573.0, 0.0 ]
[ 262.0, 558.0, 0.0 ]
[ 262.0, 547.0, 0.0 ]
[ 260.0, 539.0, 0.0 ]
[ 262.0, 531.0, 0.0 ]
[ 268.0, 543.0, 0.0 ]
[ 278.0, 656.0, 0.0 ]
[ 285.0, 663.0, 0.0 ]
[ 287.0, 654.0, 0.0 ]
[ 259.0, 518.0, 0.0 ]
[ 256.0, 513.0, 0.0 ]
[ 256.0, 505.0, 0.0 ]
[ 257.0, 495.0, 0.0 ]
[ 257.0, 479.0, 0.0 ]
[ 256.0, 462.0, 0.0 ]
[ 254.0, 448.0, 0.0 ]
[ 248.0, 455.0, 0.0 ]
[ 242.0, 466.0, 0.0 ]
[ 237.0, 474.0, 0.0 ]
[ 249.0, 439.0, 0.0 ]
[ 244.0, 448.0, 0.0 ]
[ 238.0, 462.0, 0.0 ]
[ 230.0, 469.0, 0.0 ]
[ 225.0, 483.0, 0.0 ]
[ 222.0, 476.0, 0.0 ]
[ 234.0, 490.0, 0.0 ]
[ 240.0, 499.0, 0.0 ]
[ 249.0, 509.0, 0.0 ]
[ 250.0, 498.0, 0.0 ]
[ 241.0, 485.0, 0.0 ]
[ 235.0, 480.0, 0.0 ]
[ 345.0, 341.0, 0.0 ]
[ 196.0, 406.0, 0.0 ]
[ 253.0, 388.0, 0.0 ]
[ 277.0, 381.0, 0.0 ]
[ 302.0, 366.0, 0.0 ]
[ 317.0, 351.0, 0.0 ]
[ 214.0, 398.0, 0.0 ]
[ 261.0, 350.0, 0.0 ]
[ 282.0, 533.0, 0.0 ]
[ 292.0, 545.0, 0.0 ]
[ 303.0, 557.0, 0.0 ]
[ 311.0, 573.0, 0.0 ]
[ 312.0, 587.0, 0.0 ]
[ 307.0, 592.0, 0.0 ]
[ 300.0, 595.0, 0.0 ]
[ 300.0, 581.0, 0.0 ]
[ 297.0, 579.0, 0.0 ]
[ 292.0, 583.0, 0.0 ]
[ 294.0, 575.0, 0.0 ]
[ 297.0, 565.0, 0.0 ]
[ 299.0, 562.0, 0.0 ]
[ 290.0, 551.0, 0.0 ]
[ 281.0, 543.0, 0.0 ]
[ 275.0, 535.0, 0.0 ]
[ 305.0, 571.0, 0.0 ]
[ 305.0, 583.0, 0.0 ]
[ 356.0, 347.0, 0.0 ]
[ 341.0, 314.0, 0.0 ]
[ 197.0, 339.0, 0.0 ]
[ 231.0, 376.0, 0.0 ]
[ 261.0, 370.0, 0.0 ]
[ 249.0, 346.0, 0.0 ]
[ 291.0, 340.0, 0.0 ]
[ 171.0, 372.0, 0.0 ]
[ 13.0, 481.0, 0.0 ]
