587 597
[ 0.0, 0.0, 0.0 ]
[ 587.0, 0.0, 0.0 ]
[ 587.0, 597.0, 0.0 ]
[ 0.0, 597.0, 0.0 ]
[ 258.0, 98.0, 0.0 ]
[ 272.0, 98.0, 0.0 ]
[ 283.0, 107.0, 0.0 ]
[ 288.0, 110.0, 0.0 ]
[ 295.0, 132.0, 0.0 ]
[ 300.0, 140.0, 0.0 ]
[ 309.0, 132.0, 0.0 ]
[ 313.0, 108.0, 0.0 ]
[ 310.0, 88.0, 0.0 ]
[ 329.0, 86.0, 0.0 ]
[ 337.0, 95.0, 0.0 ]
[ 318.0, 84.0, 0.0 ]
[ 259.0, 111.0, 0.0 ]
[ 266.0, 125.0, 0.0 ]
[ 264.0, 144.0, 0.0 ]
[ 338.0, 111.0, 0.0 ]
[ 340.0, 131.0, 0.0 ]
[ 345.0, 150.0, 0.0 ]
[ 367.0, 172.0, 0.0 ]
[ 385.0, 160.0, 0.0 ]
[ 397.0, 153.0, 0.0 ]
[ 414.0, 152.0, 0.0 ]
[ 439.0, 147.0, 0.0 ]
[ 450.0, 146.0, 0.0 ]
[ 446.0, 164.0, 0.0 ]
[ 429.0, 184.0, 0.0 ]
[ 416.0, 201.0, 0.0 ]
[ 394.0, 209.0, 0.0 ]
[ 378.0, 205.0, 0.0 ]
[ 258.0, 167.0, 0.0 ]
[ 243.0, 182.0, 0.0 ]
[ 222.0, 174.0, 0.0 ]
[ 201.0, 163.0, 0.0 ]
[ 173.0, 170.0, 0.0 ]
[ 156.0, 178.0, 0.0 ]
[ 169.0, 190.0, 0.0 ]
[ 184.0, 206.0, 0.0 ]
[ 205.0, 219.0, 0.0 ]
[ 228.0, 221.0, 0.0 ]
[ 245.0, 216.0, 0.0 ]
[ 253.0, 207.0, 0.0 ]
[ 266.0, 212.0, 0.0 ]
[ 254.0, 226.0, 0.0 ]
[ 262.0, 218.0, 0.0 ]
[ 256.0, 216.0, 0.0 ]
[ 357.0, 212.0, 0.0 ]
[ 366.0, 202.0, 0.0 ]
[ 366.0, 211.0, 0.0 ]
[ 367.0, 217.0, 0.0 ]
[ 374.0, 205.0, 0.0 ]
[ 359.0, 206.0, 0.0 ]
[ 293.0, 171.0, 0.0 ]
[ 326.0, 170.0, 0.0 ]
[ 293.0, 199.0, 0.0 ]
[ 328.0, 199.0, 0.0 ]
[ 289.0, 223.0, 0.0 ]
[ 333.0, 225.0, 0.0 ]
[ 284.0, 247.0, 0.0 ]
[ 335.0, 248.0, 0.0 ]
[ 311.0, 264.0, 0.0 ]
[ 310.0, 238.0, 0.0 ]
[ 291.0, 244.0, 0.0 ]
[ 305.0, 258.0, 0.0 ]
[ 298.0, 253.0, 0.0 ]
[ 297.0, 246.0, 0.0 ]
[ 335.0, 240.0, 0.0 ]
[ 323.0, 245.0, 0.0 ]
[ 315.0, 253.0, 0.0 ]
[ 325.0, 254.0, 0.0 ]
[ 256.0, 244.0, 0.0 ]
[ 363.0, 244.0, 0.0 ]
[ 268.0, 276.0, 0.0 ]
[ 353.0, 269.0, 0.0 ]
[ 298.0, 298.0, 0.0 ]
[ 329.0, 295.0, 0.0 ]
[ 312.0, 304.0, 0.0 ]
[ 267.0, 320.0, 0.0 ]
[ 347.0, 313.0, 0.0 ]
[ 289.0, 330.0, 0.0 ]
[ 300.0, 312.0, 0.0 ]
[ 286.0, 302.0, 0.0 ]
[ 268.0, 289.0, 0.0 ]
[ 321.0, 300.0, 0.0 ]
[ 329.0, 316.0, 0.0 ]
[ 346.0, 292.0, 0.0 ]
[ 266.0, 340.0, 0.0 ]
[ 283.0, 339.0, 0.0 ]
[ 304.0, 353.0, 0.0 ]
[ 298.0, 369.0, 0.0 ]
[ 283.0, 384.0, 0.0 ]
[ 265.0, 380.0, 0.0 ]
[ 280.0, 362.0, 0.0 ]
[ 279.0, 311.0, 0.0 ]
[ 336.0, 303.0, 0.0 ]
[ 332.0, 351.0, 0.0 ]
[ 318.0, 336.0, 0.0 ]
[ 318.0, 363.0, 0.0 ]
[ 341.0, 373.0, 0.0 ]
[ 347.0, 371.0, 0.0 ]
[ 346.0, 341.0, 0.0 ]
[ 332.0, 331.0, 0.0 ]
[ 266.0, 404.0, 0.0 ]
[ 275.0, 398.0, 0.0 ]
[ 274.0, 421.0, 0.0 ]
[ 269.0, 439.0, 0.0 ]
[ 262.0, 442.0, 0.0 ]
[ 264.0, 419.0, 0.0 ]
[ 283.0, 417.0, 0.0 ]
[ 292.0, 393.0, 0.0 ]
[ 313.0, 394.0, 0.0 ]
[ 328.0, 401.0, 0.0 ]
[ 325.0, 427.0, 0.0 ]
[ 299.0, 439.0, 0.0 ]
[ 286.0, 434.0, 0.0 ]
[ 305.0, 415.0, 0.0 ]
[ 345.0, 400.0, 0.0 ]
[ 338.0, 419.0, 0.0 ]
[ 344.0, 449.0, 0.0 ]
[ 345.0, 427.0, 0.0 ]
[ 259.0, 461.0, 0.0 ]
[ 272.0, 455.0, 0.0 ]
[ 282.0, 467.0, 0.0 ]
[ 282.0, 485.0, 0.0 ]
[ 269.0, 501.0, 0.0 ]
[ 256.0, 497.0, 0.0 ]
[ 266.0, 478.0, 0.0 ]
[ 258.0, 474.0, 0.0 ]
[ 314.0, 467.0, 0.0 ]
[ 318.0, 486.0, 0.0 ]
[ 332.0, 493.0, 0.0 ]
[ 350.0, 478.0, 0.0 ]
[ 325.0, 456.0, 0.0 ]
[ 337.0, 473.0, 0.0 ]
[ 195.0, 188.0, 0.0 ]
[ 199.0, 173.0, 0.0 ]
[ 222.0, 192.0, 0.0 ]
[ 236.0, 197.0, 0.0 ]
[ 238.0, 212.0, 0.0 ]
[ 215.0, 207.0, 0.0 ]
[ 382.0, 197.0, 0.0 ]
[ 395.0, 176.0, 0.0 ]
[ 414.0, 164.0, 0.0 ]
[ 402.0, 189.0, 0.0 ]
[ 309.0, 215.0, 0.0 ]
[ 308.0, 183.0, 0.0 ]
[ 308.0, 152.0, 0.0 ]
[ 267.0, 256.0, 0.0 ]
[ 349.0, 254.0, 0.0 ]
[ 279.0, 257.0, 0.0 ]
[ 338.0, 255.0, 0.0 ]
[ 337.0, 419.0, 0.0 ]
[ 177.0, 183.0, 0.0 ]
[ 188.0, 200.0, 0.0 ]
[ 213.0, 215.0, 0.0 ]
[ 228.0, 210.0, 0.0 ]
[ 386.0, 175.0, 0.0 ]
[ 398.0, 164.0, 0.0 ]
[ 415.0, 158.0, 0.0 ]
[ 438.0, 155.0, 0.0 ]
[ 415.0, 191.0, 0.0 ]
[ 399.0, 198.0, 0.0 ]
[ 385.0, 191.0, 0.0 ]
[ 265.0, 171.0, 0.0 ]
[ 248.0, 250.0, 0.0 ]
[ 1.0, 179.0, 0.0 ]
