1132 708
[ 0.0, 0.0, 0.0 ]
[ 1132.0, 0.0, 0.0 ]
[ 1132.0, 708.0, 0.0 ]
[ 0.0, 708.0, 0.0 ]
[ 567.0, 81.0, 0.0 ]
[ 566.0, 55.0, 0.0 ]
[ 572.0, 27.0, 0.0 ]
[ 593.0, 14.0, 0.0 ]
[ 616.0, 23.0, 0.0 ]
[ 626.0, 40.0, 0.0 ]
[ 645.0, 17.0, 0.0 ]
[ 668.0, 15.0, 0.0 ]
[ 684.0, 38.0, 0.0 ]
[ 693.0, 73.0, 0.0 ]
[ 695.0, 118.0, 0.0 ]
[ 702.0, 165.0, 0.0 ]
[ 695.0, 93.0, 0.0 ]
[ 733.0, 114.0, 0.0 ]
[ 752.0, 151.0, 0.0 ]
[ 785.0, 184.0, 0.0 ]
[ 819.0, 217.0, 0.0 ]
[ 860.0, 267.0, 0.0 ]
[ 900.0, 334.0, 0.0 ]
[ 925.0, 396.0, 0.0 ]
[ 927.0, 480.0, 0.0 ]
[ 916.0, 557.0, 0.0 ]
[ 907.0, 592.0, 0.0 ]
[ 892.0, 660.0, 0.0 ]
[ 885.0, 688.0, 0.0 ]
[ 873.0, 702.0, 0.0 ]
[ 799.0, 192.0, 0.0 ]
[ 822.0, 147.0, 0.0 ]
[ 890.0, 132.0, 0.0 ]
[ 950.0, 143.0, 0.0 ]
[ 997.0, 166.0, 0.0 ]
[ 1027.0, 221.0, 0.0 ]
[ 1027.0, 297.0, 0.0 ]
[ 1006.0, 373.0, 0.0 ]
[ 968.0, 430.0, 0.0 ]
[ 776.0, 170.0, 0.0 ]
[ 814.0, 129.0, 0.0 ]
[ 892.0, 104.0, 0.0 ]
[ 971.0, 109.0, 0.0 ]
[ 1023.0, 145.0, 0.0 ]
[ 1068.0, 201.0, 0.0 ]
[ 1074.0, 273.0, 0.0 ]
[ 1062.0, 333.0, 0.0 ]
[ 1037.0, 389.0, 0.0 ]
[ 969.0, 429.0, 0.0 ]
[ 695.0, 700.0, 0.0 ]
[ 682.0, 689.0, 0.0 ]
[ 661.0, 701.0, 0.0 ]
[ 619.0, 694.0, 0.0 ]
[ 590.0, 664.0, 0.0 ]
[ 579.0, 613.0, 0.0 ]
[ 576.0, 554.0, 0.0 ]
[ 594.0, 501.0, 0.0 ]
[ 595.0, 473.0, 0.0 ]
[ 549.0, 447.0, 0.0 ]
[ 517.0, 427.0, 0.0 ]
[ 455.0, 426.0, 0.0 ]
[ 443.0, 416.0, 0.0 ]
[ 421.0, 416.0, 0.0 ]
[ 400.0, 389.0, 0.0 ]
[ 407.0, 352.0, 0.0 ]
[ 402.0, 339.0, 0.0 ]
[ 433.0, 325.0, 0.0 ]
[ 473.0, 320.0, 0.0 ]
[ 487.0, 320.0, 0.0 ]
[ 488.0, 306.0, 0.0 ]
[ 453.0, 297.0, 0.0 ]
[ 436.0, 289.0, 0.0 ]
[ 434.0, 271.0, 0.0 ]
[ 439.0, 246.0, 0.0 ]
[ 452.0, 235.0, 0.0 ]
[ 466.0, 197.0, 0.0 ]
[ 481.0, 157.0, 0.0 ]
[ 513.0, 120.0, 0.0 ]
[ 551.0, 87.0, 0.0 ]
[ 570.0, 81.0, 0.0 ]
[ 594.0, 178.0, 0.0 ]
[ 576.0, 168.0, 0.0 ]
[ 561.0, 170.0, 0.0 ]
[ 550.0, 182.0, 0.0 ]
[ 543.0, 198.0, 0.0 ]
[ 539.0, 213.0, 0.0 ]
[ 553.0, 214.0, 0.0 ]
[ 576.0, 211.0, 0.0 ]
[ 589.0, 206.0, 0.0 ]
[ 592.0, 189.0, 0.0 ]
[ 557.0, 188.0, 0.0 ]
[ 570.0, 192.0, 0.0 ]
[ 569.0, 181.0, 0.0 ]
[ 575.0, 175.0, 0.0 ]
[ 576.0, 192.0, 0.0 ]
[ 588.0, 192.0, 0.0 ]
[ 553.0, 204.0, 0.0 ]
[ 594.0, 166.0, 0.0 ]
[ 581.0, 150.0, 0.0 ]
[ 553.0, 152.0, 0.0 ]
[ 540.0, 162.0, 0.0 ]
[ 530.0, 174.0, 0.0 ]
[ 527.0, 200.0, 0.0 ]
[ 535.0, 218.0, 0.0 ]
[ 561.0, 238.0, 0.0 ]
[ 589.0, 232.0, 0.0 ]
[ 603.0, 219.0, 0.0 ]
[ 610.0, 196.0, 0.0 ]
[ 607.0, 179.0, 0.0 ]
[ 596.0, 165.0, 0.0 ]
[ 626.0, 59.0, 0.0 ]
[ 619.0, 99.0, 0.0 ]
[ 618.0, 127.0, 0.0 ]
[ 642.0, 77.0, 0.0 ]
[ 650.0, 114.0, 0.0 ]
[ 657.0, 145.0, 0.0 ]
[ 658.0, 165.0, 0.0 ]
[ 668.0, 156.0, 0.0 ]
[ 669.0, 133.0, 0.0 ]
[ 672.0, 111.0, 0.0 ]
[ 681.0, 89.0, 0.0 ]
[ 671.0, 53.0, 0.0 ]
[ 652.0, 42.0, 0.0 ]
[ 643.0, 56.0, 0.0 ]
[ 586.0, 38.0, 0.0 ]
[ 606.0, 60.0, 0.0 ]
[ 601.0, 75.0, 0.0 ]
[ 621.0, 77.0, 0.0 ]
[ 472.0, 250.0, 0.0 ]
[ 507.0, 254.0, 0.0 ]
[ 536.0, 278.0, 0.0 ]
[ 549.0, 300.0, 0.0 ]
[ 559.0, 314.0, 0.0 ]
[ 539.0, 316.0, 0.0 ]
[ 509.0, 314.0, 0.0 ]
[ 476.0, 310.0, 0.0 ]
[ 468.0, 299.0, 0.0 ]
[ 468.0, 286.0, 0.0 ]
[ 466.0, 272.0, 0.0 ]
[ 453.0, 261.0, 0.0 ]
[ 497.0, 285.0, 0.0 ]
[ 475.0, 219.0, 0.0 ]
[ 493.0, 179.0, 0.0 ]
[ 514.0, 156.0, 0.0 ]
[ 545.0, 129.0, 0.0 ]
[ 587.0, 105.0, 0.0 ]
[ 588.0, 273.0, 0.0 ]
[ 597.0, 313.0, 0.0 ]
[ 637.0, 277.0, 0.0 ]
[ 654.0, 236.0, 0.0 ]
[ 662.0, 206.0, 0.0 ]
[ 627.0, 242.0, 0.0 ]
[ 702.0, 221.0, 0.0 ]
[ 689.0, 268.0, 0.0 ]
[ 661.0, 311.0, 0.0 ]
[ 611.0, 342.0, 0.0 ]
[ 566.0, 365.0, 0.0 ]
[ 527.0, 360.0, 0.0 ]
[ 477.0, 358.0, 0.0 ]
[ 459.0, 354.0, 0.0 ]
[ 433.0, 366.0, 0.0 ]
[ 416.0, 382.0, 0.0 ]
[ 423.0, 407.0, 0.0 ]
[ 456.0, 392.0, 0.0 ]
[ 500.0, 391.0, 0.0 ]
[ 544.0, 389.0, 0.0 ]
[ 581.0, 400.0, 0.0 ]
[ 629.0, 401.0, 0.0 ]
[ 691.0, 410.0, 0.0 ]
[ 746.0, 376.0, 0.0 ]
[ 771.0, 318.0, 0.0 ]
[ 780.0, 267.0, 0.0 ]
[ 777.0, 213.0, 0.0 ]
[ 849.0, 286.0, 0.0 ]
[ 842.0, 360.0, 0.0 ]
[ 808.0, 414.0, 0.0 ]
[ 749.0, 456.0, 0.0 ]
[ 701.0, 483.0, 0.0 ]
[ 639.0, 483.0, 0.0 ]
[ 590.0, 467.0, 0.0 ]
[ 624.0, 533.0, 0.0 ]
[ 614.0, 581.0, 0.0 ]
[ 626.0, 635.0, 0.0 ]
[ 656.0, 677.0, 0.0 ]
[ 669.0, 626.0, 0.0 ]
[ 671.0, 552.0, 0.0 ]
[ 730.0, 514.0, 0.0 ]
[ 710.0, 587.0, 0.0 ]
[ 693.0, 655.0, 0.0 ]
[ 758.0, 539.0, 0.0 ]
[ 742.0, 608.0, 0.0 ]
[ 718.0, 656.0, 0.0 ]
[ 795.0, 679.0, 0.0 ]
[ 838.0, 596.0, 0.0 ]
[ 859.0, 521.0, 0.0 ]
[ 863.0, 457.0, 0.0 ]
[ 859.0, 393.0, 0.0 ]
[ 265.0, 239.0, 0.0 ]
[ 438.0, 311.0, 0.0 ]
[ 620.0, 1.0, 0.0 ]
[ 824.0, 40.0, 0.0 ]
[ 730.0, 45.0, 0.0 ]
[ 552.0, 513.0, 0.0 ]
[ 417.0, 703.0, 0.0 ]
[ 939.0, 673.0, 0.0 ]
[ 1020.0, 508.0, 0.0 ]
[ 1002.0, 154.0, 0.0 ]
[ 901.0, 118.0, 0.0 ]
[ 828.0, 137.0, 0.0 ]
[ 795.0, 173.0, 0.0 ]
[ 778.0, 141.0, 0.0 ]
[ 820.0, 187.0, 0.0 ]
[ 554.0, 563.0, 0.0 ]
[ 570.0, 491.0, 0.0 ]
[ 402.0, 302.0, 0.0 ]
[ 491.0, 206.0, 0.0 ]
[ 555.0, 256.0, 0.0 ]
[ 674.0, 201.0, 0.0 ]
[ 678.0, 219.0, 0.0 ]
[ 674.0, 257.0, 0.0 ]
[ 657.0, 297.0, 0.0 ]
[ 626.0, 363.0, 0.0 ]
[ 663.0, 449.0, 0.0 ]
[ 705.0, 312.0, 0.0 ]
[ 916.0, 231.0, 0.0 ]
[ 970.0, 304.0, 0.0 ]
[ 588.0, 483.0, 0.0 ]
[ 816.0, 498.0, 0.0 ]
[ 1130.0, 367.0, 0.0 ]
[ 995.0, 461.0, 0.0 ]
[ 338.0, 539.0, 0.0 ]
[ 2.0, 277.0, 0.0 ]
