742 1020
[ 0.0, 0.0, 0.0 ]
[ 742.0, 0.0, 0.0 ]
[ 742.0, 1020.0, 0.0 ]
[ 0.0, 1020.0, 0.0 ]
[ 329.0, 111.0, 0.0 ]
[ 281.0, 133.0, 0.0 ]
[ 257.0, 236.0, 0.0 ]
[ 292.0, 321.0, 0.0 ]
[ 308.0, 338.0, 0.0 ]
[ 310.0, 426.0, 0.0 ]
[ 303.0, 442.0, 0.0 ]
[ 335.0, 370.0, 0.0 ]
[ 371.0, 390.0, 0.0 ]
[ 417.0, 405.0, 0.0 ]
[ 371.0, 386.0, 0.0 ]
[ 349.0, 361.0, 0.0 ]
[ 339.0, 327.0, 0.0 ]
[ 367.0, 198.0, 0.0 ]
[ 371.0, 192.0, 0.0 ]
[ 388.0, 169.0, 0.0 ]
[ 427.0, 143.0, 0.0 ]
[ 415.0, 126.0, 0.0 ]
[ 442.0, 161.0, 0.0 ]
[ 472.0, 167.0, 0.0 ]
[ 450.0, 135.0, 0.0 ]
[ 384.0, 104.0, 0.0 ]
[ 330.0, 194.0, 0.0 ]
[ 330.0, 198.0, 0.0 ]
[ 303.0, 195.0, 0.0 ]
[ 302.0, 200.0, 0.0 ]
[ 264.0, 197.0, 0.0 ]
[ 264.0, 203.0, 0.0 ]
[ 400.0, 196.0, 0.0 ]
[ 400.0, 192.0, 0.0 ]
[ 438.0, 191.0, 0.0 ]
[ 437.0, 196.0, 0.0 ]
[ 467.0, 192.0, 0.0 ]
[ 466.0, 197.0, 0.0 ]
[ 483.0, 194.0, 0.0 ]
[ 485.0, 198.0, 0.0 ]
[ 427.0, 136.0, 0.0 ]
[ 361.0, 138.0, 0.0 ]
[ 321.0, 160.0, 0.0 ]
[ 307.0, 256.0, 0.0 ]
[ 457.0, 387.0, 0.0 ]
[ 448.0, 399.0, 0.0 ]
[ 460.0, 367.0, 0.0 ]
[ 476.0, 333.0, 0.0 ]
[ 487.0, 296.0, 0.0 ]
[ 482.0, 257.0, 0.0 ]
[ 485.0, 246.0, 0.0 ]
[ 482.0, 251.0, 0.0 ]
[ 487.0, 219.0, 0.0 ]
[ 487.0, 225.0, 0.0 ]
[ 459.0, 224.0, 0.0 ]
[ 461.0, 218.0, 0.0 ]
[ 434.0, 218.0, 0.0 ]
[ 433.0, 223.0, 0.0 ]
[ 406.0, 219.0, 0.0 ]
[ 405.0, 224.0, 0.0 ]
[ 380.0, 222.0, 0.0 ]
[ 379.0, 229.0, 0.0 ]
[ 356.0, 233.0, 0.0 ]
[ 369.0, 256.0, 0.0 ]
[ 378.0, 247.0, 0.0 ]
[ 402.0, 242.0, 0.0 ]
[ 415.0, 247.0, 0.0 ]
[ 416.0, 255.0, 0.0 ]
[ 409.0, 248.0, 0.0 ]
[ 392.0, 250.0, 0.0 ]
[ 390.0, 244.0, 0.0 ]
[ 380.0, 253.0, 0.0 ]
[ 386.0, 264.0, 0.0 ]
[ 401.0, 264.0, 0.0 ]
[ 415.0, 269.0, 0.0 ]
[ 398.0, 274.0, 0.0 ]
[ 379.0, 272.0, 0.0 ]
[ 435.0, 235.0, 0.0 ]
[ 445.0, 260.0, 0.0 ]
[ 450.0, 295.0, 0.0 ]
[ 451.0, 305.0, 0.0 ]
[ 437.0, 301.0, 0.0 ]
[ 428.0, 306.0, 0.0 ]
[ 426.0, 320.0, 0.0 ]
[ 435.0, 323.0, 0.0 ]
[ 459.0, 239.0, 0.0 ]
[ 349.0, 257.0, 0.0 ]
[ 396.0, 329.0, 0.0 ]
[ 449.0, 282.0, 0.0 ]
[ 465.0, 307.0, 0.0 ]
[ 466.0, 319.0, 0.0 ]
[ 455.0, 324.0, 0.0 ]
[ 414.0, 348.0, 0.0 ]
[ 439.0, 342.0, 0.0 ]
[ 451.0, 340.0, 0.0 ]
[ 462.0, 343.0, 0.0 ]
[ 434.0, 361.0, 0.0 ]
[ 450.0, 358.0, 0.0 ]
[ 455.0, 346.0, 0.0 ]
[ 440.0, 348.0, 0.0 ]
[ 396.0, 360.0, 0.0 ]
[ 431.0, 388.0, 0.0 ]
[ 478.0, 269.0, 0.0 ]
[ 462.0, 269.0, 0.0 ]
[ 455.0, 279.0, 0.0 ]
[ 475.0, 260.0, 0.0 ]
[ 458.0, 254.0, 0.0 ]
[ 489.0, 240.0, 0.0 ]
[ 470.0, 231.0, 0.0 ]
[ 474.0, 224.0, 0.0 ]
[ 476.0, 219.0, 0.0 ]
[ 473.0, 239.0, 0.0 ]
[ 433.0, 403.0, 0.0 ]
[ 438.0, 408.0, 0.0 ]
[ 469.0, 435.0, 0.0 ]
[ 511.0, 481.0, 0.0 ]
[ 483.0, 523.0, 0.0 ]
[ 455.0, 577.0, 0.0 ]
[ 292.0, 437.0, 0.0 ]
[ 263.0, 460.0, 0.0 ]
[ 245.0, 497.0, 0.0 ]
[ 239.0, 555.0, 0.0 ]
[ 237.0, 594.0, 0.0 ]
[ 350.0, 611.0, 0.0 ]
[ 348.0, 586.0, 0.0 ]
[ 366.0, 560.0, 0.0 ]
[ 387.0, 548.0, 0.0 ]
[ 428.0, 542.0, 0.0 ]
[ 437.0, 535.0, 0.0 ]
[ 442.0, 554.0, 0.0 ]
[ 379.0, 595.0, 0.0 ]
[ 465.0, 592.0, 0.0 ]
[ 463.0, 605.0, 0.0 ]
[ 479.0, 635.0, 0.0 ]
[ 477.0, 653.0, 0.0 ]
[ 467.0, 662.0, 0.0 ]
[ 435.0, 656.0, 0.0 ]
[ 442.0, 699.0, 0.0 ]
[ 401.0, 569.0, 0.0 ]
[ 435.0, 577.0, 0.0 ]
[ 428.0, 619.0, 0.0 ]
[ 405.0, 615.0, 0.0 ]
[ 409.0, 628.0, 0.0 ]
[ 422.0, 626.0, 0.0 ]
[ 454.0, 596.0, 0.0 ]
[ 461.0, 595.0, 0.0 ]
[ 456.0, 647.0, 0.0 ]
[ 388.0, 650.0, 0.0 ]
[ 190.0, 501.0, 0.0 ]
[ 168.0, 530.0, 0.0 ]
[ 127.0, 657.0, 0.0 ]
[ 108.0, 668.0, 0.0 ]
[ 98.0, 699.0, 0.0 ]
[ 72.0, 716.0, 0.0 ]
[ 72.0, 731.0, 0.0 ]
[ 32.0, 746.0, 0.0 ]
[ 18.0, 820.0, 0.0 ]
[ 87.0, 742.0, 0.0 ]
[ 98.0, 749.0, 0.0 ]
[ 153.0, 709.0, 0.0 ]
[ 150.0, 746.0, 0.0 ]
[ 166.0, 777.0, 0.0 ]
[ 201.0, 754.0, 0.0 ]
[ 178.0, 684.0, 0.0 ]
[ 232.0, 670.0, 0.0 ]
[ 340.0, 663.0, 0.0 ]
[ 359.0, 667.0, 0.0 ]
[ 406.0, 685.0, 0.0 ]
[ 399.0, 701.0, 0.0 ]
[ 337.0, 686.0, 0.0 ]
[ 308.0, 688.0, 0.0 ]
[ 310.0, 698.0, 0.0 ]
[ 349.0, 706.0, 0.0 ]
[ 393.0, 715.0, 0.0 ]
[ 423.0, 734.0, 0.0 ]
[ 395.0, 736.0, 0.0 ]
[ 348.0, 729.0, 0.0 ]
[ 305.0, 725.0, 0.0 ]
[ 366.0, 691.0, 0.0 ]
[ 378.0, 673.0, 0.0 ]
[ 308.0, 733.0, 0.0 ]
[ 346.0, 743.0, 0.0 ]
[ 392.0, 743.0, 0.0 ]
[ 380.0, 759.0, 0.0 ]
[ 370.0, 747.0, 0.0 ]
[ 334.0, 763.0, 0.0 ]
[ 289.0, 756.0, 0.0 ]
[ 356.0, 763.0, 0.0 ]
[ 355.0, 779.0, 0.0 ]
[ 322.0, 781.0, 0.0 ]
[ 270.0, 773.0, 0.0 ]
[ 234.0, 774.0, 0.0 ]
[ 372.0, 733.0, 0.0 ]
[ 373.0, 712.0, 0.0 ]
[ 311.0, 724.0, 0.0 ]
[ 387.0, 687.0, 0.0 ]
[ 366.0, 683.0, 0.0 ]
[ 338.0, 678.0, 0.0 ]
[ 387.0, 696.0, 0.0 ]
[ 287.0, 686.0, 0.0 ]
[ 380.0, 754.0, 0.0 ]
[ 363.0, 755.0, 0.0 ]
[ 342.0, 753.0, 0.0 ]
[ 317.0, 750.0, 0.0 ]
[ 321.0, 738.0, 0.0 ]
[ 278.0, 762.0, 0.0 ]
[ 313.0, 769.0, 0.0 ]
[ 316.0, 758.0, 0.0 ]
[ 334.0, 771.0, 0.0 ]
[ 357.0, 770.0, 0.0 ]
[ 366.0, 762.0, 0.0 ]
[ 222.0, 744.0, 0.0 ]
[ 193.0, 732.0, 0.0 ]
[ 176.0, 745.0, 0.0 ]
[ 169.0, 717.0, 0.0 ]
[ 208.0, 700.0, 0.0 ]
[ 330.0, 726.0, 0.0 ]
[ 334.0, 702.0, 0.0 ]
[ 453.0, 750.0, 0.0 ]
[ 444.0, 778.0, 0.0 ]
[ 432.0, 807.0, 0.0 ]
[ 429.0, 840.0, 0.0 ]
[ 420.0, 865.0, 0.0 ]
[ 422.0, 844.0, 0.0 ]
[ 457.0, 688.0, 0.0 ]
[ 479.0, 687.0, 0.0 ]
[ 494.0, 712.0, 0.0 ]
[ 483.0, 735.0, 0.0 ]
[ 467.0, 721.0, 0.0 ]
[ 451.0, 736.0, 0.0 ]
[ 393.0, 780.0, 0.0 ]
[ 422.0, 898.0, 0.0 ]
[ 428.0, 889.0, 0.0 ]
[ 445.0, 890.0, 0.0 ]
[ 441.0, 880.0, 0.0 ]
[ 450.0, 880.0, 0.0 ]
[ 446.0, 870.0, 0.0 ]
[ 437.0, 864.0, 0.0 ]
[ 438.0, 856.0, 0.0 ]
[ 404.0, 848.0, 0.0 ]
[ 410.0, 871.0, 0.0 ]
[ 399.0, 688.0, 0.0 ]
[ 334.0, 780.0, 0.0 ]
[ 381.0, 735.0, 0.0 ]
[ 381.0, 746.0, 0.0 ]
[ 392.0, 754.0, 0.0 ]
[ 407.0, 718.0, 0.0 ]
[ 409.0, 808.0, 0.0 ]
[ 422.0, 785.0, 0.0 ]
[ 293.0, 775.0, 0.0 ]
[ 277.0, 804.0, 0.0 ]
[ 224.0, 808.0, 0.0 ]
[ 161.0, 818.0, 0.0 ]
[ 141.0, 863.0, 0.0 ]
[ 171.0, 869.0, 0.0 ]
[ 223.0, 910.0, 0.0 ]
[ 382.0, 862.0, 0.0 ]
[ 205.0, 932.0, 0.0 ]
[ 101.0, 908.0, 0.0 ]
[ 99.0, 960.0, 0.0 ]
[ 565.0, 528.0, 0.0 ]
[ 596.0, 577.0, 0.0 ]
[ 606.0, 670.0, 0.0 ]
[ 609.0, 772.0, 0.0 ]
[ 589.0, 882.0, 0.0 ]
[ 571.0, 925.0, 0.0 ]
[ 565.0, 1010.0, 0.0 ]
[ 484.0, 1012.0, 0.0 ]
[ 342.0, 1009.0, 0.0 ]
[ 368.0, 198.0, 0.0 ]
[ 449.0, 315.0, 0.0 ]
[ 437.0, 315.0, 0.0 ]
[ 326.0, 912.0, 0.0 ]
[ 537.0, 558.0, 0.0 ]
[ 519.0, 629.0, 0.0 ]
[ 561.0, 679.0, 0.0 ]
[ 561.0, 758.0, 0.0 ]
[ 553.0, 831.0, 0.0 ]
[ 521.0, 914.0, 0.0 ]
[ 507.0, 927.0, 0.0 ]
[ 547.0, 743.0, 0.0 ]
[ 536.0, 830.0, 0.0 ]
[ 506.0, 904.0, 0.0 ]
[ 467.0, 939.0, 0.0 ]
[ 435.0, 920.0, 0.0 ]
[ 481.0, 762.0, 0.0 ]
[ 523.0, 725.0, 0.0 ]
[ 506.0, 717.0, 0.0 ]
[ 467.0, 760.0, 0.0 ]
[ 130.0, 898.0, 0.0 ]
[ 87.0, 915.0, 0.0 ]
[ 85.0, 940.0, 0.0 ]
[ 111.0, 944.0, 0.0 ]
[ 133.0, 987.0, 0.0 ]
[ 203.0, 983.0, 0.0 ]
[ 389.0, 830.0, 0.0 ]
[ 394.0, 861.0, 0.0 ]
[ 406.0, 891.0, 0.0 ]
[ 360.0, 884.0, 0.0 ]
[ 399.0, 882.0, 0.0 ]
[ 373.0, 892.0, 0.0 ]
[ 372.0, 939.0, 0.0 ]
[ 399.0, 991.0, 0.0 ]
[ 542.0, 796.0, 0.0 ]
[ 556.0, 796.0, 0.0 ]
[ 326.0, 452.0, 0.0 ]
[ 349.0, 457.0, 0.0 ]
[ 385.0, 445.0, 0.0 ]
[ 411.0, 426.0, 0.0 ]
[ 382.0, 457.0, 0.0 ]
[ 344.0, 468.0, 0.0 ]
[ 318.0, 460.0, 0.0 ]
[ 395.0, 547.0, 0.0 ]
[ 407.0, 507.0, 0.0 ]
[ 418.0, 468.0, 0.0 ]
[ 427.0, 436.0, 0.0 ]
[ 402.0, 444.0, 0.0 ]
[ 421.0, 422.0, 0.0 ]
[ 419.0, 438.0, 0.0 ]
[ 411.0, 462.0, 0.0 ]
[ 400.0, 494.0, 0.0 ]
[ 290.0, 475.0, 0.0 ]
[ 281.0, 519.0, 0.0 ]
[ 273.0, 563.0, 0.0 ]
[ 269.0, 596.0, 0.0 ]
[ 279.0, 599.0, 0.0 ]
[ 282.0, 565.0, 0.0 ]
[ 292.0, 519.0, 0.0 ]
[ 300.0, 475.0, 0.0 ]
[ 336.0, 515.0, 0.0 ]
[ 341.0, 413.0, 0.0 ]
[ 236.0, 475.0, 0.0 ]
[ 225.0, 514.0, 0.0 ]
[ 220.0, 577.0, 0.0 ]
[ 221.0, 610.0, 0.0 ]
[ 244.0, 521.0, 0.0 ]
[ 265.0, 621.0, 0.0 ]
[ 262.0, 649.0, 0.0 ]
[ 262.0, 663.0, 0.0 ]
[ 270.0, 641.0, 0.0 ]
[ 275.0, 622.0, 0.0 ]
[ 315.0, 627.0, 0.0 ]
[ 320.0, 605.0, 0.0 ]
[ 188.0, 600.0, 0.0 ]
[ 201.0, 677.0, 0.0 ]
[ 187.0, 549.0, 0.0 ]
[ 222.0, 552.0, 0.0 ]
[ 313.0, 661.0, 0.0 ]
[ 371.0, 652.0, 0.0 ]
[ 358.0, 631.0, 0.0 ]
[ 84.0, 866.0, 0.0 ]
[ 244.0, 848.0, 0.0 ]
[ 316.0, 873.0, 0.0 ]
[ 195.0, 843.0, 0.0 ]
[ 413.0, 436.0, 0.0 ]
[ 299.0, 712.0, 0.0 ]
[ 293.0, 740.0, 0.0 ]
[ 476.0, 707.0, 0.0 ]
[ 372.0, 635.0, 0.0 ]
[ 323.0, 715.0, 0.0 ]
[ 347.0, 719.0, 0.0 ]
[ 376.0, 725.0, 0.0 ]
[ 397.0, 728.0, 0.0 ]
[ 188.0, 777.0, 0.0 ]
[ 454.0, 995.0, 0.0 ]
[ 270.0, 663.0, 0.0 ]
[ 382.0, 305.0, 0.0 ]
[ 469.0, 248.0, 0.0 ]
[ 473.0, 247.0, 0.0 ]
[ 464.0, 263.0, 0.0 ]
[ 453.0, 257.0, 0.0 ]
[ 437.0, 148.0, 0.0 ]
[ 435.0, 162.0, 0.0 ]
[ 9.0, 380.0, 0.0 ]
