700 596
[ 0.0, 0.0, 0.0 ]
[ 700.0, 0.0, 0.0 ]
[ 700.0, 596.0, 0.0 ]
[ 0.0, 596.0, 0.0 ]
[ 427.0, 118.0, 0.0 ]
[ 467.0, 120.0, 0.0 ]
[ 413.0, 125.0, 0.0 ]
[ 377.0, 129.0, 0.0 ]
[ 324.0, 160.0, 0.0 ]
[ 285.0, 202.0, 0.0 ]
[ 260.0, 262.0, 0.0 ]
[ 252.0, 345.0, 0.0 ]
[ 293.0, 438.0, 0.0 ]
[ 344.0, 486.0, 0.0 ]
[ 318.0, 454.0, 0.0 ]
[ 281.0, 403.0, 0.0 ]
[ 267.0, 300.0, 0.0 ]
[ 283.0, 235.0, 0.0 ]
[ 313.0, 189.0, 0.0 ]
[ 359.0, 148.0, 0.0 ]
[ 384.0, 145.0, 0.0 ]
[ 376.0, 161.0, 0.0 ]
[ 344.0, 214.0, 0.0 ]
[ 338.0, 189.0, 0.0 ]
[ 321.0, 220.0, 0.0 ]
[ 330.0, 266.0, 0.0 ]
[ 380.0, 200.0, 0.0 ]
[ 403.0, 213.0, 0.0 ]
[ 306.0, 177.0, 0.0 ]
[ 296.0, 207.0, 0.0 ]
[ 334.0, 165.0, 0.0 ]
[ 380.0, 135.0, 0.0 ]
[ 273.0, 265.0, 0.0 ]
[ 261.0, 387.0, 0.0 ]
[ 425.0, 261.0, 0.0 ]
[ 430.0, 299.0, 0.0 ]
[ 394.0, 306.0, 0.0 ]
[ 359.0, 304.0, 0.0 ]
[ 328.0, 302.0, 0.0 ]
[ 300.0, 295.0, 0.0 ]
[ 305.0, 247.0, 0.0 ]
[ 338.0, 239.0, 0.0 ]
[ 371.0, 257.0, 0.0 ]
[ 396.0, 272.0, 0.0 ]
[ 373.0, 230.0, 0.0 ]
[ 396.0, 245.0, 0.0 ]
[ 364.0, 181.0, 0.0 ]
[ 368.0, 153.0, 0.0 ]
[ 350.0, 168.0, 0.0 ]
[ 402.0, 158.0, 0.0 ]
[ 410.0, 183.0, 0.0 ]
[ 393.0, 174.0, 0.0 ]
[ 266.0, 336.0, 0.0 ]
[ 293.0, 331.0, 0.0 ]
[ 326.0, 330.0, 0.0 ]
[ 365.0, 330.0, 0.0 ]
[ 390.0, 329.0, 0.0 ]
[ 431.0, 330.0, 0.0 ]
[ 270.0, 378.0, 0.0 ]
[ 300.0, 371.0, 0.0 ]
[ 329.0, 366.0, 0.0 ]
[ 367.0, 366.0, 0.0 ]
[ 432.0, 184.0, 0.0 ]
[ 458.0, 183.0, 0.0 ]
[ 481.0, 181.0, 0.0 ]
[ 504.0, 178.0, 0.0 ]
[ 525.0, 172.0, 0.0 ]
[ 540.0, 167.0, 0.0 ]
[ 546.0, 157.0, 0.0 ]
[ 549.0, 148.0, 0.0 ]
[ 438.0, 216.0, 0.0 ]
[ 461.0, 217.0, 0.0 ]
[ 492.0, 214.0, 0.0 ]
[ 512.0, 209.0, 0.0 ]
[ 542.0, 204.0, 0.0 ]
[ 562.0, 198.0, 0.0 ]
[ 578.0, 183.0, 0.0 ]
[ 582.0, 173.0, 0.0 ]
[ 462.0, 260.0, 0.0 ]
[ 502.0, 254.0, 0.0 ]
[ 522.0, 249.0, 0.0 ]
[ 548.0, 241.0, 0.0 ]
[ 576.0, 234.0, 0.0 ]
[ 602.0, 224.0, 0.0 ]
[ 613.0, 215.0, 0.0 ]
[ 461.0, 304.0, 0.0 ]
[ 503.0, 302.0, 0.0 ]
[ 530.0, 291.0, 0.0 ]
[ 566.0, 281.0, 0.0 ]
[ 595.0, 266.0, 0.0 ]
[ 621.0, 252.0, 0.0 ]
[ 628.0, 246.0, 0.0 ]
[ 463.0, 337.0, 0.0 ]
[ 500.0, 337.0, 0.0 ]
[ 529.0, 333.0, 0.0 ]
[ 563.0, 327.0, 0.0 ]
[ 594.0, 320.0, 0.0 ]
[ 630.0, 312.0, 0.0 ]
[ 639.0, 308.0, 0.0 ]
[ 389.0, 364.0, 0.0 ]
[ 424.0, 361.0, 0.0 ]
[ 465.0, 363.0, 0.0 ]
[ 499.0, 360.0, 0.0 ]
[ 525.0, 361.0, 0.0 ]
[ 565.0, 363.0, 0.0 ]
[ 592.0, 364.0, 0.0 ]
[ 622.0, 367.0, 0.0 ]
[ 633.0, 372.0, 0.0 ]
[ 274.0, 412.0, 0.0 ]
[ 308.0, 398.0, 0.0 ]
[ 335.0, 392.0, 0.0 ]
[ 369.0, 389.0, 0.0 ]
[ 394.0, 389.0, 0.0 ]
[ 431.0, 393.0, 0.0 ]
[ 463.0, 391.0, 0.0 ]
[ 500.0, 392.0, 0.0 ]
[ 521.0, 391.0, 0.0 ]
[ 555.0, 393.0, 0.0 ]
[ 582.0, 396.0, 0.0 ]
[ 621.0, 405.0, 0.0 ]
[ 610.0, 401.0, 0.0 ]
[ 299.0, 434.0, 0.0 ]
[ 321.0, 427.0, 0.0 ]
[ 345.0, 423.0, 0.0 ]
[ 373.0, 419.0, 0.0 ]
[ 402.0, 417.0, 0.0 ]
[ 435.0, 417.0, 0.0 ]
[ 462.0, 419.0, 0.0 ]
[ 492.0, 420.0, 0.0 ]
[ 514.0, 420.0, 0.0 ]
[ 546.0, 427.0, 0.0 ]
[ 564.0, 432.0, 0.0 ]
[ 586.0, 441.0, 0.0 ]
[ 593.0, 447.0, 0.0 ]
[ 313.0, 460.0, 0.0 ]
[ 333.0, 448.0, 0.0 ]
[ 356.0, 447.0, 0.0 ]
[ 382.0, 443.0, 0.0 ]
[ 406.0, 443.0, 0.0 ]
[ 434.0, 444.0, 0.0 ]
[ 462.0, 446.0, 0.0 ]
[ 486.0, 450.0, 0.0 ]
[ 503.0, 454.0, 0.0 ]
[ 529.0, 461.0, 0.0 ]
[ 544.0, 467.0, 0.0 ]
[ 561.0, 468.0, 0.0 ]
[ 564.0, 474.0, 0.0 ]
[ 447.0, 516.0, 0.0 ]
[ 361.0, 476.0, 0.0 ]
[ 375.0, 476.0, 0.0 ]
[ 398.0, 472.0, 0.0 ]
[ 409.0, 471.0, 0.0 ]
[ 440.0, 472.0, 0.0 ]
[ 455.0, 470.0, 0.0 ]
[ 483.0, 476.0, 0.0 ]
[ 491.0, 479.0, 0.0 ]
[ 513.0, 485.0, 0.0 ]
[ 521.0, 486.0, 0.0 ]
[ 534.0, 494.0, 0.0 ]
[ 376.0, 500.0, 0.0 ]
[ 394.0, 494.0, 0.0 ]
[ 380.0, 495.0, 0.0 ]
[ 413.0, 495.0, 0.0 ]
[ 422.0, 493.0, 0.0 ]
[ 441.0, 493.0, 0.0 ]
[ 452.0, 492.0, 0.0 ]
[ 471.0, 493.0, 0.0 ]
[ 480.0, 502.0, 0.0 ]
[ 497.0, 501.0, 0.0 ]
[ 414.0, 162.0, 0.0 ]
[ 436.0, 163.0, 0.0 ]
[ 458.0, 161.0, 0.0 ]
[ 477.0, 156.0, 0.0 ]
[ 492.0, 154.0, 0.0 ]
[ 500.0, 145.0, 0.0 ]
[ 502.0, 125.0, 0.0 ]
[ 400.0, 126.0, 0.0 ]
[ 411.0, 143.0, 0.0 ]
[ 422.0, 145.0, 0.0 ]
[ 437.0, 149.0, 0.0 ]
[ 454.0, 149.0, 0.0 ]
[ 476.0, 143.0, 0.0 ]
[ 488.0, 135.0, 0.0 ]
[ 488.0, 124.0, 0.0 ]
[ 476.0, 125.0, 0.0 ]
[ 453.0, 142.0, 0.0 ]
[ 423.0, 137.0, 0.0 ]
[ 430.0, 127.0, 0.0 ]
[ 447.0, 129.0, 0.0 ]
[ 447.0, 112.0, 0.0 ]
[ 462.0, 128.0, 0.0 ]
[ 474.0, 136.0, 0.0 ]
[ 514.0, 135.0, 0.0 ]
[ 509.0, 141.0, 0.0 ]
[ 516.0, 131.0, 0.0 ]
[ 498.0, 135.0, 0.0 ]
[ 538.0, 151.0, 0.0 ]
[ 531.0, 155.0, 0.0 ]
[ 633.0, 269.0, 0.0 ]
[ 433.0, 509.0, 0.0 ]
[ 467.0, 510.0, 0.0 ]
[ 362.0, 463.0, 0.0 ]
[ 353.0, 464.0, 0.0 ]
[ 2.0, 334.0, 0.0 ]
