610 1020
[ 0.0, 0.0, 0.0 ]
[ 610.0, 0.0, 0.0 ]
[ 610.0, 1020.0, 0.0 ]
[ 0.0, 1020.0, 0.0 ]
[ 124.0, 267.0, 0.0 ]
[ 102.0, 217.0, 0.0 ]
[ 52.0, 146.0, 0.0 ]
[ 58.0, 139.0, 0.0 ]
[ 120.0, 169.0, 0.0 ]
[ 146.0, 194.0, 0.0 ]
[ 80.0, 306.0, 0.0 ]
[ 46.0, 362.0, 0.0 ]
[ 21.0, 393.0, 0.0 ]
[ 20.0, 411.0, 0.0 ]
[ 64.0, 385.0, 0.0 ]
[ 89.0, 356.0, 0.0 ]
[ 119.0, 357.0, 0.0 ]
[ 139.0, 382.0, 0.0 ]
[ 165.0, 385.0, 0.0 ]
[ 177.0, 369.0, 0.0 ]
[ 200.0, 347.0, 0.0 ]
[ 204.0, 318.0, 0.0 ]
[ 186.0, 285.0, 0.0 ]
[ 185.0, 257.0, 0.0 ]
[ 174.0, 245.0, 0.0 ]
[ 157.0, 246.0, 0.0 ]
[ 183.0, 379.0, 0.0 ]
[ 175.0, 454.0, 0.0 ]
[ 145.0, 507.0, 0.0 ]
[ 146.0, 634.0, 0.0 ]
[ 127.0, 569.0, 0.0 ]
[ 167.0, 156.0, 0.0 ]
[ 196.0, 128.0, 0.0 ]
[ 231.0, 114.0, 0.0 ]
[ 247.0, 102.0, 0.0 ]
[ 267.0, 109.0, 0.0 ]
[ 267.0, 123.0, 0.0 ]
[ 291.0, 126.0, 0.0 ]
[ 290.0, 149.0, 0.0 ]
[ 297.0, 165.0, 0.0 ]
[ 124.0, 646.0, 0.0 ]
[ 107.0, 655.0, 0.0 ]
[ 134.0, 662.0, 0.0 ]
[ 152.0, 663.0, 0.0 ]
[ 110.0, 661.0, 0.0 ]
[ 114.0, 667.0, 0.0 ]
[ 127.0, 655.0, 0.0 ]
[ 135.0, 651.0, 0.0 ]
[ 178.0, 750.0, 0.0 ]
[ 161.0, 795.0, 0.0 ]
[ 156.0, 850.0, 0.0 ]
[ 176.0, 927.0, 0.0 ]
[ 177.0, 963.0, 0.0 ]
[ 191.0, 971.0, 0.0 ]
[ 174.0, 988.0, 0.0 ]
[ 185.0, 997.0, 0.0 ]
[ 211.0, 1005.0, 0.0 ]
[ 206.0, 991.0, 0.0 ]
[ 216.0, 989.0, 0.0 ]
[ 220.0, 1006.0, 0.0 ]
[ 233.0, 1005.0, 0.0 ]
[ 229.0, 989.0, 0.0 ]
[ 242.0, 990.0, 0.0 ]
[ 245.0, 1006.0, 0.0 ]
[ 249.0, 1004.0, 0.0 ]
[ 268.0, 1001.0, 0.0 ]
[ 260.0, 990.0, 0.0 ]
[ 249.0, 986.0, 0.0 ]
[ 226.0, 958.0, 0.0 ]
[ 225.0, 939.0, 0.0 ]
[ 218.0, 927.0, 0.0 ]
[ 222.0, 875.0, 0.0 ]
[ 229.0, 838.0, 0.0 ]
[ 230.0, 794.0, 0.0 ]
[ 242.0, 766.0, 0.0 ]
[ 245.0, 726.0, 0.0 ]
[ 241.0, 611.0, 0.0 ]
[ 249.0, 620.0, 0.0 ]
[ 258.0, 612.0, 0.0 ]
[ 253.0, 602.0, 0.0 ]
[ 262.0, 616.0, 0.0 ]
[ 265.0, 603.0, 0.0 ]
[ 236.0, 594.0, 0.0 ]
[ 228.0, 574.0, 0.0 ]
[ 234.0, 572.0, 0.0 ]
[ 196.0, 515.0, 0.0 ]
[ 260.0, 589.0, 0.0 ]
[ 274.0, 570.0, 0.0 ]
[ 242.0, 637.0, 0.0 ]
[ 297.0, 658.0, 0.0 ]
[ 284.0, 641.0, 0.0 ]
[ 264.0, 628.0, 0.0 ]
[ 262.0, 663.0, 0.0 ]
[ 292.0, 683.0, 0.0 ]
[ 332.0, 690.0, 0.0 ]
[ 367.0, 678.0, 0.0 ]
[ 380.0, 643.0, 0.0 ]
[ 366.0, 608.0, 0.0 ]
[ 347.0, 582.0, 0.0 ]
[ 307.0, 543.0, 0.0 ]
[ 283.0, 570.0, 0.0 ]
[ 325.0, 471.0, 0.0 ]
[ 327.0, 442.0, 0.0 ]
[ 336.0, 455.0, 0.0 ]
[ 324.0, 393.0, 0.0 ]
[ 289.0, 385.0, 0.0 ]
[ 245.0, 362.0, 0.0 ]
[ 303.0, 174.0, 0.0 ]
[ 295.0, 179.0, 0.0 ]
[ 306.0, 182.0, 0.0 ]
[ 331.0, 192.0, 0.0 ]
[ 326.0, 203.0, 0.0 ]
[ 321.0, 195.0, 0.0 ]
[ 332.0, 206.0, 0.0 ]
[ 326.0, 212.0, 0.0 ]
[ 333.0, 221.0, 0.0 ]
[ 334.0, 212.0, 0.0 ]
[ 333.0, 246.0, 0.0 ]
[ 300.0, 283.0, 0.0 ]
[ 304.0, 303.0, 0.0 ]
[ 297.0, 313.0, 0.0 ]
[ 376.0, 401.0, 0.0 ]
[ 417.0, 394.0, 0.0 ]
[ 459.0, 368.0, 0.0 ]
[ 453.0, 374.0, 0.0 ]
[ 463.0, 383.0, 0.0 ]
[ 466.0, 364.0, 0.0 ]
[ 475.0, 341.0, 0.0 ]
[ 481.0, 329.0, 0.0 ]
[ 473.0, 323.0, 0.0 ]
[ 457.0, 310.0, 0.0 ]
[ 446.0, 311.0, 0.0 ]
[ 449.0, 330.0, 0.0 ]
[ 434.0, 331.0, 0.0 ]
[ 422.0, 354.0, 0.0 ]
[ 390.0, 380.0, 0.0 ]
[ 366.0, 383.0, 0.0 ]
[ 335.0, 360.0, 0.0 ]
[ 274.0, 137.0, 0.0 ]
[ 262.0, 142.0, 0.0 ]
[ 264.0, 193.0, 0.0 ]
[ 252.0, 196.0, 0.0 ]
[ 239.0, 197.0, 0.0 ]
[ 234.0, 212.0, 0.0 ]
[ 244.0, 229.0, 0.0 ]
[ 269.0, 233.0, 0.0 ]
[ 274.0, 222.0, 0.0 ]
[ 261.0, 214.0, 0.0 ]
[ 237.0, 244.0, 0.0 ]
[ 240.0, 263.0, 0.0 ]
[ 208.0, 288.0, 0.0 ]
[ 240.0, 319.0, 0.0 ]
[ 290.0, 355.0, 0.0 ]
[ 163.0, 553.0, 0.0 ]
[ 226.0, 404.0, 0.0 ]
[ 302.0, 461.0, 0.0 ]
[ 306.0, 492.0, 0.0 ]
[ 301.0, 509.0, 0.0 ]
[ 308.0, 511.0, 0.0 ]
[ 199.0, 648.0, 0.0 ]
[ 204.0, 731.0, 0.0 ]
[ 188.0, 790.0, 0.0 ]
[ 179.0, 853.0, 0.0 ]
[ 195.0, 922.0, 0.0 ]
[ 225.0, 781.0, 0.0 ]
[ 215.0, 814.0, 0.0 ]
[ 209.0, 860.0, 0.0 ]
[ 339.0, 629.0, 0.0 ]
[ 165.0, 258.0, 0.0 ]
[ 126.0, 283.0, 0.0 ]
[ 88.0, 316.0, 0.0 ]
[ 55.0, 363.0, 0.0 ]
[ 173.0, 296.0, 0.0 ]
[ 281.0, 171.0, 0.0 ]
[ 292.0, 209.0, 0.0 ]
[ 246.0, 588.0, 0.0 ]
[ 242.0, 657.0, 0.0 ]
[ 316.0, 116.0, 0.0 ]
[ 342.0, 90.0, 0.0 ]
[ 367.0, 73.0, 0.0 ]
[ 385.0, 66.0, 0.0 ]
[ 395.0, 77.0, 0.0 ]
[ 403.0, 71.0, 0.0 ]
[ 418.0, 88.0, 0.0 ]
[ 429.0, 84.0, 0.0 ]
[ 439.0, 97.0, 0.0 ]
[ 433.0, 109.0, 0.0 ]
[ 449.0, 133.0, 0.0 ]
[ 450.0, 156.0, 0.0 ]
[ 444.0, 186.0, 0.0 ]
[ 427.0, 214.0, 0.0 ]
[ 412.0, 232.0, 0.0 ]
[ 403.0, 230.0, 0.0 ]
[ 397.0, 240.0, 0.0 ]
[ 433.0, 263.0, 0.0 ]
[ 464.0, 238.0, 0.0 ]
[ 493.0, 223.0, 0.0 ]
[ 529.0, 222.0, 0.0 ]
[ 546.0, 230.0, 0.0 ]
[ 552.0, 254.0, 0.0 ]
[ 534.0, 267.0, 0.0 ]
[ 522.0, 301.0, 0.0 ]
[ 504.0, 318.0, 0.0 ]
[ 512.0, 337.0, 0.0 ]
[ 500.0, 366.0, 0.0 ]
[ 476.0, 378.0, 0.0 ]
[ 484.0, 417.0, 0.0 ]
[ 456.0, 389.0, 0.0 ]
[ 503.0, 469.0, 0.0 ]
[ 513.0, 529.0, 0.0 ]
[ 499.0, 584.0, 0.0 ]
[ 477.0, 634.0, 0.0 ]
[ 501.0, 598.0, 0.0 ]
[ 515.0, 635.0, 0.0 ]
[ 514.0, 668.0, 0.0 ]
[ 497.0, 664.0, 0.0 ]
[ 482.0, 668.0, 0.0 ]
[ 442.0, 684.0, 0.0 ]
[ 389.0, 651.0, 0.0 ]
[ 406.0, 681.0, 0.0 ]
[ 389.0, 615.0, 0.0 ]
[ 425.0, 577.0, 0.0 ]
[ 433.0, 532.0, 0.0 ]
[ 346.0, 478.0, 0.0 ]
[ 336.0, 505.0, 0.0 ]
[ 318.0, 500.0, 0.0 ]
[ 313.0, 526.0, 0.0 ]
[ 347.0, 551.0, 0.0 ]
[ 358.0, 512.0, 0.0 ]
[ 360.0, 482.0, 0.0 ]
[ 374.0, 469.0, 0.0 ]
[ 420.0, 470.0, 0.0 ]
[ 436.0, 492.0, 0.0 ]
[ 452.0, 505.0, 0.0 ]
[ 478.0, 489.0, 0.0 ]
[ 495.0, 447.0, 0.0 ]
[ 396.0, 441.0, 0.0 ]
[ 392.0, 452.0, 0.0 ]
[ 423.0, 649.0, 0.0 ]
[ 409.0, 592.0, 0.0 ]
[ 403.0, 504.0, 0.0 ]
[ 381.0, 568.0, 0.0 ]
[ 488.0, 518.0, 0.0 ]
[ 464.0, 565.0, 0.0 ]
[ 439.0, 621.0, 0.0 ]
[ 415.0, 596.0, 0.0 ]
[ 434.0, 431.0, 0.0 ]
[ 475.0, 251.0, 0.0 ]
[ 439.0, 274.0, 0.0 ]
[ 510.0, 232.0, 0.0 ]
[ 536.0, 239.0, 0.0 ]
[ 265.0, 852.0, 0.0 ]
[ 68.0, 968.0, 0.0 ]
[ 361.0, 131.0, 0.0 ]
[ 332.0, 144.0, 0.0 ]
[ 317.0, 181.0, 0.0 ]
[ 400.0, 145.0, 0.0 ]
[ 424.0, 173.0, 0.0 ]
[ 418.0, 208.0, 0.0 ]
[ 422.0, 198.0, 0.0 ]
[ 430.0, 208.0, 0.0 ]
[ 363.0, 180.0, 0.0 ]
[ 333.0, 169.0, 0.0 ]
[ 350.0, 168.0, 0.0 ]
[ 383.0, 187.0, 0.0 ]
[ 404.0, 188.0, 0.0 ]
[ 374.0, 195.0, 0.0 ]
[ 359.0, 187.0, 0.0 ]
[ 350.0, 188.0, 0.0 ]
[ 334.0, 182.0, 0.0 ]
[ 340.0, 191.0, 0.0 ]
[ 348.0, 193.0, 0.0 ]
[ 390.0, 204.0, 0.0 ]
[ 406.0, 206.0, 0.0 ]
[ 395.0, 212.0, 0.0 ]
[ 383.0, 207.0, 0.0 ]
[ 370.0, 209.0, 0.0 ]
[ 374.0, 224.0, 0.0 ]
[ 365.0, 227.0, 0.0 ]
[ 351.0, 221.0, 0.0 ]
[ 350.0, 211.0, 0.0 ]
[ 357.0, 214.0, 0.0 ]
[ 341.0, 232.0, 0.0 ]
[ 354.0, 230.0, 0.0 ]
[ 371.0, 240.0, 0.0 ]
[ 354.0, 243.0, 0.0 ]
[ 341.0, 262.0, 0.0 ]
[ 384.0, 254.0, 0.0 ]
[ 375.0, 318.0, 0.0 ]
[ 340.0, 294.0, 0.0 ]
[ 354.0, 292.0, 0.0 ]
[ 371.0, 278.0, 0.0 ]
[ 367.0, 275.0, 0.0 ]
[ 347.0, 277.0, 0.0 ]
[ 331.0, 275.0, 0.0 ]
[ 367.0, 259.0, 0.0 ]
[ 309.0, 281.0, 0.0 ]
[ 367.0, 289.0, 0.0 ]
[ 380.0, 289.0, 0.0 ]
[ 380.0, 295.0, 0.0 ]
[ 357.0, 307.0, 0.0 ]
[ 377.0, 305.0, 0.0 ]
[ 390.0, 348.0, 0.0 ]
[ 368.0, 298.0, 0.0 ]
[ 309.0, 229.0, 0.0 ]
[ 307.0, 147.0, 0.0 ]
[ 360.0, 283.0, 0.0 ]
[ 344.0, 283.0, 0.0 ]
[ 401.0, 280.0, 0.0 ]
[ 344.0, 323.0, 0.0 ]
[ 391.0, 166.0, 0.0 ]
[ 532.0, 432.0, 0.0 ]
[ 555.0, 482.0, 0.0 ]
[ 530.0, 578.0, 0.0 ]
[ 557.0, 643.0, 0.0 ]
[ 537.0, 672.0, 0.0 ]
[ 500.0, 255.0, 0.0 ]
[ 478.0, 305.0, 0.0 ]
[ 517.0, 251.0, 0.0 ]
[ 384.0, 445.0, 0.0 ]
[ 287.0, 375.0, 0.0 ]
[ 330.0, 387.0, 0.0 ]
[ 248.0, 357.0, 0.0 ]
[ 421.0, 305.0, 0.0 ]
[ 328.0, 162.0, 0.0 ]
[ 254.0, 220.0, 0.0 ]
[ 352.0, 728.0, 0.0 ]
[ 322.0, 338.0, 0.0 ]
[ 303.0, 255.0, 0.0 ]
[ 255.0, 282.0, 0.0 ]
[ 6.0, 631.0, 0.0 ]
