640 774
[ 0.0, 0.0, 0.0 ]
[ 640.0, 0.0, 0.0 ]
[ 640.0, 774.0, 0.0 ]
[ 0.0, 774.0, 0.0 ]
[ 211.0, 281.0, 0.0 ]
[ 207.0, 287.0, 0.0 ]
[ 210.0, 295.0, 0.0 ]
[ 218.0, 295.0, 0.0 ]
[ 221.0, 289.0, 0.0 ]
[ 219.0, 283.0, 0.0 ]
[ 213.0, 286.0, 0.0 ]
[ 283.0, 294.0, 0.0 ]
[ 282.0, 301.0, 0.0 ]
[ 284.0, 310.0, 0.0 ]
[ 293.0, 311.0, 0.0 ]
[ 299.0, 308.0, 0.0 ]
[ 300.0, 303.0, 0.0 ]
[ 292.0, 296.0, 0.0 ]
[ 287.0, 299.0, 0.0 ]
[ 295.0, 304.0, 0.0 ]
[ 228.0, 399.0, 0.0 ]
[ 254.0, 406.0, 0.0 ]
[ 242.0, 401.0, 0.0 ]
[ 239.0, 406.0, 0.0 ]
[ 225.0, 368.0, 0.0 ]
[ 231.0, 363.0, 0.0 ]
[ 238.0, 374.0, 0.0 ]
[ 393.0, 386.0, 0.0 ]
[ 399.0, 385.0, 0.0 ]
[ 394.0, 407.0, 0.0 ]
[ 398.0, 406.0, 0.0 ]
[ 415.0, 379.0, 0.0 ]
[ 425.0, 365.0, 0.0 ]
[ 414.0, 348.0, 0.0 ]
[ 391.0, 374.0, 0.0 ]
[ 379.0, 379.0, 0.0 ]
[ 400.0, 359.0, 0.0 ]
[ 410.0, 370.0, 0.0 ]
[ 387.0, 410.0, 0.0 ]
[ 383.0, 419.0, 0.0 ]
[ 384.0, 430.0, 0.0 ]
[ 392.0, 438.0, 0.0 ]
[ 401.0, 438.0, 0.0 ]
[ 412.0, 433.0, 0.0 ]
[ 415.0, 422.0, 0.0 ]
[ 409.0, 409.0, 0.0 ]
[ 408.0, 423.0, 0.0 ]
[ 398.0, 417.0, 0.0 ]
[ 217.0, 398.0, 0.0 ]
[ 211.0, 390.0, 0.0 ]
[ 226.0, 389.0, 0.0 ]
[ 243.0, 394.0, 0.0 ]
[ 272.0, 403.0, 0.0 ]
[ 263.0, 410.0, 0.0 ]
[ 254.0, 428.0, 0.0 ]
[ 236.0, 425.0, 0.0 ]
[ 222.0, 422.0, 0.0 ]
[ 215.0, 409.0, 0.0 ]
[ 226.0, 411.0, 0.0 ]
[ 244.0, 417.0, 0.0 ]
[ 212.0, 363.0, 0.0 ]
[ 211.0, 350.0, 0.0 ]
[ 219.0, 328.0, 0.0 ]
[ 224.0, 305.0, 0.0 ]
[ 226.0, 281.0, 0.0 ]
[ 217.0, 266.0, 0.0 ]
[ 202.0, 261.0, 0.0 ]
[ 190.0, 264.0, 0.0 ]
[ 198.0, 293.0, 0.0 ]
[ 200.0, 283.0, 0.0 ]
[ 205.0, 279.0, 0.0 ]
[ 190.0, 312.0, 0.0 ]
[ 190.0, 342.0, 0.0 ]
[ 198.0, 377.0, 0.0 ]
[ 208.0, 407.0, 0.0 ]
[ 221.0, 446.0, 0.0 ]
[ 250.0, 460.0, 0.0 ]
[ 274.0, 460.0, 0.0 ]
[ 289.0, 455.0, 0.0 ]
[ 308.0, 485.0, 0.0 ]
[ 262.0, 369.0, 0.0 ]
[ 259.0, 357.0, 0.0 ]
[ 252.0, 339.0, 0.0 ]
[ 252.0, 314.0, 0.0 ]
[ 259.0, 291.0, 0.0 ]
[ 272.0, 281.0, 0.0 ]
[ 291.0, 285.0, 0.0 ]
[ 307.0, 296.0, 0.0 ]
[ 318.0, 303.0, 0.0 ]
[ 323.0, 287.0, 0.0 ]
[ 271.0, 294.0, 0.0 ]
[ 272.0, 303.0, 0.0 ]
[ 305.0, 314.0, 0.0 ]
[ 295.0, 318.0, 0.0 ]
[ 277.0, 316.0, 0.0 ]
[ 266.0, 299.0, 0.0 ]
[ 248.0, 270.0, 0.0 ]
[ 227.0, 292.0, 0.0 ]
[ 240.0, 290.0, 0.0 ]
[ 227.0, 351.0, 0.0 ]
[ 217.0, 359.0, 0.0 ]
[ 248.0, 355.0, 0.0 ]
[ 277.0, 269.0, 0.0 ]
[ 307.0, 276.0, 0.0 ]
[ 337.0, 315.0, 0.0 ]
[ 326.0, 316.0, 0.0 ]
[ 339.0, 336.0, 0.0 ]
[ 205.0, 227.0, 0.0 ]
[ 306.0, 356.0, 0.0 ]
[ 294.0, 401.0, 0.0 ]
[ 293.0, 427.0, 0.0 ]
[ 325.0, 384.0, 0.0 ]
[ 327.0, 421.0, 0.0 ]
[ 364.0, 398.0, 0.0 ]
[ 368.0, 421.0, 0.0 ]
[ 222.0, 216.0, 0.0 ]
[ 252.0, 220.0, 0.0 ]
[ 294.0, 241.0, 0.0 ]
[ 337.0, 272.0, 0.0 ]
[ 373.0, 308.0, 0.0 ]
[ 395.0, 328.0, 0.0 ]
[ 236.0, 318.0, 0.0 ]
[ 313.0, 447.0, 0.0 ]
[ 201.0, 218.0, 0.0 ]
[ 219.0, 184.0, 0.0 ]
[ 251.0, 147.0, 0.0 ]
[ 306.0, 129.0, 0.0 ]
[ 350.0, 131.0, 0.0 ]
[ 395.0, 149.0, 0.0 ]
[ 436.0, 181.0, 0.0 ]
[ 472.0, 220.0, 0.0 ]
[ 219.0, 208.0, 0.0 ]
[ 255.0, 204.0, 0.0 ]
[ 300.0, 224.0, 0.0 ]
[ 321.0, 239.0, 0.0 ]
[ 337.0, 227.0, 0.0 ]
[ 398.0, 220.0, 0.0 ]
[ 270.0, 173.0, 0.0 ]
[ 313.0, 254.0, 0.0 ]
[ 391.0, 450.0, 0.0 ]
[ 357.0, 456.0, 0.0 ]
[ 332.0, 469.0, 0.0 ]
[ 345.0, 437.0, 0.0 ]
[ 425.0, 438.0, 0.0 ]
[ 452.0, 431.0, 0.0 ]
[ 490.0, 434.0, 0.0 ]
[ 492.0, 451.0, 0.0 ]
[ 441.0, 454.0, 0.0 ]
[ 398.0, 468.0, 0.0 ]
[ 358.0, 481.0, 0.0 ]
[ 323.0, 503.0, 0.0 ]
[ 278.0, 542.0, 0.0 ]
[ 284.0, 512.0, 0.0 ]
[ 391.0, 419.0, 0.0 ]
[ 402.0, 428.0, 0.0 ]
[ 318.0, 118.0, 0.0 ]
[ 340.0, 114.0, 0.0 ]
[ 352.0, 99.0, 0.0 ]
[ 376.0, 86.0, 0.0 ]
[ 410.0, 86.0, 0.0 ]
[ 444.0, 96.0, 0.0 ]
[ 479.0, 119.0, 0.0 ]
[ 509.0, 154.0, 0.0 ]
[ 513.0, 194.0, 0.0 ]
[ 492.0, 178.0, 0.0 ]
[ 505.0, 175.0, 0.0 ]
[ 422.0, 126.0, 0.0 ]
[ 367.0, 108.0, 0.0 ]
[ 472.0, 162.0, 0.0 ]
[ 479.0, 281.0, 0.0 ]
[ 485.0, 359.0, 0.0 ]
[ 435.0, 390.0, 0.0 ]
[ 446.0, 417.0, 0.0 ]
[ 465.0, 345.0, 0.0 ]
[ 484.0, 314.0, 0.0 ]
[ 487.0, 407.0, 0.0 ]
[ 496.0, 507.0, 0.0 ]
[ 498.0, 559.0, 0.0 ]
[ 524.0, 557.0, 0.0 ]
[ 548.0, 547.0, 0.0 ]
[ 551.0, 618.0, 0.0 ]
[ 524.0, 620.0, 0.0 ]
[ 498.0, 618.0, 0.0 ]
[ 474.0, 187.0, 0.0 ]
[ 478.0, 152.0, 0.0 ]
[ 489.0, 205.0, 0.0 ]
[ 491.0, 257.0, 0.0 ]
[ 474.0, 240.0, 0.0 ]
[ 494.0, 315.0, 0.0 ]
[ 511.0, 457.0, 0.0 ]
[ 523.0, 529.0, 0.0 ]
[ 506.0, 201.0, 0.0 ]
[ 512.0, 261.0, 0.0 ]
[ 518.0, 323.0, 0.0 ]
[ 537.0, 476.0, 0.0 ]
[ 530.0, 487.0, 0.0 ]
[ 527.0, 460.0, 0.0 ]
[ 517.0, 420.0, 0.0 ]
[ 511.0, 388.0, 0.0 ]
[ 486.0, 340.0, 0.0 ]
[ 195.0, 278.0, 0.0 ]
[ 197.0, 300.0, 0.0 ]
[ 527.0, 210.0, 0.0 ]
[ 545.0, 289.0, 0.0 ]
[ 560.0, 378.0, 0.0 ]
[ 591.0, 458.0, 0.0 ]
[ 611.0, 540.0, 0.0 ]
[ 616.0, 579.0, 0.0 ]
[ 577.0, 587.0, 0.0 ]
[ 552.0, 585.0, 0.0 ]
[ 546.0, 521.0, 0.0 ]
[ 572.0, 517.0, 0.0 ]
[ 601.0, 505.0, 0.0 ]
[ 565.0, 477.0, 0.0 ]
[ 554.0, 414.0, 0.0 ]
[ 549.0, 377.0, 0.0 ]
[ 532.0, 313.0, 0.0 ]
[ 524.0, 265.0, 0.0 ]
[ 517.0, 220.0, 0.0 ]
[ 490.0, 234.0, 0.0 ]
[ 506.0, 220.0, 0.0 ]
[ 514.0, 298.0, 0.0 ]
[ 528.0, 293.0, 0.0 ]
[ 522.0, 362.0, 0.0 ]
[ 524.0, 398.0, 0.0 ]
[ 490.0, 287.0, 0.0 ]
[ 529.0, 423.0, 0.0 ]
[ 523.0, 445.0, 0.0 ]
[ 534.0, 454.0, 0.0 ]
[ 544.0, 502.0, 0.0 ]
[ 577.0, 566.0, 0.0 ]
[ 263.0, 571.0, 0.0 ]
[ 248.0, 605.0, 0.0 ]
[ 249.0, 628.0, 0.0 ]
[ 215.0, 696.0, 0.0 ]
[ 181.0, 773.0, 0.0 ]
[ 298.0, 573.0, 0.0 ]
[ 345.0, 552.0, 0.0 ]
[ 380.0, 559.0, 0.0 ]
[ 394.0, 604.0, 0.0 ]
[ 406.0, 611.0, 0.0 ]
[ 404.0, 563.0, 0.0 ]
[ 449.0, 583.0, 0.0 ]
[ 540.0, 679.0, 0.0 ]
[ 542.0, 741.0, 0.0 ]
[ 536.0, 772.0, 0.0 ]
[ 431.0, 773.0, 0.0 ]
[ 406.0, 773.0, 0.0 ]
[ 375.0, 773.0, 0.0 ]
[ 325.0, 772.0, 0.0 ]
[ 287.0, 771.0, 0.0 ]
[ 245.0, 771.0, 0.0 ]
[ 234.0, 724.0, 0.0 ]
[ 265.0, 657.0, 0.0 ]
[ 291.0, 605.0, 0.0 ]
[ 352.0, 592.0, 0.0 ]
[ 322.0, 619.0, 0.0 ]
[ 324.0, 671.0, 0.0 ]
[ 282.0, 715.0, 0.0 ]
[ 380.0, 697.0, 0.0 ]
[ 401.0, 659.0, 0.0 ]
[ 433.0, 646.0, 0.0 ]
[ 444.0, 694.0, 0.0 ]
[ 467.0, 715.0, 0.0 ]
[ 473.0, 651.0, 0.0 ]
[ 511.0, 725.0, 0.0 ]
[ 446.0, 502.0, 0.0 ]
[ 505.0, 349.0, 0.0 ]
[ 341.0, 184.0, 0.0 ]
[ 401.0, 268.0, 0.0 ]
[ 443.0, 300.0, 0.0 ]
[ 403.0, 447.0, 0.0 ]
[ 557.0, 446.0, 0.0 ]
[ 3.0, 697.0, 0.0 ]
