500 529
[ 0.0, 0.0, 0.0 ]
[ 500.0, 0.0, 0.0 ]
[ 500.0, 529.0, 0.0 ]
[ 0.0, 529.0, 0.0 ]
[ 27.0, 47.0, 0.0 ]
[ 44.0, 57.0, 0.0 ]
[ 64.0, 77.0, 0.0 ]
[ 84.0, 100.0, 0.0 ]
[ 106.0, 119.0, 0.0 ]
[ 121.0, 143.0, 0.0 ]
[ 155.0, 132.0, 0.0 ]
[ 144.0, 99.0, 0.0 ]
[ 134.0, 65.0, 0.0 ]
[ 124.0, 39.0, 0.0 ]
[ 119.0, 8.0, 0.0 ]
[ 148.0, 15.0, 0.0 ]
[ 170.0, 33.0, 0.0 ]
[ 184.0, 51.0, 0.0 ]
[ 200.0, 84.0, 0.0 ]
[ 206.0, 111.0, 0.0 ]
[ 206.0, 123.0, 0.0 ]
[ 181.0, 170.0, 0.0 ]
[ 17.0, 66.0, 0.0 ]
[ 39.0, 78.0, 0.0 ]
[ 64.0, 109.0, 0.0 ]
[ 83.0, 143.0, 0.0 ]
[ 96.0, 176.0, 0.0 ]
[ 92.0, 205.0, 0.0 ]
[ 68.0, 179.0, 0.0 ]
[ 45.0, 145.0, 0.0 ]
[ 25.0, 114.0, 0.0 ]
[ 19.0, 83.0, 0.0 ]
[ 101.0, 238.0, 0.0 ]
[ 87.0, 272.0, 0.0 ]
[ 89.0, 319.0, 0.0 ]
[ 117.0, 345.0, 0.0 ]
[ 157.0, 360.0, 0.0 ]
[ 205.0, 353.0, 0.0 ]
[ 253.0, 339.0, 0.0 ]
[ 282.0, 314.0, 0.0 ]
[ 274.0, 296.0, 0.0 ]
[ 264.0, 290.0, 0.0 ]
[ 279.0, 277.0, 0.0 ]
[ 280.0, 294.0, 0.0 ]
[ 287.0, 318.0, 0.0 ]
[ 318.0, 311.0, 0.0 ]
[ 334.0, 291.0, 0.0 ]
[ 335.0, 271.0, 0.0 ]
[ 340.0, 243.0, 0.0 ]
[ 331.0, 219.0, 0.0 ]
[ 307.0, 203.0, 0.0 ]
[ 299.0, 197.0, 0.0 ]
[ 279.0, 162.0, 0.0 ]
[ 257.0, 138.0, 0.0 ]
[ 231.0, 126.0, 0.0 ]
[ 208.0, 121.0, 0.0 ]
[ 176.0, 88.0, 0.0 ]
[ 158.0, 47.0, 0.0 ]
[ 234.0, 260.0, 0.0 ]
[ 202.0, 278.0, 0.0 ]
[ 194.0, 303.0, 0.0 ]
[ 198.0, 332.0, 0.0 ]
[ 221.0, 347.0, 0.0 ]
[ 327.0, 290.0, 0.0 ]
[ 325.0, 255.0, 0.0 ]
[ 308.0, 247.0, 0.0 ]
[ 276.0, 245.0, 0.0 ]
[ 257.0, 253.0, 0.0 ]
[ 244.0, 151.0, 0.0 ]
[ 219.0, 178.0, 0.0 ]
[ 140.0, 200.0, 0.0 ]
[ 185.0, 215.0, 0.0 ]
[ 151.0, 247.0, 0.0 ]
[ 139.0, 260.0, 0.0 ]
[ 151.0, 284.0, 0.0 ]
[ 171.0, 285.0, 0.0 ]
[ 184.0, 280.0, 0.0 ]
[ 177.0, 262.0, 0.0 ]
[ 165.0, 254.0, 0.0 ]
[ 261.0, 203.0, 0.0 ]
[ 257.0, 190.0, 0.0 ]
[ 272.0, 185.0, 0.0 ]
[ 288.0, 194.0, 0.0 ]
[ 290.0, 207.0, 0.0 ]
[ 284.0, 223.0, 0.0 ]
[ 274.0, 224.0, 0.0 ]
[ 83.0, 293.0, 0.0 ]
[ 61.0, 325.0, 0.0 ]
[ 61.0, 356.0, 0.0 ]
[ 38.0, 381.0, 0.0 ]
[ 21.0, 416.0, 0.0 ]
[ 12.0, 454.0, 0.0 ]
[ 7.0, 494.0, 0.0 ]
[ 5.0, 524.0, 0.0 ]
[ 116.0, 526.0, 0.0 ]
[ 213.0, 521.0, 0.0 ]
[ 304.0, 521.0, 0.0 ]
[ 392.0, 522.0, 0.0 ]
[ 396.0, 465.0, 0.0 ]
[ 374.0, 413.0, 0.0 ]
[ 355.0, 377.0, 0.0 ]
[ 363.0, 356.0, 0.0 ]
[ 327.0, 339.0, 0.0 ]
[ 292.0, 323.0, 0.0 ]
[ 300.0, 315.0, 0.0 ]
[ 329.0, 330.0, 0.0 ]
[ 357.0, 339.0, 0.0 ]
[ 379.0, 345.0, 0.0 ]
[ 397.0, 350.0, 0.0 ]
[ 392.0, 361.0, 0.0 ]
[ 403.0, 342.0, 0.0 ]
[ 413.0, 320.0, 0.0 ]
[ 439.0, 313.0, 0.0 ]
[ 463.0, 326.0, 0.0 ]
[ 477.0, 354.0, 0.0 ]
[ 468.0, 388.0, 0.0 ]
[ 448.0, 414.0, 0.0 ]
[ 410.0, 422.0, 0.0 ]
[ 397.0, 411.0, 0.0 ]
[ 399.0, 386.0, 0.0 ]
[ 394.0, 363.0, 0.0 ]
[ 439.0, 333.0, 0.0 ]
[ 439.0, 365.0, 0.0 ]
[ 434.0, 396.0, 0.0 ]
[ 459.0, 354.0, 0.0 ]
[ 418.0, 368.0, 0.0 ]
[ 419.0, 398.0, 0.0 ]
[ 299.0, 370.0, 0.0 ]
[ 238.0, 391.0, 0.0 ]
[ 171.0, 405.0, 0.0 ]
[ 119.0, 394.0, 0.0 ]
[ 84.0, 373.0, 0.0 ]
[ 74.0, 453.0, 0.0 ]
[ 141.0, 470.0, 0.0 ]
[ 209.0, 490.0, 0.0 ]
[ 274.0, 485.0, 0.0 ]
[ 321.0, 448.0, 0.0 ]
[ 242.0, 507.0, 0.0 ]
[ 216.0, 205.0, 0.0 ]
[ 132.0, 317.0, 0.0 ]
[ 253.0, 429.0, 0.0 ]
[ 124.0, 437.0, 0.0 ]
[ 65.0, 497.0, 0.0 ]
[ 107.0, 310.0, 0.0 ]
[ 170.0, 66.0, 0.0 ]
[ 50.0, 122.0, 0.0 ]
[ 39.0, 110.0, 0.0 ]
[ 65.0, 144.0, 0.0 ]
[ 98.0, 138.0, 0.0 ]
[ 90.0, 117.0, 0.0 ]
[ 165.0, 108.0, 0.0 ]
[ 160.0, 91.0, 0.0 ]
[ 129.0, 179.0, 0.0 ]
[ 166.0, 155.0, 0.0 ]
[ 198.0, 149.0, 0.0 ]
[ 163.0, 320.0, 0.0 ]
[ 53.0, 417.0, 0.0 ]
[ 32.0, 457.0, 0.0 ]
[ 29.0, 496.0, 0.0 ]
[ 173.0, 474.0, 0.0 ]
[ 209.0, 311.0, 0.0 ]
[ 311.0, 262.0, 0.0 ]
[ 264.0, 286.0, 0.0 ]
[ 186.0, 193.0, 0.0 ]
[ 96.0, 495.0, 0.0 ]
[ 326.0, 412.0, 0.0 ]
[ 354.0, 465.0, 0.0 ]
[ 0.0, 409.0, 0.0 ]
