495 708
[ 0.0, 0.0, 0.0 ]
[ 495.0, 0.0, 0.0 ]
[ 495.0, 708.0, 0.0 ]
[ 0.0, 708.0, 0.0 ]
[ 76.0, 59.0, 0.0 ]
[ 71.0, 56.0, 0.0 ]
[ 68.0, 50.0, 0.0 ]
[ 69.0, 40.0, 0.0 ]
[ 75.0, 35.0, 0.0 ]
[ 87.0, 59.0, 0.0 ]
[ 93.0, 54.0, 0.0 ]
[ 93.0, 47.0, 0.0 ]
[ 85.0, 34.0, 0.0 ]
[ 91.0, 38.0, 0.0 ]
[ 79.0, 71.0, 0.0 ]
[ 90.0, 71.0, 0.0 ]
[ 82.0, 87.0, 0.0 ]
[ 92.0, 87.0, 0.0 ]
[ 94.0, 101.0, 0.0 ]
[ 84.0, 102.0, 0.0 ]
[ 87.0, 118.0, 0.0 ]
[ 92.0, 132.0, 0.0 ]
[ 99.0, 138.0, 0.0 ]
[ 110.0, 139.0, 0.0 ]
[ 122.0, 134.0, 0.0 ]
[ 128.0, 126.0, 0.0 ]
[ 130.0, 116.0, 0.0 ]
[ 129.0, 107.0, 0.0 ]
[ 115.0, 92.0, 0.0 ]
[ 123.0, 97.0, 0.0 ]
[ 104.0, 95.0, 0.0 ]
[ 100.0, 105.0, 0.0 ]
[ 96.0, 115.0, 0.0 ]
[ 101.0, 122.0, 0.0 ]
[ 99.0, 115.0, 0.0 ]
[ 76.0, 42.0, 0.0 ]
[ 83.0, 40.0, 0.0 ]
[ 76.0, 49.0, 0.0 ]
[ 85.0, 47.0, 0.0 ]
[ 116.0, 126.0, 0.0 ]
[ 113.0, 104.0, 0.0 ]
[ 108.0, 108.0, 0.0 ]
[ 118.0, 107.0, 0.0 ]
[ 105.0, 115.0, 0.0 ]
[ 121.0, 116.0, 0.0 ]
[ 109.0, 122.0, 0.0 ]
[ 115.0, 131.0, 0.0 ]
[ 120.0, 142.0, 0.0 ]
[ 106.0, 133.0, 0.0 ]
[ 128.0, 140.0, 0.0 ]
[ 139.0, 144.0, 0.0 ]
[ 129.0, 147.0, 0.0 ]
[ 122.0, 156.0, 0.0 ]
[ 116.0, 168.0, 0.0 ]
[ 114.0, 182.0, 0.0 ]
[ 116.0, 193.0, 0.0 ]
[ 122.0, 206.0, 0.0 ]
[ 133.0, 216.0, 0.0 ]
[ 147.0, 220.0, 0.0 ]
[ 157.0, 216.0, 0.0 ]
[ 137.0, 156.0, 0.0 ]
[ 129.0, 164.0, 0.0 ]
[ 125.0, 178.0, 0.0 ]
[ 126.0, 189.0, 0.0 ]
[ 134.0, 202.0, 0.0 ]
[ 143.0, 209.0, 0.0 ]
[ 153.0, 201.0, 0.0 ]
[ 155.0, 190.0, 0.0 ]
[ 157.0, 178.0, 0.0 ]
[ 152.0, 169.0, 0.0 ]
[ 147.0, 159.0, 0.0 ]
[ 144.0, 153.0, 0.0 ]
[ 157.0, 158.0, 0.0 ]
[ 165.0, 170.0, 0.0 ]
[ 167.0, 180.0, 0.0 ]
[ 166.0, 190.0, 0.0 ]
[ 165.0, 203.0, 0.0 ]
[ 163.0, 210.0, 0.0 ]
[ 151.0, 145.0, 0.0 ]
[ 159.0, 150.0, 0.0 ]
[ 168.0, 159.0, 0.0 ]
[ 173.0, 167.0, 0.0 ]
[ 177.0, 180.0, 0.0 ]
[ 177.0, 194.0, 0.0 ]
[ 175.0, 210.0, 0.0 ]
[ 105.0, 134.0, 0.0 ]
[ 164.0, 178.0, 0.0 ]
[ 166.0, 195.0, 0.0 ]
[ 162.0, 207.0, 0.0 ]
[ 160.0, 204.0, 0.0 ]
[ 156.0, 221.0, 0.0 ]
[ 164.0, 223.0, 0.0 ]
[ 172.0, 223.0, 0.0 ]
[ 188.0, 223.0, 0.0 ]
[ 225.0, 223.0, 0.0 ]
[ 244.0, 223.0, 0.0 ]
[ 208.0, 223.0, 0.0 ]
[ 262.0, 222.0, 0.0 ]
[ 276.0, 221.0, 0.0 ]
[ 283.0, 220.0, 0.0 ]
[ 287.0, 224.0, 0.0 ]
[ 290.0, 229.0, 0.0 ]
[ 298.0, 226.0, 0.0 ]
[ 313.0, 225.0, 0.0 ]
[ 323.0, 224.0, 0.0 ]
[ 328.0, 220.0, 0.0 ]
[ 331.0, 218.0, 0.0 ]
[ 311.0, 219.0, 0.0 ]
[ 323.0, 218.0, 0.0 ]
[ 301.0, 219.0, 0.0 ]
[ 293.0, 219.0, 0.0 ]
[ 281.0, 215.0, 0.0 ]
[ 282.0, 205.0, 0.0 ]
[ 282.0, 199.0, 0.0 ]
[ 279.0, 194.0, 0.0 ]
[ 278.0, 189.0, 0.0 ]
[ 277.0, 184.0, 0.0 ]
[ 274.0, 179.0, 0.0 ]
[ 284.0, 183.0, 0.0 ]
[ 287.0, 189.0, 0.0 ]
[ 295.0, 198.0, 0.0 ]
[ 300.0, 203.0, 0.0 ]
[ 308.0, 199.0, 0.0 ]
[ 317.0, 196.0, 0.0 ]
[ 329.0, 196.0, 0.0 ]
[ 334.0, 201.0, 0.0 ]
[ 336.0, 211.0, 0.0 ]
[ 305.0, 195.0, 0.0 ]
[ 303.0, 187.0, 0.0 ]
[ 299.0, 180.0, 0.0 ]
[ 298.0, 173.0, 0.0 ]
[ 307.0, 179.0, 0.0 ]
[ 319.0, 181.0, 0.0 ]
[ 326.0, 177.0, 0.0 ]
[ 334.0, 171.0, 0.0 ]
[ 349.0, 153.0, 0.0 ]
[ 348.0, 162.0, 0.0 ]
[ 349.0, 169.0, 0.0 ]
[ 352.0, 177.0, 0.0 ]
[ 356.0, 186.0, 0.0 ]
[ 364.0, 192.0, 0.0 ]
[ 378.0, 195.0, 0.0 ]
[ 386.0, 196.0, 0.0 ]
[ 378.0, 201.0, 0.0 ]
[ 368.0, 204.0, 0.0 ]
[ 362.0, 211.0, 0.0 ]
[ 356.0, 222.0, 0.0 ]
[ 356.0, 234.0, 0.0 ]
[ 351.0, 237.0, 0.0 ]
[ 342.0, 231.0, 0.0 ]
[ 335.0, 230.0, 0.0 ]
[ 358.0, 243.0, 0.0 ]
[ 340.0, 161.0, 0.0 ]
[ 342.0, 171.0, 0.0 ]
[ 340.0, 187.0, 0.0 ]
[ 337.0, 201.0, 0.0 ]
[ 347.0, 201.0, 0.0 ]
[ 360.0, 201.0, 0.0 ]
[ 345.0, 220.0, 0.0 ]
[ 351.0, 228.0, 0.0 ]
[ 310.0, 187.0, 0.0 ]
[ 317.0, 192.0, 0.0 ]
[ 291.0, 206.0, 0.0 ]
[ 290.0, 215.0, 0.0 ]
[ 302.0, 212.0, 0.0 ]
[ 315.0, 207.0, 0.0 ]
[ 163.0, 215.0, 0.0 ]
[ 173.0, 216.0, 0.0 ]
[ 186.0, 217.0, 0.0 ]
[ 196.0, 218.0, 0.0 ]
[ 207.0, 218.0, 0.0 ]
[ 220.0, 218.0, 0.0 ]
[ 235.0, 218.0, 0.0 ]
[ 251.0, 217.0, 0.0 ]
[ 263.0, 217.0, 0.0 ]
[ 274.0, 218.0, 0.0 ]
[ 182.0, 208.0, 0.0 ]
[ 195.0, 206.0, 0.0 ]
[ 215.0, 205.0, 0.0 ]
[ 230.0, 204.0, 0.0 ]
[ 246.0, 204.0, 0.0 ]
[ 263.0, 204.0, 0.0 ]
[ 281.0, 204.0, 0.0 ]
[ 182.0, 213.0, 0.0 ]
[ 195.0, 212.0, 0.0 ]
[ 206.0, 211.0, 0.0 ]
[ 221.0, 210.0, 0.0 ]
[ 235.0, 209.0, 0.0 ]
[ 244.0, 209.0, 0.0 ]
[ 259.0, 209.0, 0.0 ]
[ 272.0, 209.0, 0.0 ]
[ 275.0, 204.0, 0.0 ]
[ 159.0, 227.0, 0.0 ]
[ 162.0, 237.0, 0.0 ]
[ 164.0, 250.0, 0.0 ]
[ 168.0, 269.0, 0.0 ]
[ 171.0, 284.0, 0.0 ]
[ 174.0, 297.0, 0.0 ]
[ 176.0, 309.0, 0.0 ]
[ 177.0, 320.0, 0.0 ]
[ 332.0, 242.0, 0.0 ]
[ 329.0, 259.0, 0.0 ]
[ 328.0, 273.0, 0.0 ]
[ 325.0, 286.0, 0.0 ]
[ 324.0, 301.0, 0.0 ]
[ 321.0, 311.0, 0.0 ]
[ 168.0, 232.0, 0.0 ]
[ 183.0, 233.0, 0.0 ]
[ 203.0, 235.0, 0.0 ]
[ 219.0, 235.0, 0.0 ]
[ 240.0, 237.0, 0.0 ]
[ 266.0, 237.0, 0.0 ]
[ 285.0, 239.0, 0.0 ]
[ 301.0, 237.0, 0.0 ]
[ 322.0, 234.0, 0.0 ]
[ 193.0, 325.0, 0.0 ]
[ 216.0, 322.0, 0.0 ]
[ 234.0, 323.0, 0.0 ]
[ 249.0, 321.0, 0.0 ]
[ 268.0, 320.0, 0.0 ]
[ 310.0, 316.0, 0.0 ]
[ 289.0, 318.0, 0.0 ]
[ 187.0, 319.0, 0.0 ]
[ 201.0, 319.0, 0.0 ]
[ 214.0, 314.0, 0.0 ]
[ 228.0, 314.0, 0.0 ]
[ 244.0, 313.0, 0.0 ]
[ 260.0, 311.0, 0.0 ]
[ 274.0, 311.0, 0.0 ]
[ 286.0, 310.0, 0.0 ]
[ 301.0, 310.0, 0.0 ]
[ 312.0, 308.0, 0.0 ]
[ 326.0, 236.0, 0.0 ]
[ 328.0, 227.0, 0.0 ]
[ 323.0, 247.0, 0.0 ]
[ 321.0, 261.0, 0.0 ]
[ 318.0, 275.0, 0.0 ]
[ 316.0, 289.0, 0.0 ]
[ 314.0, 300.0, 0.0 ]
[ 216.0, 247.0, 0.0 ]
[ 222.0, 263.0, 0.0 ]
[ 238.0, 265.0, 0.0 ]
[ 253.0, 266.0, 0.0 ]
[ 268.0, 264.0, 0.0 ]
[ 290.0, 269.0, 0.0 ]
[ 305.0, 265.0, 0.0 ]
[ 311.0, 262.0, 0.0 ]
[ 292.0, 248.0, 0.0 ]
[ 291.0, 259.0, 0.0 ]
[ 268.0, 247.0, 0.0 ]
[ 268.0, 257.0, 0.0 ]
[ 241.0, 247.0, 0.0 ]
[ 240.0, 256.0, 0.0 ]
[ 243.0, 282.0, 0.0 ]
[ 260.0, 294.0, 0.0 ]
[ 273.0, 305.0, 0.0 ]
[ 301.0, 284.0, 0.0 ]
[ 292.0, 296.0, 0.0 ]
[ 269.0, 286.0, 0.0 ]
[ 217.0, 286.0, 0.0 ]
[ 225.0, 300.0, 0.0 ]
[ 186.0, 327.0, 0.0 ]
[ 189.0, 338.0, 0.0 ]
[ 193.0, 347.0, 0.0 ]
[ 196.0, 358.0, 0.0 ]
[ 205.0, 380.0, 0.0 ]
[ 200.0, 367.0, 0.0 ]
[ 209.0, 388.0, 0.0 ]
[ 215.0, 401.0, 0.0 ]
[ 219.0, 409.0, 0.0 ]
[ 225.0, 422.0, 0.0 ]
[ 232.0, 434.0, 0.0 ]
[ 238.0, 446.0, 0.0 ]
[ 242.0, 455.0, 0.0 ]
[ 196.0, 337.0, 0.0 ]
[ 199.0, 349.0, 0.0 ]
[ 204.0, 361.0, 0.0 ]
[ 210.0, 374.0, 0.0 ]
[ 215.0, 384.0, 0.0 ]
[ 219.0, 394.0, 0.0 ]
[ 224.0, 404.0, 0.0 ]
[ 230.0, 417.0, 0.0 ]
[ 235.0, 424.0, 0.0 ]
[ 240.0, 433.0, 0.0 ]
[ 245.0, 444.0, 0.0 ]
[ 257.0, 441.0, 0.0 ]
[ 249.0, 448.0, 0.0 ]
[ 236.0, 474.0, 0.0 ]
[ 247.0, 479.0, 0.0 ]
[ 262.0, 475.0, 0.0 ]
[ 236.0, 463.0, 0.0 ]
[ 273.0, 470.0, 0.0 ]
[ 282.0, 459.0, 0.0 ]
[ 285.0, 447.0, 0.0 ]
[ 268.0, 443.0, 0.0 ]
[ 274.0, 445.0, 0.0 ]
[ 180.0, 336.0, 0.0 ]
[ 185.0, 370.0, 0.0 ]
[ 182.0, 353.0, 0.0 ]
[ 187.0, 386.0, 0.0 ]
[ 190.0, 404.0, 0.0 ]
[ 194.0, 422.0, 0.0 ]
[ 198.0, 442.0, 0.0 ]
[ 201.0, 464.0, 0.0 ]
[ 205.0, 485.0, 0.0 ]
[ 208.0, 507.0, 0.0 ]
[ 213.0, 529.0, 0.0 ]
[ 217.0, 546.0, 0.0 ]
[ 222.0, 563.0, 0.0 ]
[ 315.0, 363.0, 0.0 ]
[ 311.0, 381.0, 0.0 ]
[ 309.0, 398.0, 0.0 ]
[ 307.0, 415.0, 0.0 ]
[ 304.0, 431.0, 0.0 ]
[ 303.0, 449.0, 0.0 ]
[ 299.0, 470.0, 0.0 ]
[ 296.0, 492.0, 0.0 ]
[ 292.0, 514.0, 0.0 ]
[ 292.0, 529.0, 0.0 ]
[ 288.0, 545.0, 0.0 ]
[ 286.0, 559.0, 0.0 ]
[ 280.0, 575.0, 0.0 ]
[ 278.0, 571.0, 0.0 ]
[ 284.0, 553.0, 0.0 ]
[ 285.0, 536.0, 0.0 ]
[ 289.0, 524.0, 0.0 ]
[ 289.0, 513.0, 0.0 ]
[ 226.0, 471.0, 0.0 ]
[ 216.0, 468.0, 0.0 ]
[ 212.0, 477.0, 0.0 ]
[ 193.0, 371.0, 0.0 ]
[ 192.0, 379.0, 0.0 ]
[ 198.0, 384.0, 0.0 ]
[ 200.0, 395.0, 0.0 ]
[ 203.0, 411.0, 0.0 ]
[ 206.0, 426.0, 0.0 ]
[ 209.0, 440.0, 0.0 ]
[ 213.0, 451.0, 0.0 ]
[ 216.0, 460.0, 0.0 ]
[ 204.0, 453.0, 0.0 ]
[ 200.0, 432.0, 0.0 ]
[ 195.0, 414.0, 0.0 ]
[ 193.0, 399.0, 0.0 ]
[ 192.0, 389.0, 0.0 ]
[ 198.0, 412.0, 0.0 ]
[ 198.0, 426.0, 0.0 ]
[ 202.0, 441.0, 0.0 ]
[ 261.0, 416.0, 0.0 ]
[ 255.0, 424.0, 0.0 ]
[ 246.0, 430.0, 0.0 ]
[ 250.0, 437.0, 0.0 ]
[ 254.0, 404.0, 0.0 ]
[ 242.0, 396.0, 0.0 ]
[ 253.0, 387.0, 0.0 ]
[ 264.0, 383.0, 0.0 ]
[ 270.0, 391.0, 0.0 ]
[ 281.0, 388.0, 0.0 ]
[ 289.0, 388.0, 0.0 ]
[ 300.0, 394.0, 0.0 ]
[ 299.0, 417.0, 0.0 ]
[ 290.0, 426.0, 0.0 ]
[ 284.0, 430.0, 0.0 ]
[ 273.0, 422.0, 0.0 ]
[ 277.0, 408.0, 0.0 ]
[ 291.0, 399.0, 0.0 ]
[ 288.0, 438.0, 0.0 ]
[ 296.0, 427.0, 0.0 ]
[ 301.0, 424.0, 0.0 ]
[ 295.0, 449.0, 0.0 ]
[ 275.0, 482.0, 0.0 ]
[ 279.0, 490.0, 0.0 ]
[ 285.0, 495.0, 0.0 ]
[ 292.0, 464.0, 0.0 ]
[ 293.0, 480.0, 0.0 ]
[ 281.0, 506.0, 0.0 ]
[ 273.0, 502.0, 0.0 ]
[ 267.0, 494.0, 0.0 ]
[ 260.0, 484.0, 0.0 ]
[ 271.0, 512.0, 0.0 ]
[ 267.0, 523.0, 0.0 ]
[ 255.0, 529.0, 0.0 ]
[ 241.0, 524.0, 0.0 ]
[ 231.0, 520.0, 0.0 ]
[ 222.0, 511.0, 0.0 ]
[ 221.0, 504.0, 0.0 ]
[ 214.0, 494.0, 0.0 ]
[ 240.0, 579.0, 0.0 ]
[ 255.0, 579.0, 0.0 ]
[ 268.0, 579.0, 0.0 ]
[ 228.0, 576.0, 0.0 ]
[ 223.0, 607.0, 0.0 ]
[ 284.0, 584.0, 0.0 ]
[ 288.0, 594.0, 0.0 ]
[ 284.0, 606.0, 0.0 ]
[ 219.0, 596.0, 0.0 ]
[ 223.0, 584.0, 0.0 ]
[ 229.0, 617.0, 0.0 ]
[ 239.0, 621.0, 0.0 ]
[ 250.0, 622.0, 0.0 ]
[ 262.0, 621.0, 0.0 ]
[ 273.0, 618.0, 0.0 ]
[ 279.0, 614.0, 0.0 ]
[ 281.0, 621.0, 0.0 ]
[ 272.0, 624.0, 0.0 ]
[ 261.0, 626.0, 0.0 ]
[ 251.0, 628.0, 0.0 ]
[ 239.0, 626.0, 0.0 ]
[ 230.0, 623.0, 0.0 ]
[ 223.0, 617.0, 0.0 ]
[ 222.0, 603.0, 0.0 ]
[ 213.0, 604.0, 0.0 ]
[ 201.0, 607.0, 0.0 ]
[ 190.0, 613.0, 0.0 ]
[ 179.0, 622.0, 0.0 ]
[ 177.0, 635.0, 0.0 ]
[ 185.0, 642.0, 0.0 ]
[ 197.0, 650.0, 0.0 ]
[ 212.0, 657.0, 0.0 ]
[ 247.0, 662.0, 0.0 ]
[ 266.0, 661.0, 0.0 ]
[ 281.0, 659.0, 0.0 ]
[ 295.0, 656.0, 0.0 ]
[ 310.0, 649.0, 0.0 ]
[ 324.0, 640.0, 0.0 ]
[ 330.0, 631.0, 0.0 ]
[ 229.0, 660.0, 0.0 ]
[ 328.0, 622.0, 0.0 ]
[ 320.0, 615.0, 0.0 ]
[ 310.0, 609.0, 0.0 ]
[ 286.0, 602.0, 0.0 ]
[ 298.0, 605.0, 0.0 ]
[ 259.0, 635.0, 0.0 ]
[ 267.0, 642.0, 0.0 ]
[ 279.0, 640.0, 0.0 ]
[ 280.0, 635.0, 0.0 ]
[ 286.0, 629.0, 0.0 ]
[ 298.0, 629.0, 0.0 ]
[ 312.0, 628.0, 0.0 ]
[ 292.0, 623.0, 0.0 ]
[ 305.0, 623.0, 0.0 ]
[ 314.0, 618.0, 0.0 ]
[ 311.0, 637.0, 0.0 ]
[ 305.0, 645.0, 0.0 ]
[ 290.0, 641.0, 0.0 ]
[ 284.0, 647.0, 0.0 ]
[ 274.0, 651.0, 0.0 ]
[ 269.0, 649.0, 0.0 ]
[ 255.0, 650.0, 0.0 ]
[ 240.0, 651.0, 0.0 ]
[ 264.0, 652.0, 0.0 ]
[ 250.0, 653.0, 0.0 ]
[ 193.0, 640.0, 0.0 ]
[ 189.0, 635.0, 0.0 ]
[ 185.0, 630.0, 0.0 ]
[ 189.0, 621.0, 0.0 ]
[ 200.0, 614.0, 0.0 ]
[ 211.0, 625.0, 0.0 ]
[ 218.0, 635.0, 0.0 ]
[ 238.0, 640.0, 0.0 ]
[ 212.0, 649.0, 0.0 ]
[ 222.0, 650.0, 0.0 ]
[ 294.0, 647.0, 0.0 ]
[ 318.0, 632.0, 0.0 ]
[ 321.0, 624.0, 0.0 ]
[ 307.0, 341.0, 0.0 ]
[ 304.0, 369.0, 0.0 ]
[ 319.0, 333.0, 0.0 ]
[ 316.0, 362.0, 0.0 ]
[ 290.0, 340.0, 0.0 ]
[ 285.0, 377.0, 0.0 ]
[ 267.0, 339.0, 0.0 ]
[ 263.0, 376.0, 0.0 ]
[ 241.0, 342.0, 0.0 ]
[ 238.0, 373.0, 0.0 ]
[ 224.0, 342.0, 0.0 ]
[ 225.0, 374.0, 0.0 ]
[ 223.0, 445.0, 0.0 ]
[ 213.0, 421.0, 0.0 ]
[ 185.0, 254.0, 0.0 ]
[ 201.0, 274.0, 0.0 ]
[ 192.0, 295.0, 0.0 ]
[ 182.0, 280.0, 0.0 ]
[ 225.0, 487.0, 0.0 ]
[ 234.0, 502.0, 0.0 ]
[ 243.0, 512.0, 0.0 ]
[ 257.0, 513.0, 0.0 ]
[ 254.0, 499.0, 0.0 ]
[ 243.0, 486.0, 0.0 ]
[ 279.0, 527.0, 0.0 ]
[ 272.0, 545.0, 0.0 ]
[ 263.0, 560.0, 0.0 ]
[ 244.0, 565.0, 0.0 ]
[ 237.0, 548.0, 0.0 ]
[ 232.0, 536.0, 0.0 ]
[ 235.0, 601.0, 0.0 ]
[ 247.0, 612.0, 0.0 ]
[ 264.0, 602.0, 0.0 ]
[ 261.0, 595.0, 0.0 ]
[ 243.0, 590.0, 0.0 ]
[ 230.0, 229.0, 0.0 ]
[ 258.0, 230.0, 0.0 ]
[ 288.0, 202.0, 0.0 ]
[ 324.0, 203.0, 0.0 ]
[ 370.0, 197.0, 0.0 ]
[ 295.0, 354.0, 0.0 ]
[ 1.0, 519.0, 0.0 ]
