531 708
[ 0.0, 0.0, 0.0 ]
[ 531.0, 0.0, 0.0 ]
[ 531.0, 708.0, 0.0 ]
[ 0.0, 708.0, 0.0 ]
[ 136.0, 248.0, 0.0 ]
[ 234.0, 294.0, 0.0 ]
[ 139.0, 256.0, 0.0 ]
[ 221.0, 297.0, 0.0 ]
[ 150.0, 267.0, 0.0 ]
[ 165.0, 278.0, 0.0 ]
[ 183.0, 286.0, 0.0 ]
[ 200.0, 293.0, 0.0 ]
[ 149.0, 243.0, 0.0 ]
[ 165.0, 246.0, 0.0 ]
[ 186.0, 253.0, 0.0 ]
[ 203.0, 263.0, 0.0 ]
[ 221.0, 273.0, 0.0 ]
[ 229.0, 282.0, 0.0 ]
[ 241.0, 276.0, 0.0 ]
[ 145.0, 229.0, 0.0 ]
[ 158.0, 211.0, 0.0 ]
[ 172.0, 197.0, 0.0 ]
[ 185.0, 184.0, 0.0 ]
[ 201.0, 171.0, 0.0 ]
[ 252.0, 184.0, 0.0 ]
[ 253.0, 200.0, 0.0 ]
[ 252.0, 221.0, 0.0 ]
[ 250.0, 237.0, 0.0 ]
[ 247.0, 254.0, 0.0 ]
[ 202.0, 228.0, 0.0 ]
[ 218.0, 196.0, 0.0 ]
[ 217.0, 210.0, 0.0 ]
[ 208.0, 205.0, 0.0 ]
[ 201.0, 216.0, 0.0 ]
[ 212.0, 222.0, 0.0 ]
[ 211.0, 174.0, 0.0 ]
[ 237.0, 184.0, 0.0 ]
[ 225.0, 178.0, 0.0 ]
[ 220.0, 164.0, 0.0 ]
[ 242.0, 174.0, 0.0 ]
[ 210.0, 163.0, 0.0 ]
[ 232.0, 167.0, 0.0 ]
[ 245.0, 190.0, 0.0 ]
[ 241.0, 205.0, 0.0 ]
[ 238.0, 226.0, 0.0 ]
[ 236.0, 243.0, 0.0 ]
[ 231.0, 259.0, 0.0 ]
[ 234.0, 272.0, 0.0 ]
[ 239.0, 262.0, 0.0 ]
[ 241.0, 250.0, 0.0 ]
[ 243.0, 236.0, 0.0 ]
[ 245.0, 218.0, 0.0 ]
[ 170.0, 237.0, 0.0 ]
[ 179.0, 223.0, 0.0 ]
[ 190.0, 208.0, 0.0 ]
[ 200.0, 195.0, 0.0 ]
[ 210.0, 185.0, 0.0 ]
[ 233.0, 198.0, 0.0 ]
[ 229.0, 216.0, 0.0 ]
[ 224.0, 232.0, 0.0 ]
[ 217.0, 249.0, 0.0 ]
[ 187.0, 234.0, 0.0 ]
[ 206.0, 246.0, 0.0 ]
[ 194.0, 245.0, 0.0 ]
[ 157.0, 234.0, 0.0 ]
[ 168.0, 218.0, 0.0 ]
[ 181.0, 202.0, 0.0 ]
[ 192.0, 191.0, 0.0 ]
[ 199.0, 182.0, 0.0 ]
[ 149.0, 257.0, 0.0 ]
[ 163.0, 265.0, 0.0 ]
[ 183.0, 276.0, 0.0 ]
[ 204.0, 286.0, 0.0 ]
[ 218.0, 289.0, 0.0 ]
[ 214.0, 281.0, 0.0 ]
[ 202.0, 271.0, 0.0 ]
[ 189.0, 266.0, 0.0 ]
[ 177.0, 259.0, 0.0 ]
[ 255.0, 146.0, 0.0 ]
[ 248.0, 140.0, 0.0 ]
[ 229.0, 146.0, 0.0 ]
[ 219.0, 155.0, 0.0 ]
[ 252.0, 170.0, 0.0 ]
[ 254.0, 158.0, 0.0 ]
[ 241.0, 147.0, 0.0 ]
[ 236.0, 157.0, 0.0 ]
[ 245.0, 161.0, 0.0 ]
[ 226.0, 156.0, 0.0 ]
[ 248.0, 150.0, 0.0 ]
[ 241.0, 136.0, 0.0 ]
[ 251.0, 123.0, 0.0 ]
[ 261.0, 112.0, 0.0 ]
[ 272.0, 103.0, 0.0 ]
[ 285.0, 95.0, 0.0 ]
[ 299.0, 89.0, 0.0 ]
[ 313.0, 84.0, 0.0 ]
[ 352.0, 91.0, 0.0 ]
[ 334.0, 85.0, 0.0 ]
[ 366.0, 101.0, 0.0 ]
[ 378.0, 115.0, 0.0 ]
[ 388.0, 133.0, 0.0 ]
[ 394.0, 149.0, 0.0 ]
[ 398.0, 166.0, 0.0 ]
[ 400.0, 186.0, 0.0 ]
[ 399.0, 206.0, 0.0 ]
[ 395.0, 226.0, 0.0 ]
[ 389.0, 242.0, 0.0 ]
[ 383.0, 260.0, 0.0 ]
[ 375.0, 280.0, 0.0 ]
[ 369.0, 299.0, 0.0 ]
[ 362.0, 316.0, 0.0 ]
[ 355.0, 335.0, 0.0 ]
[ 350.0, 352.0, 0.0 ]
[ 345.0, 372.0, 0.0 ]
[ 338.0, 395.0, 0.0 ]
[ 334.0, 416.0, 0.0 ]
[ 331.0, 433.0, 0.0 ]
[ 331.0, 454.0, 0.0 ]
[ 333.0, 468.0, 0.0 ]
[ 323.0, 471.0, 0.0 ]
[ 313.0, 469.0, 0.0 ]
[ 264.0, 134.0, 0.0 ]
[ 275.0, 122.0, 0.0 ]
[ 300.0, 106.0, 0.0 ]
[ 314.0, 102.0, 0.0 ]
[ 289.0, 112.0, 0.0 ]
[ 326.0, 102.0, 0.0 ]
[ 341.0, 106.0, 0.0 ]
[ 353.0, 113.0, 0.0 ]
[ 362.0, 125.0, 0.0 ]
[ 372.0, 141.0, 0.0 ]
[ 380.0, 156.0, 0.0 ]
[ 383.0, 174.0, 0.0 ]
[ 383.0, 193.0, 0.0 ]
[ 380.0, 218.0, 0.0 ]
[ 374.0, 237.0, 0.0 ]
[ 366.0, 259.0, 0.0 ]
[ 360.0, 278.0, 0.0 ]
[ 353.0, 295.0, 0.0 ]
[ 346.0, 316.0, 0.0 ]
[ 337.0, 340.0, 0.0 ]
[ 331.0, 359.0, 0.0 ]
[ 326.0, 380.0, 0.0 ]
[ 320.0, 404.0, 0.0 ]
[ 316.0, 427.0, 0.0 ]
[ 312.0, 449.0, 0.0 ]
[ 308.0, 510.0, 0.0 ]
[ 321.0, 515.0, 0.0 ]
[ 322.0, 510.0, 0.0 ]
[ 334.0, 491.0, 0.0 ]
[ 333.0, 509.0, 0.0 ]
[ 311.0, 490.0, 0.0 ]
[ 318.0, 486.0, 0.0 ]
[ 316.0, 505.0, 0.0 ]
[ 327.0, 487.0, 0.0 ]
[ 327.0, 501.0, 0.0 ]
[ 296.0, 517.0, 0.0 ]
[ 345.0, 518.0, 0.0 ]
[ 306.0, 522.0, 0.0 ]
[ 320.0, 523.0, 0.0 ]
[ 334.0, 522.0, 0.0 ]
[ 312.0, 513.0, 0.0 ]
[ 328.0, 513.0, 0.0 ]
[ 363.0, 525.0, 0.0 ]
[ 297.0, 532.0, 0.0 ]
[ 318.0, 538.0, 0.0 ]
[ 334.0, 537.0, 0.0 ]
[ 349.0, 534.0, 0.0 ]
[ 317.0, 555.0, 0.0 ]
[ 315.0, 591.0, 0.0 ]
[ 326.0, 533.0, 0.0 ]
[ 328.0, 592.0, 0.0 ]
[ 316.0, 567.0, 0.0 ]
[ 314.0, 580.0, 0.0 ]
[ 328.0, 546.0, 0.0 ]
[ 328.0, 561.0, 0.0 ]
[ 327.0, 577.0, 0.0 ]
[ 207.0, 549.0, 0.0 ]
[ 223.0, 538.0, 0.0 ]
[ 244.0, 534.0, 0.0 ]
[ 382.0, 533.0, 0.0 ]
[ 402.0, 543.0, 0.0 ]
[ 422.0, 550.0, 0.0 ]
[ 438.0, 560.0, 0.0 ]
[ 263.0, 529.0, 0.0 ]
[ 282.0, 522.0, 0.0 ]
[ 204.0, 563.0, 0.0 ]
[ 212.0, 577.0, 0.0 ]
[ 229.0, 584.0, 0.0 ]
[ 253.0, 591.0, 0.0 ]
[ 272.0, 596.0, 0.0 ]
[ 297.0, 600.0, 0.0 ]
[ 320.0, 601.0, 0.0 ]
[ 343.0, 601.0, 0.0 ]
[ 368.0, 599.0, 0.0 ]
[ 390.0, 596.0, 0.0 ]
[ 410.0, 591.0, 0.0 ]
[ 429.0, 581.0, 0.0 ]
[ 440.0, 571.0, 0.0 ]
[ 214.0, 571.0, 0.0 ]
[ 233.0, 578.0, 0.0 ]
[ 255.0, 585.0, 0.0 ]
[ 279.0, 589.0, 0.0 ]
[ 298.0, 590.0, 0.0 ]
[ 349.0, 591.0, 0.0 ]
[ 365.0, 589.0, 0.0 ]
[ 383.0, 587.0, 0.0 ]
[ 398.0, 584.0, 0.0 ]
[ 416.0, 580.0, 0.0 ]
[ 427.0, 573.0, 0.0 ]
[ 434.0, 565.0, 0.0 ]
[ 209.0, 561.0, 0.0 ]
[ 253.0, 134.0, 0.0 ]
[ 263.0, 121.0, 0.0 ]
[ 278.0, 108.0, 0.0 ]
[ 295.0, 101.0, 0.0 ]
[ 311.0, 96.0, 0.0 ]
[ 327.0, 93.0, 0.0 ]
[ 344.0, 97.0, 0.0 ]
[ 358.0, 105.0, 0.0 ]
[ 371.0, 120.0, 0.0 ]
[ 380.0, 137.0, 0.0 ]
[ 390.0, 157.0, 0.0 ]
[ 392.0, 176.0, 0.0 ]
[ 392.0, 196.0, 0.0 ]
[ 385.0, 221.0, 0.0 ]
[ 377.0, 247.0, 0.0 ]
[ 373.0, 268.0, 0.0 ]
[ 365.0, 287.0, 0.0 ]
[ 357.0, 306.0, 0.0 ]
[ 350.0, 326.0, 0.0 ]
[ 343.0, 346.0, 0.0 ]
[ 336.0, 371.0, 0.0 ]
[ 330.0, 396.0, 0.0 ]
[ 326.0, 419.0, 0.0 ]
[ 322.0, 436.0, 0.0 ]
[ 319.0, 457.0, 0.0 ]
[ 325.0, 465.0, 0.0 ]
[ 325.0, 445.0, 0.0 ]
[ 330.0, 404.0, 0.0 ]
[ 372.0, 129.0, 0.0 ]
[ 234.0, 558.0, 0.0 ]
[ 274.0, 560.0, 0.0 ]
[ 365.0, 560.0, 0.0 ]
[ 411.0, 561.0, 0.0 ]
[ 369.0, 540.0, 0.0 ]
[ 270.0, 536.0, 0.0 ]
[ 288.0, 543.0, 0.0 ]
[ 391.0, 559.0, 0.0 ]
[ 301.0, 554.0, 0.0 ]
[ 347.0, 558.0, 0.0 ]
[ 251.0, 546.0, 0.0 ]
[ 256.0, 571.0, 0.0 ]
[ 297.0, 574.0, 0.0 ]
[ 353.0, 576.0, 0.0 ]
[ 384.0, 574.0, 0.0 ]
[ 337.0, 359.0, 0.0 ]
[ 343.0, 341.0, 0.0 ]
[ 349.0, 317.0, 0.0 ]
[ 357.0, 298.0, 0.0 ]
[ 367.0, 274.0, 0.0 ]
[ 373.0, 261.0, 0.0 ]
[ 380.0, 240.0, 0.0 ]
[ 387.0, 210.0, 0.0 ]
[ 390.0, 188.0, 0.0 ]
[ 387.0, 170.0, 0.0 ]
[ 382.0, 148.0, 0.0 ]
[ 372.0, 123.0, 0.0 ]
[ 361.0, 112.0, 0.0 ]
[ 340.0, 102.0, 0.0 ]
[ 311.0, 101.0, 0.0 ]
[ 299.0, 101.0, 0.0 ]
[ 284.0, 106.0, 0.0 ]
[ 276.0, 116.0, 0.0 ]
[ 255.0, 130.0, 0.0 ]
[ 251.0, 138.0, 0.0 ]
[ 261.0, 129.0, 0.0 ]
[ 261.0, 141.0, 0.0 ]
[ 331.0, 383.0, 0.0 ]
[ 327.0, 405.0, 0.0 ]
[ 322.0, 431.0, 0.0 ]
[ 362.0, 116.0, 0.0 ]
[ 319.0, 597.0, 0.0 ]
[ 1.0, 449.0, 0.0 ]
