700 564
[ 0.0, 0.0, 0.0 ]
[ 700.0, 0.0, 0.0 ]
[ 700.0, 564.0, 0.0 ]
[ 0.0, 564.0, 0.0 ]
[ 136.0, 84.0, 0.0 ]
[ 115.0, 105.0, 0.0 ]
[ 165.0, 86.0, 0.0 ]
[ 114.0, 128.0, 0.0 ]
[ 146.0, 99.0, 0.0 ]
[ 183.0, 98.0, 0.0 ]
[ 126.0, 154.0, 0.0 ]
[ 173.0, 138.0, 0.0 ]
[ 198.0, 113.0, 0.0 ]
[ 129.0, 106.0, 0.0 ]
[ 136.0, 127.0, 0.0 ]
[ 161.0, 118.0, 0.0 ]
[ 175.0, 108.0, 0.0 ]
[ 159.0, 94.0, 0.0 ]
[ 147.0, 149.0, 0.0 ]
[ 188.0, 126.0, 0.0 ]
[ 137.0, 174.0, 0.0 ]
[ 160.0, 169.0, 0.0 ]
[ 188.0, 157.0, 0.0 ]
[ 202.0, 144.0, 0.0 ]
[ 209.0, 129.0, 0.0 ]
[ 151.0, 196.0, 0.0 ]
[ 175.0, 192.0, 0.0 ]
[ 200.0, 179.0, 0.0 ]
[ 220.0, 165.0, 0.0 ]
[ 222.0, 145.0, 0.0 ]
[ 167.0, 224.0, 0.0 ]
[ 194.0, 214.0, 0.0 ]
[ 219.0, 201.0, 0.0 ]
[ 232.0, 187.0, 0.0 ]
[ 236.0, 168.0, 0.0 ]
[ 186.0, 246.0, 0.0 ]
[ 211.0, 239.0, 0.0 ]
[ 235.0, 223.0, 0.0 ]
[ 248.0, 202.0, 0.0 ]
[ 251.0, 185.0, 0.0 ]
[ 207.0, 274.0, 0.0 ]
[ 229.0, 264.0, 0.0 ]
[ 255.0, 244.0, 0.0 ]
[ 265.0, 221.0, 0.0 ]
[ 270.0, 208.0, 0.0 ]
[ 245.0, 278.0, 0.0 ]
[ 269.0, 261.0, 0.0 ]
[ 280.0, 235.0, 0.0 ]
[ 281.0, 220.0, 0.0 ]
[ 238.0, 312.0, 0.0 ]
[ 266.0, 302.0, 0.0 ]
[ 289.0, 286.0, 0.0 ]
[ 303.0, 255.0, 0.0 ]
[ 310.0, 243.0, 0.0 ]
[ 337.0, 262.0, 0.0 ]
[ 340.0, 285.0, 0.0 ]
[ 264.0, 335.0, 0.0 ]
[ 364.0, 217.0, 0.0 ]
[ 379.0, 224.0, 0.0 ]
[ 404.0, 265.0, 0.0 ]
[ 371.0, 242.0, 0.0 ]
[ 393.0, 239.0, 0.0 ]
[ 379.0, 258.0, 0.0 ]
[ 352.0, 240.0, 0.0 ]
[ 355.0, 269.0, 0.0 ]
[ 333.0, 236.0, 0.0 ]
[ 328.0, 256.0, 0.0 ]
[ 320.0, 271.0, 0.0 ]
[ 312.0, 299.0, 0.0 ]
[ 283.0, 322.0, 0.0 ]
[ 111.0, 337.0, 0.0 ]
[ 100.0, 383.0, 0.0 ]
[ 116.0, 406.0, 0.0 ]
[ 120.0, 390.0, 0.0 ]
[ 122.0, 363.0, 0.0 ]
[ 159.0, 348.0, 0.0 ]
[ 201.0, 344.0, 0.0 ]
[ 231.0, 343.0, 0.0 ]
[ 112.0, 354.0, 0.0 ]
[ 141.0, 332.0, 0.0 ]
[ 179.0, 323.0, 0.0 ]
[ 141.0, 322.0, 0.0 ]
[ 175.0, 311.0, 0.0 ]
[ 191.0, 332.0, 0.0 ]
[ 148.0, 338.0, 0.0 ]
[ 223.0, 315.0, 0.0 ]
[ 247.0, 339.0, 0.0 ]
[ 238.0, 350.0, 0.0 ]
[ 226.0, 367.0, 0.0 ]
[ 216.0, 387.0, 0.0 ]
[ 200.0, 411.0, 0.0 ]
[ 175.0, 433.0, 0.0 ]
[ 138.0, 443.0, 0.0 ]
[ 93.0, 449.0, 0.0 ]
[ 139.0, 458.0, 0.0 ]
[ 176.0, 442.0, 0.0 ]
[ 204.0, 430.0, 0.0 ]
[ 235.0, 405.0, 0.0 ]
[ 248.0, 385.0, 0.0 ]
[ 261.0, 373.0, 0.0 ]
[ 281.0, 352.0, 0.0 ]
[ 310.0, 342.0, 0.0 ]
[ 204.0, 422.0, 0.0 ]
[ 223.0, 400.0, 0.0 ]
[ 239.0, 380.0, 0.0 ]
[ 254.0, 365.0, 0.0 ]
[ 279.0, 344.0, 0.0 ]
[ 139.0, 309.0, 0.0 ]
[ 161.0, 300.0, 0.0 ]
[ 184.0, 290.0, 0.0 ]
[ 369.0, 270.0, 0.0 ]
[ 350.0, 288.0, 0.0 ]
[ 345.0, 312.0, 0.0 ]
[ 317.0, 329.0, 0.0 ]
[ 321.0, 317.0, 0.0 ]
[ 366.0, 322.0, 0.0 ]
[ 363.0, 294.0, 0.0 ]
[ 382.0, 275.0, 0.0 ]
[ 382.0, 331.0, 0.0 ]
[ 379.0, 301.0, 0.0 ]
[ 397.0, 282.0, 0.0 ]
[ 416.0, 276.0, 0.0 ]
[ 386.0, 306.0, 0.0 ]
[ 406.0, 289.0, 0.0 ]
[ 429.0, 284.0, 0.0 ]
[ 401.0, 342.0, 0.0 ]
[ 401.0, 317.0, 0.0 ]
[ 419.0, 296.0, 0.0 ]
[ 446.0, 293.0, 0.0 ]
[ 425.0, 357.0, 0.0 ]
[ 427.0, 331.0, 0.0 ]
[ 439.0, 317.0, 0.0 ]
[ 461.0, 308.0, 0.0 ]
[ 454.0, 375.0, 0.0 ]
[ 453.0, 352.0, 0.0 ]
[ 464.0, 339.0, 0.0 ]
[ 480.0, 325.0, 0.0 ]
[ 473.0, 396.0, 0.0 ]
[ 478.0, 370.0, 0.0 ]
[ 490.0, 360.0, 0.0 ]
[ 512.0, 349.0, 0.0 ]
[ 493.0, 413.0, 0.0 ]
[ 498.0, 388.0, 0.0 ]
[ 531.0, 366.0, 0.0 ]
[ 511.0, 424.0, 0.0 ]
[ 543.0, 376.0, 0.0 ]
[ 516.0, 402.0, 0.0 ]
[ 509.0, 374.0, 0.0 ]
[ 524.0, 387.0, 0.0 ]
[ 530.0, 429.0, 0.0 ]
[ 531.0, 411.0, 0.0 ]
[ 535.0, 396.0, 0.0 ]
[ 556.0, 389.0, 0.0 ]
[ 547.0, 436.0, 0.0 ]
[ 544.0, 421.0, 0.0 ]
[ 548.0, 408.0, 0.0 ]
[ 565.0, 407.0, 0.0 ]
[ 561.0, 439.0, 0.0 ]
[ 558.0, 425.0, 0.0 ]
[ 569.0, 422.0, 0.0 ]
[ 569.0, 437.0, 0.0 ]
[ 294.0, 375.0, 0.0 ]
[ 323.0, 394.0, 0.0 ]
[ 362.0, 419.0, 0.0 ]
[ 319.0, 356.0, 0.0 ]
[ 337.0, 377.0, 0.0 ]
[ 367.0, 406.0, 0.0 ]
[ 396.0, 434.0, 0.0 ]
[ 313.0, 369.0, 0.0 ]
[ 333.0, 389.0, 0.0 ]
[ 369.0, 415.0, 0.0 ]
[ 331.0, 329.0, 0.0 ]
[ 353.0, 338.0, 0.0 ]
[ 345.0, 353.0, 0.0 ]
[ 370.0, 368.0, 0.0 ]
[ 384.0, 353.0, 0.0 ]
[ 369.0, 388.0, 0.0 ]
[ 394.0, 406.0, 0.0 ]
[ 410.0, 368.0, 0.0 ]
[ 399.0, 385.0, 0.0 ]
[ 431.0, 421.0, 0.0 ]
[ 441.0, 390.0, 0.0 ]
[ 434.0, 403.0, 0.0 ]
[ 464.0, 430.0, 0.0 ]
[ 467.0, 409.0, 0.0 ]
[ 494.0, 430.0, 0.0 ]
[ 428.0, 446.0, 0.0 ]
[ 474.0, 453.0, 0.0 ]
[ 504.0, 452.0, 0.0 ]
[ 522.0, 445.0, 0.0 ]
[ 510.0, 340.0, 0.0 ]
[ 539.0, 347.0, 0.0 ]
[ 565.0, 356.0, 0.0 ]
[ 577.0, 364.0, 0.0 ]
[ 578.0, 384.0, 0.0 ]
[ 579.0, 398.0, 0.0 ]
[ 555.0, 368.0, 0.0 ]
[ 611.0, 352.0, 0.0 ]
[ 623.0, 338.0, 0.0 ]
[ 635.0, 342.0, 0.0 ]
[ 640.0, 363.0, 0.0 ]
[ 627.0, 379.0, 0.0 ]
[ 602.0, 385.0, 0.0 ]
[ 612.0, 371.0, 0.0 ]
[ 625.0, 352.0, 0.0 ]
[ 219.0, 292.0, 0.0 ]
[ 277.0, 362.0, 0.0 ]
[ 2.0, 305.0, 0.0 ]
