708 708
[ 0.0, 0.0, 0.0 ]
[ 708.0, 0.0, 0.0 ]
[ 708.0, 708.0, 0.0 ]
[ 0.0, 708.0, 0.0 ]
[ 281.0, 45.0, 0.0 ]
[ 427.0, 46.0, 0.0 ]
[ 249.0, 354.0, 0.0 ]
[ 459.0, 354.0, 0.0 ]
[ 266.0, 359.0, 0.0 ]
[ 289.0, 361.0, 0.0 ]
[ 313.0, 362.0, 0.0 ]
[ 333.0, 363.0, 0.0 ]
[ 373.0, 363.0, 0.0 ]
[ 393.0, 363.0, 0.0 ]
[ 439.0, 359.0, 0.0 ]
[ 414.0, 362.0, 0.0 ]
[ 297.0, 43.0, 0.0 ]
[ 316.0, 42.0, 0.0 ]
[ 339.0, 41.0, 0.0 ]
[ 362.0, 41.0, 0.0 ]
[ 386.0, 42.0, 0.0 ]
[ 406.0, 43.0, 0.0 ]
[ 430.0, 69.0, 0.0 ]
[ 433.0, 96.0, 0.0 ]
[ 278.0, 70.0, 0.0 ]
[ 274.0, 98.0, 0.0 ]
[ 271.0, 130.0, 0.0 ]
[ 268.0, 166.0, 0.0 ]
[ 440.0, 167.0, 0.0 ]
[ 436.0, 130.0, 0.0 ]
[ 265.0, 200.0, 0.0 ]
[ 442.0, 200.0, 0.0 ]
[ 261.0, 238.0, 0.0 ]
[ 447.0, 237.0, 0.0 ]
[ 257.0, 277.0, 0.0 ]
[ 450.0, 278.0, 0.0 ]
[ 253.0, 317.0, 0.0 ]
[ 454.0, 318.0, 0.0 ]
[ 350.0, 64.0, 0.0 ]
[ 350.0, 103.0, 0.0 ]
[ 350.0, 144.0, 0.0 ]
[ 350.0, 189.0, 0.0 ]
[ 350.0, 239.0, 0.0 ]
[ 349.0, 282.0, 0.0 ]
[ 349.0, 325.0, 0.0 ]
[ 350.0, 364.0, 0.0 ]
[ 379.0, 66.0, 0.0 ]
[ 404.0, 68.0, 0.0 ]
[ 327.0, 64.0, 0.0 ]
[ 305.0, 68.0, 0.0 ]
[ 301.0, 103.0, 0.0 ]
[ 296.0, 140.0, 0.0 ]
[ 294.0, 173.0, 0.0 ]
[ 290.0, 208.0, 0.0 ]
[ 287.0, 246.0, 0.0 ]
[ 285.0, 279.0, 0.0 ]
[ 281.0, 316.0, 0.0 ]
[ 280.0, 345.0, 0.0 ]
[ 407.0, 96.0, 0.0 ]
[ 408.0, 137.0, 0.0 ]
[ 410.0, 179.0, 0.0 ]
[ 412.0, 216.0, 0.0 ]
[ 417.0, 320.0, 0.0 ]
[ 415.0, 283.0, 0.0 ]
[ 414.0, 250.0, 0.0 ]
[ 328.0, 104.0, 0.0 ]
[ 379.0, 106.0, 0.0 ]
[ 325.0, 148.0, 0.0 ]
[ 382.0, 150.0, 0.0 ]
[ 324.0, 191.0, 0.0 ]
[ 388.0, 195.0, 0.0 ]
[ 316.0, 238.0, 0.0 ]
[ 384.0, 239.0, 0.0 ]
[ 317.0, 282.0, 0.0 ]
[ 388.0, 284.0, 0.0 ]
[ 315.0, 325.0, 0.0 ]
[ 390.0, 325.0, 0.0 ]
[ 349.0, 202.0, 0.0 ]
[ 350.0, 165.0, 0.0 ]
[ 315.0, 311.0, 0.0 ]
[ 385.0, 310.0, 0.0 ]
[ 310.0, 155.0, 0.0 ]
[ 379.0, 163.0, 0.0 ]
[ 335.0, 260.0, 0.0 ]
[ 367.0, 262.0, 0.0 ]
[ 293.0, 341.0, 0.0 ]
[ 331.0, 346.0, 0.0 ]
[ 373.0, 342.0, 0.0 ]
[ 407.0, 342.0, 0.0 ]
[ 439.0, 293.0, 0.0 ]
[ 437.0, 252.0, 0.0 ]
[ 435.0, 214.0, 0.0 ]
[ 432.0, 237.0, 0.0 ]
[ 432.0, 270.0, 0.0 ]
[ 432.0, 306.0, 0.0 ]
[ 337.0, 372.0, 0.0 ]
[ 371.0, 372.0, 0.0 ]
[ 352.0, 370.0, 0.0 ]
[ 361.0, 363.0, 0.0 ]
[ 344.0, 364.0, 0.0 ]
[ 360.0, 370.0, 0.0 ]
[ 334.0, 376.0, 0.0 ]
[ 373.0, 378.0, 0.0 ]
[ 344.0, 378.0, 0.0 ]
[ 354.0, 379.0, 0.0 ]
[ 365.0, 379.0, 0.0 ]
[ 349.0, 383.0, 0.0 ]
[ 360.0, 383.0, 0.0 ]
[ 355.0, 388.0, 0.0 ]
[ 340.0, 384.0, 0.0 ]
[ 368.0, 384.0, 0.0 ]
[ 343.0, 374.0, 0.0 ]
[ 367.0, 375.0, 0.0 ]
[ 354.0, 374.0, 0.0 ]
[ 336.0, 380.0, 0.0 ]
[ 381.0, 386.0, 0.0 ]
[ 328.0, 386.0, 0.0 ]
[ 338.0, 388.0, 0.0 ]
[ 348.0, 391.0, 0.0 ]
[ 365.0, 391.0, 0.0 ]
[ 379.0, 396.0, 0.0 ]
[ 329.0, 397.0, 0.0 ]
[ 382.0, 401.0, 0.0 ]
[ 376.0, 405.0, 0.0 ]
[ 326.0, 401.0, 0.0 ]
[ 331.0, 405.0, 0.0 ]
[ 329.0, 410.0, 0.0 ]
[ 334.0, 414.0, 0.0 ]
[ 378.0, 411.0, 0.0 ]
[ 373.0, 415.0, 0.0 ]
[ 338.0, 421.0, 0.0 ]
[ 338.0, 426.0, 0.0 ]
[ 369.0, 421.0, 0.0 ]
[ 369.0, 426.0, 0.0 ]
[ 373.0, 428.0, 0.0 ]
[ 335.0, 428.0, 0.0 ]
[ 335.0, 434.0, 0.0 ]
[ 374.0, 434.0, 0.0 ]
[ 378.0, 439.0, 0.0 ]
[ 330.0, 438.0, 0.0 ]
[ 341.0, 396.0, 0.0 ]
[ 355.0, 398.0, 0.0 ]
[ 372.0, 397.0, 0.0 ]
[ 368.0, 401.0, 0.0 ]
[ 357.0, 401.0, 0.0 ]
[ 348.0, 402.0, 0.0 ]
[ 362.0, 412.0, 0.0 ]
[ 348.0, 412.0, 0.0 ]
[ 353.0, 420.0, 0.0 ]
[ 346.0, 427.0, 0.0 ]
[ 360.0, 427.0, 0.0 ]
[ 347.0, 432.0, 0.0 ]
[ 360.0, 433.0, 0.0 ]
[ 338.0, 441.0, 0.0 ]
[ 354.0, 441.0, 0.0 ]
[ 369.0, 442.0, 0.0 ]
[ 352.0, 435.0, 0.0 ]
[ 331.0, 446.0, 0.0 ]
[ 343.0, 447.0, 0.0 ]
[ 361.0, 448.0, 0.0 ]
[ 372.0, 448.0, 0.0 ]
[ 325.0, 450.0, 0.0 ]
[ 320.0, 456.0, 0.0 ]
[ 388.0, 454.0, 0.0 ]
[ 384.0, 451.0, 0.0 ]
[ 334.0, 460.0, 0.0 ]
[ 356.0, 462.0, 0.0 ]
[ 378.0, 460.0, 0.0 ]
[ 317.0, 446.0, 0.0 ]
[ 389.0, 445.0, 0.0 ]
[ 303.0, 453.0, 0.0 ]
[ 404.0, 452.0, 0.0 ]
[ 307.0, 461.0, 0.0 ]
[ 402.0, 462.0, 0.0 ]
[ 302.0, 469.0, 0.0 ]
[ 407.0, 469.0, 0.0 ]
[ 309.0, 479.0, 0.0 ]
[ 401.0, 479.0, 0.0 ]
[ 315.0, 484.0, 0.0 ]
[ 391.0, 488.0, 0.0 ]
[ 315.0, 492.0, 0.0 ]
[ 395.0, 491.0, 0.0 ]
[ 317.0, 497.0, 0.0 ]
[ 392.0, 498.0, 0.0 ]
[ 325.0, 473.0, 0.0 ]
[ 355.0, 473.0, 0.0 ]
[ 387.0, 471.0, 0.0 ]
[ 335.0, 487.0, 0.0 ]
[ 341.0, 474.0, 0.0 ]
[ 373.0, 473.0, 0.0 ]
[ 354.0, 488.0, 0.0 ]
[ 374.0, 487.0, 0.0 ]
[ 316.0, 507.0, 0.0 ]
[ 332.0, 512.0, 0.0 ]
[ 352.0, 516.0, 0.0 ]
[ 375.0, 511.0, 0.0 ]
[ 391.0, 508.0, 0.0 ]
[ 335.0, 500.0, 0.0 ]
[ 355.0, 503.0, 0.0 ]
[ 374.0, 501.0, 0.0 ]
[ 334.0, 517.0, 0.0 ]
[ 354.0, 522.0, 0.0 ]
[ 376.0, 517.0, 0.0 ]
[ 402.0, 502.0, 0.0 ]
[ 307.0, 501.0, 0.0 ]
[ 293.0, 509.0, 0.0 ]
[ 415.0, 512.0, 0.0 ]
[ 422.0, 526.0, 0.0 ]
[ 425.0, 539.0, 0.0 ]
[ 284.0, 538.0, 0.0 ]
[ 287.0, 521.0, 0.0 ]
[ 286.0, 552.0, 0.0 ]
[ 421.0, 553.0, 0.0 ]
[ 297.0, 567.0, 0.0 ]
[ 310.0, 575.0, 0.0 ]
[ 326.0, 584.0, 0.0 ]
[ 396.0, 577.0, 0.0 ]
[ 413.0, 567.0, 0.0 ]
[ 385.0, 584.0, 0.0 ]
[ 374.0, 591.0, 0.0 ]
[ 367.0, 600.0, 0.0 ]
[ 337.0, 593.0, 0.0 ]
[ 343.0, 611.0, 0.0 ]
[ 365.0, 612.0, 0.0 ]
[ 344.0, 618.0, 0.0 ]
[ 364.0, 623.0, 0.0 ]
[ 345.0, 634.0, 0.0 ]
[ 363.0, 636.0, 0.0 ]
[ 344.0, 647.0, 0.0 ]
[ 364.0, 649.0, 0.0 ]
[ 341.0, 658.0, 0.0 ]
[ 367.0, 657.0, 0.0 ]
[ 324.0, 659.0, 0.0 ]
[ 307.0, 660.0, 0.0 ]
[ 292.0, 662.0, 0.0 ]
[ 278.0, 665.0, 0.0 ]
[ 264.0, 669.0, 0.0 ]
[ 254.0, 678.0, 0.0 ]
[ 384.0, 658.0, 0.0 ]
[ 400.0, 659.0, 0.0 ]
[ 418.0, 662.0, 0.0 ]
[ 436.0, 667.0, 0.0 ]
[ 450.0, 673.0, 0.0 ]
[ 454.0, 679.0, 0.0 ]
[ 447.0, 689.0, 0.0 ]
[ 437.0, 694.0, 0.0 ]
[ 425.0, 700.0, 0.0 ]
[ 408.0, 703.0, 0.0 ]
[ 267.0, 692.0, 0.0 ]
[ 283.0, 698.0, 0.0 ]
[ 304.0, 703.0, 0.0 ]
[ 325.0, 703.0, 0.0 ]
[ 355.0, 703.0, 0.0 ]
[ 382.0, 703.0, 0.0 ]
[ 263.0, 683.0, 0.0 ]
[ 278.0, 686.0, 0.0 ]
[ 301.0, 690.0, 0.0 ]
[ 325.0, 693.0, 0.0 ]
[ 344.0, 693.0, 0.0 ]
[ 366.0, 694.0, 0.0 ]
[ 386.0, 693.0, 0.0 ]
[ 406.0, 690.0, 0.0 ]
[ 428.0, 687.0, 0.0 ]
[ 442.0, 682.0, 0.0 ]
[ 337.0, 678.0, 0.0 ]
[ 371.0, 676.0, 0.0 ]
[ 320.0, 672.0, 0.0 ]
[ 386.0, 673.0, 0.0 ]
[ 296.0, 550.0, 0.0 ]
[ 308.0, 559.0, 0.0 ]
[ 320.0, 559.0, 0.0 ]
[ 326.0, 566.0, 0.0 ]
[ 318.0, 570.0, 0.0 ]
[ 384.0, 569.0, 0.0 ]
[ 392.0, 572.0, 0.0 ]
[ 377.0, 582.0, 0.0 ]
[ 369.0, 587.0, 0.0 ]
[ 337.0, 586.0, 0.0 ]
[ 307.0, 536.0, 0.0 ]
[ 297.0, 533.0, 0.0 ]
[ 315.0, 519.0, 0.0 ]
[ 303.0, 523.0, 0.0 ]
[ 314.0, 528.0, 0.0 ]
[ 401.0, 536.0, 0.0 ]
[ 410.0, 530.0, 0.0 ]
[ 395.0, 520.0, 0.0 ]
[ 395.0, 528.0, 0.0 ]
[ 403.0, 524.0, 0.0 ]
[ 325.0, 548.0, 0.0 ]
[ 384.0, 546.0, 0.0 ]
[ 405.0, 553.0, 0.0 ]
[ 389.0, 558.0, 0.0 ]
[ 356.0, 553.0, 0.0 ]
[ 356.0, 572.0, 0.0 ]
[ 354.0, 598.0, 0.0 ]
[ 355.0, 619.0, 0.0 ]
[ 354.0, 636.0, 0.0 ]
[ 354.0, 654.0, 0.0 ]
[ 354.0, 666.0, 0.0 ]
[ 355.0, 687.0, 0.0 ]
[ 282.0, 674.0, 0.0 ]
[ 309.0, 672.0, 0.0 ]
[ 402.0, 675.0, 0.0 ]
[ 430.0, 675.0, 0.0 ]
[ 304.0, 513.0, 0.0 ]
[ 404.0, 510.0, 0.0 ]
[ 348.0, 670.0, 0.0 ]
[ 362.0, 665.0, 0.0 ]
[ 360.0, 521.0, 0.0 ]
[ 340.0, 508.0, 0.0 ]
[ 327.0, 669.0, 0.0 ]
[ 379.0, 668.0, 0.0 ]
[ 88.0, 271.0, 0.0 ]
[ 617.0, 261.0, 0.0 ]
[ 596.0, 524.0, 0.0 ]
[ 111.0, 504.0, 0.0 ]
[ 1.0, 565.0, 0.0 ]
