524 539
[ 0.0, 0.0, 0.0 ]
[ 524.0, 0.0, 0.0 ]
[ 524.0, 539.0, 0.0 ]
[ 0.0, 539.0, 0.0 ]
[ 17.0, 145.0, 0.0 ]
[ 24.0, 130.0, 0.0 ]
[ 481.0, 140.0, 0.0 ]
[ 485.0, 155.0, 0.0 ]
[ 27.0, 173.0, 0.0 ]
[ 41.0, 198.0, 0.0 ]
[ 50.0, 219.0, 0.0 ]
[ 57.0, 231.0, 0.0 ]
[ 69.0, 241.0, 0.0 ]
[ 83.0, 255.0, 0.0 ]
[ 94.0, 267.0, 0.0 ]
[ 103.0, 269.0, 0.0 ]
[ 398.0, 273.0, 0.0 ]
[ 412.0, 271.0, 0.0 ]
[ 424.0, 254.0, 0.0 ]
[ 439.0, 235.0, 0.0 ]
[ 453.0, 217.0, 0.0 ]
[ 468.0, 194.0, 0.0 ]
[ 476.0, 172.0, 0.0 ]
[ 454.0, 121.0, 0.0 ]
[ 435.0, 111.0, 0.0 ]
[ 413.0, 103.0, 0.0 ]
[ 397.0, 99.0, 0.0 ]
[ 377.0, 93.0, 0.0 ]
[ 129.0, 91.0, 0.0 ]
[ 110.0, 97.0, 0.0 ]
[ 92.0, 105.0, 0.0 ]
[ 82.0, 105.0, 0.0 ]
[ 64.0, 115.0, 0.0 ]
[ 48.0, 120.0, 0.0 ]
[ 153.0, 75.0, 0.0 ]
[ 149.0, 83.0, 0.0 ]
[ 161.0, 64.0, 0.0 ]
[ 151.0, 54.0, 0.0 ]
[ 173.0, 57.0, 0.0 ]
[ 183.0, 44.0, 0.0 ]
[ 188.0, 49.0, 0.0 ]
[ 201.0, 51.0, 0.0 ]
[ 207.0, 42.0, 0.0 ]
[ 222.0, 28.0, 0.0 ]
[ 228.0, 38.0, 0.0 ]
[ 239.0, 34.0, 0.0 ]
[ 253.0, 38.0, 0.0 ]
[ 266.0, 41.0, 0.0 ]
[ 278.0, 32.0, 0.0 ]
[ 281.0, 36.0, 0.0 ]
[ 294.0, 40.0, 0.0 ]
[ 298.0, 46.0, 0.0 ]
[ 307.0, 46.0, 0.0 ]
[ 310.0, 36.0, 0.0 ]
[ 315.0, 49.0, 0.0 ]
[ 320.0, 54.0, 0.0 ]
[ 328.0, 50.0, 0.0 ]
[ 338.0, 44.0, 0.0 ]
[ 340.0, 57.0, 0.0 ]
[ 350.0, 59.0, 0.0 ]
[ 353.0, 50.0, 0.0 ]
[ 356.0, 63.0, 0.0 ]
[ 361.0, 67.0, 0.0 ]
[ 363.0, 78.0, 0.0 ]
[ 375.0, 82.0, 0.0 ]
[ 118.0, 110.0, 0.0 ]
[ 112.0, 131.0, 0.0 ]
[ 112.0, 159.0, 0.0 ]
[ 109.0, 177.0, 0.0 ]
[ 109.0, 202.0, 0.0 ]
[ 103.0, 227.0, 0.0 ]
[ 103.0, 248.0, 0.0 ]
[ 400.0, 251.0, 0.0 ]
[ 399.0, 226.0, 0.0 ]
[ 396.0, 195.0, 0.0 ]
[ 396.0, 170.0, 0.0 ]
[ 394.0, 142.0, 0.0 ]
[ 388.0, 125.0, 0.0 ]
[ 380.0, 107.0, 0.0 ]
[ 402.0, 112.0, 0.0 ]
[ 405.0, 140.0, 0.0 ]
[ 406.0, 165.0, 0.0 ]
[ 406.0, 201.0, 0.0 ]
[ 412.0, 233.0, 0.0 ]
[ 408.0, 186.0, 0.0 ]
[ 472.0, 153.0, 0.0 ]
[ 466.0, 178.0, 0.0 ]
[ 454.0, 201.0, 0.0 ]
[ 440.0, 224.0, 0.0 ]
[ 426.0, 237.0, 0.0 ]
[ 461.0, 141.0, 0.0 ]
[ 445.0, 131.0, 0.0 ]
[ 428.0, 121.0, 0.0 ]
[ 416.0, 116.0, 0.0 ]
[ 421.0, 141.0, 0.0 ]
[ 422.0, 166.0, 0.0 ]
[ 422.0, 189.0, 0.0 ]
[ 422.0, 218.0, 0.0 ]
[ 102.0, 112.0, 0.0 ]
[ 100.0, 141.0, 0.0 ]
[ 98.0, 172.0, 0.0 ]
[ 98.0, 199.0, 0.0 ]
[ 100.0, 224.0, 0.0 ]
[ 83.0, 122.0, 0.0 ]
[ 87.0, 147.0, 0.0 ]
[ 87.0, 172.0, 0.0 ]
[ 88.0, 196.0, 0.0 ]
[ 42.0, 134.0, 0.0 ]
[ 45.0, 157.0, 0.0 ]
[ 53.0, 180.0, 0.0 ]
[ 62.0, 202.0, 0.0 ]
[ 77.0, 225.0, 0.0 ]
[ 60.0, 127.0, 0.0 ]
[ 29.0, 152.0, 0.0 ]
[ 38.0, 171.0, 0.0 ]
[ 50.0, 192.0, 0.0 ]
[ 61.0, 218.0, 0.0 ]
[ 117.0, 191.0, 0.0 ]
[ 117.0, 170.0, 0.0 ]
[ 152.0, 159.0, 0.0 ]
[ 134.0, 159.0, 0.0 ]
[ 149.0, 151.0, 0.0 ]
[ 166.0, 142.0, 0.0 ]
[ 185.0, 147.0, 0.0 ]
[ 203.0, 144.0, 0.0 ]
[ 206.0, 160.0, 0.0 ]
[ 204.0, 180.0, 0.0 ]
[ 194.0, 183.0, 0.0 ]
[ 180.0, 185.0, 0.0 ]
[ 166.0, 183.0, 0.0 ]
[ 147.0, 181.0, 0.0 ]
[ 133.0, 183.0, 0.0 ]
[ 187.0, 171.0, 0.0 ]
[ 161.0, 169.0, 0.0 ]
[ 298.0, 178.0, 0.0 ]
[ 300.0, 163.0, 0.0 ]
[ 307.0, 148.0, 0.0 ]
[ 318.0, 138.0, 0.0 ]
[ 333.0, 134.0, 0.0 ]
[ 321.0, 143.0, 0.0 ]
[ 328.0, 144.0, 0.0 ]
[ 344.0, 137.0, 0.0 ]
[ 355.0, 145.0, 0.0 ]
[ 370.0, 151.0, 0.0 ]
[ 369.0, 160.0, 0.0 ]
[ 352.0, 165.0, 0.0 ]
[ 370.0, 168.0, 0.0 ]
[ 380.0, 174.0, 0.0 ]
[ 366.0, 178.0, 0.0 ]
[ 347.0, 179.0, 0.0 ]
[ 327.0, 184.0, 0.0 ]
[ 313.0, 183.0, 0.0 ]
[ 307.0, 177.0, 0.0 ]
[ 316.0, 158.0, 0.0 ]
[ 332.0, 161.0, 0.0 ]
[ 178.0, 159.0, 0.0 ]
[ 140.0, 171.0, 0.0 ]
[ 191.0, 221.0, 0.0 ]
[ 140.0, 227.0, 0.0 ]
[ 150.0, 215.0, 0.0 ]
[ 167.0, 207.0, 0.0 ]
[ 180.0, 209.0, 0.0 ]
[ 184.0, 231.0, 0.0 ]
[ 171.0, 239.0, 0.0 ]
[ 160.0, 243.0, 0.0 ]
[ 145.0, 243.0, 0.0 ]
[ 307.0, 222.0, 0.0 ]
[ 313.0, 212.0, 0.0 ]
[ 327.0, 209.0, 0.0 ]
[ 345.0, 213.0, 0.0 ]
[ 355.0, 220.0, 0.0 ]
[ 358.0, 233.0, 0.0 ]
[ 349.0, 242.0, 0.0 ]
[ 332.0, 244.0, 0.0 ]
[ 316.0, 237.0, 0.0 ]
[ 176.0, 226.0, 0.0 ]
[ 172.0, 220.0, 0.0 ]
[ 164.0, 219.0, 0.0 ]
[ 157.0, 225.0, 0.0 ]
[ 160.0, 231.0, 0.0 ]
[ 171.0, 230.0, 0.0 ]
[ 165.0, 225.0, 0.0 ]
[ 331.0, 228.0, 0.0 ]
[ 322.0, 222.0, 0.0 ]
[ 321.0, 228.0, 0.0 ]
[ 326.0, 234.0, 0.0 ]
[ 340.0, 227.0, 0.0 ]
[ 336.0, 235.0, 0.0 ]
[ 337.0, 220.0, 0.0 ]
[ 328.0, 217.0, 0.0 ]
[ 320.0, 216.0, 0.0 ]
[ 331.0, 224.0, 0.0 ]
[ 151.0, 221.0, 0.0 ]
[ 159.0, 216.0, 0.0 ]
[ 214.0, 190.0, 0.0 ]
[ 219.0, 207.0, 0.0 ]
[ 212.0, 231.0, 0.0 ]
[ 199.0, 249.0, 0.0 ]
[ 171.0, 261.0, 0.0 ]
[ 147.0, 263.0, 0.0 ]
[ 127.0, 265.0, 0.0 ]
[ 119.0, 241.0, 0.0 ]
[ 120.0, 218.0, 0.0 ]
[ 129.0, 196.0, 0.0 ]
[ 200.0, 197.0, 0.0 ]
[ 211.0, 214.0, 0.0 ]
[ 305.0, 192.0, 0.0 ]
[ 297.0, 205.0, 0.0 ]
[ 296.0, 221.0, 0.0 ]
[ 303.0, 241.0, 0.0 ]
[ 325.0, 254.0, 0.0 ]
[ 351.0, 257.0, 0.0 ]
[ 373.0, 253.0, 0.0 ]
[ 386.0, 233.0, 0.0 ]
[ 383.0, 206.0, 0.0 ]
[ 367.0, 194.0, 0.0 ]
[ 342.0, 187.0, 0.0 ]
[ 283.0, 184.0, 0.0 ]
[ 281.0, 202.0, 0.0 ]
[ 281.0, 223.0, 0.0 ]
[ 282.0, 238.0, 0.0 ]
[ 305.0, 250.0, 0.0 ]
[ 332.0, 263.0, 0.0 ]
[ 356.0, 275.0, 0.0 ]
[ 380.0, 281.0, 0.0 ]
[ 396.0, 289.0, 0.0 ]
[ 399.0, 310.0, 0.0 ]
[ 400.0, 331.0, 0.0 ]
[ 105.0, 280.0, 0.0 ]
[ 101.0, 301.0, 0.0 ]
[ 100.0, 291.0, 0.0 ]
[ 92.0, 320.0, 0.0 ]
[ 96.0, 332.0, 0.0 ]
[ 97.0, 325.0, 0.0 ]
[ 89.0, 350.0, 0.0 ]
[ 88.0, 376.0, 0.0 ]
[ 98.0, 362.0, 0.0 ]
[ 109.0, 343.0, 0.0 ]
[ 122.0, 333.0, 0.0 ]
[ 141.0, 326.0, 0.0 ]
[ 165.0, 324.0, 0.0 ]
[ 181.0, 330.0, 0.0 ]
[ 156.0, 321.0, 0.0 ]
[ 181.0, 321.0, 0.0 ]
[ 187.0, 328.0, 0.0 ]
[ 141.0, 319.0, 0.0 ]
[ 124.0, 323.0, 0.0 ]
[ 140.0, 311.0, 0.0 ]
[ 160.0, 306.0, 0.0 ]
[ 183.0, 308.0, 0.0 ]
[ 200.0, 317.0, 0.0 ]
[ 174.0, 297.0, 0.0 ]
[ 191.0, 297.0, 0.0 ]
[ 209.0, 307.0, 0.0 ]
[ 209.0, 293.0, 0.0 ]
[ 195.0, 282.0, 0.0 ]
[ 222.0, 293.0, 0.0 ]
[ 231.0, 311.0, 0.0 ]
[ 235.0, 289.0, 0.0 ]
[ 245.0, 274.0, 0.0 ]
[ 237.0, 296.0, 0.0 ]
[ 242.0, 307.0, 0.0 ]
[ 252.0, 295.0, 0.0 ]
[ 259.0, 283.0, 0.0 ]
[ 258.0, 297.0, 0.0 ]
[ 260.0, 310.0, 0.0 ]
[ 267.0, 304.0, 0.0 ]
[ 277.0, 285.0, 0.0 ]
[ 273.0, 307.0, 0.0 ]
[ 297.0, 290.0, 0.0 ]
[ 284.0, 296.0, 0.0 ]
[ 311.0, 286.0, 0.0 ]
[ 289.0, 300.0, 0.0 ]
[ 284.0, 310.0, 0.0 ]
[ 294.0, 305.0, 0.0 ]
[ 317.0, 302.0, 0.0 ]
[ 294.0, 315.0, 0.0 ]
[ 301.0, 319.0, 0.0 ]
[ 311.0, 322.0, 0.0 ]
[ 321.0, 316.0, 0.0 ]
[ 339.0, 315.0, 0.0 ]
[ 355.0, 317.0, 0.0 ]
[ 331.0, 320.0, 0.0 ]
[ 335.0, 326.0, 0.0 ]
[ 351.0, 328.0, 0.0 ]
[ 369.0, 340.0, 0.0 ]
[ 385.0, 350.0, 0.0 ]
[ 400.0, 370.0, 0.0 ]
[ 410.0, 377.0, 0.0 ]
[ 402.0, 356.0, 0.0 ]
[ 398.0, 345.0, 0.0 ]
[ 402.0, 391.0, 0.0 ]
[ 93.0, 389.0, 0.0 ]
[ 102.0, 401.0, 0.0 ]
[ 103.0, 416.0, 0.0 ]
[ 106.0, 424.0, 0.0 ]
[ 115.0, 425.0, 0.0 ]
[ 117.0, 437.0, 0.0 ]
[ 123.0, 432.0, 0.0 ]
[ 132.0, 435.0, 0.0 ]
[ 142.0, 447.0, 0.0 ]
[ 158.0, 457.0, 0.0 ]
[ 180.0, 470.0, 0.0 ]
[ 204.0, 481.0, 0.0 ]
[ 229.0, 486.0, 0.0 ]
[ 249.0, 489.0, 0.0 ]
[ 298.0, 479.0, 0.0 ]
[ 276.0, 484.0, 0.0 ]
[ 322.0, 469.0, 0.0 ]
[ 338.0, 460.0, 0.0 ]
[ 350.0, 454.0, 0.0 ]
[ 359.0, 459.0, 0.0 ]
[ 371.0, 450.0, 0.0 ]
[ 383.0, 436.0, 0.0 ]
[ 392.0, 430.0, 0.0 ]
[ 398.0, 413.0, 0.0 ]
[ 238.0, 319.0, 0.0 ]
[ 254.0, 319.0, 0.0 ]
[ 273.0, 325.0, 0.0 ]
[ 289.0, 332.0, 0.0 ]
[ 300.0, 346.0, 0.0 ]
[ 299.0, 357.0, 0.0 ]
[ 294.0, 373.0, 0.0 ]
[ 281.0, 386.0, 0.0 ]
[ 271.0, 398.0, 0.0 ]
[ 257.0, 408.0, 0.0 ]
[ 251.0, 416.0, 0.0 ]
[ 250.0, 428.0, 0.0 ]
[ 250.0, 436.0, 0.0 ]
[ 244.0, 435.0, 0.0 ]
[ 244.0, 423.0, 0.0 ]
[ 244.0, 411.0, 0.0 ]
[ 232.0, 405.0, 0.0 ]
[ 215.0, 395.0, 0.0 ]
[ 205.0, 382.0, 0.0 ]
[ 195.0, 372.0, 0.0 ]
[ 192.0, 353.0, 0.0 ]
[ 197.0, 337.0, 0.0 ]
[ 211.0, 325.0, 0.0 ]
[ 225.0, 320.0, 0.0 ]
[ 210.0, 356.0, 0.0 ]
[ 225.0, 345.0, 0.0 ]
[ 244.0, 341.0, 0.0 ]
[ 260.0, 342.0, 0.0 ]
[ 280.0, 350.0, 0.0 ]
[ 268.0, 351.0, 0.0 ]
[ 239.0, 351.0, 0.0 ]
[ 254.0, 352.0, 0.0 ]
[ 225.0, 353.0, 0.0 ]
[ 225.0, 361.0, 0.0 ]
[ 232.0, 366.0, 0.0 ]
[ 235.0, 377.0, 0.0 ]
[ 228.0, 381.0, 0.0 ]
[ 218.0, 380.0, 0.0 ]
[ 219.0, 373.0, 0.0 ]
[ 264.0, 367.0, 0.0 ]
[ 271.0, 363.0, 0.0 ]
[ 276.0, 368.0, 0.0 ]
[ 278.0, 376.0, 0.0 ]
[ 264.0, 378.0, 0.0 ]
[ 270.0, 382.0, 0.0 ]
[ 258.0, 386.0, 0.0 ]
[ 266.0, 390.0, 0.0 ]
[ 259.0, 379.0, 0.0 ]
[ 232.0, 387.0, 0.0 ]
[ 223.0, 388.0, 0.0 ]
[ 217.0, 388.0, 0.0 ]
[ 247.0, 372.0, 0.0 ]
[ 246.0, 393.0, 0.0 ]
[ 209.0, 344.0, 0.0 ]
[ 228.0, 335.0, 0.0 ]
[ 253.0, 335.0, 0.0 ]
[ 279.0, 340.0, 0.0 ]
[ 225.0, 171.0, 0.0 ]
[ 246.0, 195.0, 0.0 ]
[ 273.0, 173.0, 0.0 ]
[ 243.0, 245.0, 0.0 ]
[ 212.0, 263.0, 0.0 ]
[ 281.0, 263.0, 0.0 ]
[ 177.0, 350.0, 0.0 ]
[ 135.0, 356.0, 0.0 ]
[ 118.0, 385.0, 0.0 ]
[ 121.0, 410.0, 0.0 ]
[ 153.0, 386.0, 0.0 ]
[ 179.0, 381.0, 0.0 ]
[ 194.0, 401.0, 0.0 ]
[ 156.0, 417.0, 0.0 ]
[ 165.0, 444.0, 0.0 ]
[ 187.0, 440.0, 0.0 ]
[ 211.0, 434.0, 0.0 ]
[ 227.0, 434.0, 0.0 ]
[ 271.0, 434.0, 0.0 ]
[ 298.0, 438.0, 0.0 ]
[ 320.0, 443.0, 0.0 ]
[ 306.0, 452.0, 0.0 ]
[ 282.0, 452.0, 0.0 ]
[ 249.0, 447.0, 0.0 ]
[ 232.0, 444.0, 0.0 ]
[ 212.0, 447.0, 0.0 ]
[ 192.0, 450.0, 0.0 ]
[ 320.0, 454.0, 0.0 ]
[ 184.0, 453.0, 0.0 ]
[ 314.0, 342.0, 0.0 ]
[ 339.0, 342.0, 0.0 ]
[ 361.0, 352.0, 0.0 ]
[ 379.0, 371.0, 0.0 ]
[ 390.0, 390.0, 0.0 ]
[ 315.0, 363.0, 0.0 ]
[ 339.0, 370.0, 0.0 ]
[ 358.0, 383.0, 0.0 ]
[ 375.0, 403.0, 0.0 ]
[ 314.0, 386.0, 0.0 ]
[ 336.0, 403.0, 0.0 ]
[ 346.0, 430.0, 0.0 ]
[ 305.0, 416.0, 0.0 ]
[ 179.0, 422.0, 0.0 ]
[ 243.0, 226.0, 0.0 ]
[ 222.0, 249.0, 0.0 ]
[ 262.0, 248.0, 0.0 ]
[ 227.0, 154.0, 0.0 ]
[ 252.0, 151.0, 0.0 ]
[ 276.0, 152.0, 0.0 ]
[ 357.0, 111.0, 0.0 ]
[ 318.0, 92.0, 0.0 ]
[ 286.0, 82.0, 0.0 ]
[ 248.0, 77.0, 0.0 ]
[ 204.0, 84.0, 0.0 ]
[ 178.0, 99.0, 0.0 ]
[ 146.0, 117.0, 0.0 ]
[ 136.0, 140.0, 0.0 ]
[ 175.0, 83.0, 0.0 ]
[ 196.0, 87.0, 0.0 ]
[ 179.0, 69.0, 0.0 ]
[ 194.0, 69.0, 0.0 ]
[ 214.0, 63.0, 0.0 ]
[ 217.0, 85.0, 0.0 ]
[ 272.0, 76.0, 0.0 ]
[ 272.0, 92.0, 0.0 ]
[ 262.0, 57.0, 0.0 ]
[ 350.0, 106.0, 0.0 ]
[ 365.0, 90.0, 0.0 ]
[ 328.0, 70.0, 0.0 ]
[ 265.0, 120.0, 0.0 ]
[ 179.0, 124.0, 0.0 ]
[ 218.0, 119.0, 0.0 ]
[ 310.0, 119.0, 0.0 ]
[ 322.0, 175.0, 0.0 ]
[ 149.0, 157.0, 0.0 ]
[ 231.0, 259.0, 0.0 ]
[ 343.0, 291.0, 0.0 ]
[ 147.0, 287.0, 0.0 ]
[ 159.0, 365.0, 0.0 ]
[ 281.0, 439.0, 0.0 ]
[ 261.0, 446.0, 0.0 ]
[ 307.0, 241.0, 0.0 ]
[ 152.0, 209.0, 0.0 ]
[ 258.0, 227.0, 0.0 ]
[ 246.0, 102.0, 0.0 ]
[ 444.0, 160.0, 0.0 ]
[ 440.0, 188.0, 0.0 ]
[ 66.0, 153.0, 0.0 ]
[ 74.0, 192.0, 0.0 ]
[ 4.0, 454.0, 0.0 ]
