895 708
[ 0.0, 0.0, 0.0 ]
[ 895.0, 0.0, 0.0 ]
[ 895.0, 708.0, 0.0 ]
[ 0.0, 708.0, 0.0 ]
[ 381.0, 117.0, 0.0 ]
[ 394.0, 119.0, 0.0 ]
[ 368.0, 127.0, 0.0 ]
[ 363.0, 153.0, 0.0 ]
[ 365.0, 189.0, 0.0 ]
[ 371.0, 226.0, 0.0 ]
[ 384.0, 259.0, 0.0 ]
[ 391.0, 280.0, 0.0 ]
[ 414.0, 150.0, 0.0 ]
[ 422.0, 173.0, 0.0 ]
[ 438.0, 186.0, 0.0 ]
[ 436.0, 196.0, 0.0 ]
[ 456.0, 195.0, 0.0 ]
[ 513.0, 196.0, 0.0 ]
[ 516.0, 180.0, 0.0 ]
[ 479.0, 196.0, 0.0 ]
[ 538.0, 152.0, 0.0 ]
[ 558.0, 123.0, 0.0 ]
[ 575.0, 109.0, 0.0 ]
[ 592.0, 112.0, 0.0 ]
[ 602.0, 139.0, 0.0 ]
[ 602.0, 157.0, 0.0 ]
[ 598.0, 188.0, 0.0 ]
[ 593.0, 209.0, 0.0 ]
[ 586.0, 240.0, 0.0 ]
[ 570.0, 257.0, 0.0 ]
[ 563.0, 281.0, 0.0 ]
[ 573.0, 308.0, 0.0 ]
[ 583.0, 330.0, 0.0 ]
[ 580.0, 358.0, 0.0 ]
[ 595.0, 393.0, 0.0 ]
[ 588.0, 439.0, 0.0 ]
[ 599.0, 493.0, 0.0 ]
[ 611.0, 517.0, 0.0 ]
[ 650.0, 530.0, 0.0 ]
[ 658.0, 544.0, 0.0 ]
[ 656.0, 568.0, 0.0 ]
[ 629.0, 569.0, 0.0 ]
[ 610.0, 562.0, 0.0 ]
[ 614.0, 549.0, 0.0 ]
[ 625.0, 554.0, 0.0 ]
[ 638.0, 545.0, 0.0 ]
[ 648.0, 554.0, 0.0 ]
[ 590.0, 554.0, 0.0 ]
[ 573.0, 540.0, 0.0 ]
[ 558.0, 535.0, 0.0 ]
[ 545.0, 514.0, 0.0 ]
[ 533.0, 509.0, 0.0 ]
[ 518.0, 519.0, 0.0 ]
[ 519.0, 534.0, 0.0 ]
[ 533.0, 554.0, 0.0 ]
[ 526.0, 573.0, 0.0 ]
[ 515.0, 577.0, 0.0 ]
[ 493.0, 573.0, 0.0 ]
[ 477.0, 575.0, 0.0 ]
[ 493.0, 557.0, 0.0 ]
[ 497.0, 568.0, 0.0 ]
[ 509.0, 558.0, 0.0 ]
[ 517.0, 567.0, 0.0 ]
[ 464.0, 565.0, 0.0 ]
[ 430.0, 554.0, 0.0 ]
[ 405.0, 546.0, 0.0 ]
[ 381.0, 533.0, 0.0 ]
[ 362.0, 530.0, 0.0 ]
[ 324.0, 494.0, 0.0 ]
[ 323.0, 472.0, 0.0 ]
[ 311.0, 470.0, 0.0 ]
[ 300.0, 479.0, 0.0 ]
[ 288.0, 471.0, 0.0 ]
[ 270.0, 469.0, 0.0 ]
[ 265.0, 444.0, 0.0 ]
[ 237.0, 429.0, 0.0 ]
[ 220.0, 432.0, 0.0 ]
[ 168.0, 460.0, 0.0 ]
[ 154.0, 465.0, 0.0 ]
[ 143.0, 460.0, 0.0 ]
[ 137.0, 444.0, 0.0 ]
[ 152.0, 428.0, 0.0 ]
[ 161.0, 403.0, 0.0 ]
[ 185.0, 364.0, 0.0 ]
[ 206.0, 325.0, 0.0 ]
[ 241.0, 296.0, 0.0 ]
[ 279.0, 280.0, 0.0 ]
[ 322.0, 283.0, 0.0 ]
[ 360.0, 285.0, 0.0 ]
[ 373.0, 286.0, 0.0 ]
[ 365.0, 314.0, 0.0 ]
[ 370.0, 352.0, 0.0 ]
[ 400.0, 387.0, 0.0 ]
[ 420.0, 421.0, 0.0 ]
[ 474.0, 436.0, 0.0 ]
[ 510.0, 434.0, 0.0 ]
[ 552.0, 430.0, 0.0 ]
[ 570.0, 385.0, 0.0 ]
[ 541.0, 330.0, 0.0 ]
[ 520.0, 359.0, 0.0 ]
[ 496.0, 375.0, 0.0 ]
[ 439.0, 375.0, 0.0 ]
[ 417.0, 332.0, 0.0 ]
[ 393.0, 301.0, 0.0 ]
[ 445.0, 222.0, 0.0 ]
[ 493.0, 222.0, 0.0 ]
[ 495.0, 203.0, 0.0 ]
[ 454.0, 205.0, 0.0 ]
[ 472.0, 204.0, 0.0 ]
[ 460.0, 251.0, 0.0 ]
[ 482.0, 247.0, 0.0 ]
[ 470.0, 224.0, 0.0 ]
[ 457.0, 288.0, 0.0 ]
[ 490.0, 286.0, 0.0 ]
[ 444.0, 314.0, 0.0 ]
[ 501.0, 315.0, 0.0 ]
[ 432.0, 344.0, 0.0 ]
[ 510.0, 348.0, 0.0 ]
[ 458.0, 328.0, 0.0 ]
[ 476.0, 328.0, 0.0 ]
[ 456.0, 362.0, 0.0 ]
[ 480.0, 362.0, 0.0 ]
[ 445.0, 343.0, 0.0 ]
[ 489.0, 342.0, 0.0 ]
[ 457.0, 347.0, 0.0 ]
[ 452.0, 354.0, 0.0 ]
[ 462.0, 355.0, 0.0 ]
[ 474.0, 353.0, 0.0 ]
[ 483.0, 350.0, 0.0 ]
[ 476.0, 347.0, 0.0 ]
[ 436.0, 262.0, 0.0 ]
[ 422.0, 266.0, 0.0 ]
[ 423.0, 280.0, 0.0 ]
[ 437.0, 282.0, 0.0 ]
[ 448.0, 276.0, 0.0 ]
[ 495.0, 277.0, 0.0 ]
[ 503.0, 264.0, 0.0 ]
[ 515.0, 262.0, 0.0 ]
[ 523.0, 271.0, 0.0 ]
[ 510.0, 281.0, 0.0 ]
[ 502.0, 275.0, 0.0 ]
[ 514.0, 271.0, 0.0 ]
[ 433.0, 270.0, 0.0 ]
[ 440.0, 272.0, 0.0 ]
[ 364.0, 338.0, 0.0 ]
[ 339.0, 371.0, 0.0 ]
[ 324.0, 403.0, 0.0 ]
[ 327.0, 437.0, 0.0 ]
[ 346.0, 470.0, 0.0 ]
[ 354.0, 430.0, 0.0 ]
[ 379.0, 403.0, 0.0 ]
[ 367.0, 473.0, 0.0 ]
[ 388.0, 461.0, 0.0 ]
[ 395.0, 498.0, 0.0 ]
[ 438.0, 472.0, 0.0 ]
[ 462.0, 490.0, 0.0 ]
[ 489.0, 512.0, 0.0 ]
[ 552.0, 501.0, 0.0 ]
[ 578.0, 475.0, 0.0 ]
[ 537.0, 469.0, 0.0 ]
[ 256.0, 341.0, 0.0 ]
[ 264.0, 390.0, 0.0 ]
[ 180.0, 398.0, 0.0 ]
[ 206.0, 416.0, 0.0 ]
[ 216.0, 382.0, 0.0 ]
[ 244.0, 376.0, 0.0 ]
[ 295.0, 312.0, 0.0 ]
[ 296.0, 384.0, 0.0 ]
[ 297.0, 434.0, 0.0 ]
[ 327.0, 332.0, 0.0 ]
[ 429.0, 503.0, 0.0 ]
[ 413.0, 340.0, 0.0 ]
[ 385.0, 146.0, 0.0 ]
[ 399.0, 200.0, 0.0 ]
[ 575.0, 148.0, 0.0 ]
[ 556.0, 198.0, 0.0 ]
[ 525.0, 198.0, 0.0 ]
[ 550.0, 229.0, 0.0 ]
[ 556.0, 262.0, 0.0 ]
[ 424.0, 202.0, 0.0 ]
[ 406.0, 241.0, 0.0 ]
[ 192.0, 426.0, 0.0 ]
[ 221.0, 341.0, 0.0 ]
[ 456.0, 287.0, 0.0 ]
[ 489.0, 281.0, 0.0 ]
[ 398.0, 136.0, 0.0 ]
[ 390.0, 128.0, 0.0 ]
[ 372.0, 134.0, 0.0 ]
[ 369.0, 168.0, 0.0 ]
[ 371.0, 184.0, 0.0 ]
[ 377.0, 204.0, 0.0 ]
[ 382.0, 230.0, 0.0 ]
[ 539.0, 164.0, 0.0 ]
[ 555.0, 144.0, 0.0 ]
[ 562.0, 132.0, 0.0 ]
[ 576.0, 116.0, 0.0 ]
[ 592.0, 130.0, 0.0 ]
[ 597.0, 153.0, 0.0 ]
[ 593.0, 178.0, 0.0 ]
[ 594.0, 181.0, 0.0 ]
[ 591.0, 198.0, 0.0 ]
[ 583.0, 223.0, 0.0 ]
[ 417.0, 176.0, 0.0 ]
[ 409.0, 159.0, 0.0 ]
[ 400.0, 136.0, 0.0 ]
[ 398.0, 369.0, 0.0 ]
[ 468.0, 430.0, 0.0 ]
[ 528.0, 410.0, 0.0 ]
[ 514.0, 370.0, 0.0 ]
[ 416.0, 351.0, 0.0 ]
[ 391.0, 346.0, 0.0 ]
[ 500.0, 350.0, 0.0 ]
[ 1.0, 256.0, 0.0 ]
