471 708
[ 0.0, 0.0, 0.0 ]
[ 471.0, 0.0, 0.0 ]
[ 471.0, 708.0, 0.0 ]
[ 0.0, 708.0, 0.0 ]
[ 177.0, 172.0, 0.0 ]
[ 187.0, 162.0, 0.0 ]
[ 198.0, 149.0, 0.0 ]
[ 209.0, 148.0, 0.0 ]
[ 229.0, 143.0, 0.0 ]
[ 245.0, 142.0, 0.0 ]
[ 259.0, 149.0, 0.0 ]
[ 278.0, 159.0, 0.0 ]
[ 290.0, 169.0, 0.0 ]
[ 300.0, 186.0, 0.0 ]
[ 309.0, 214.0, 0.0 ]
[ 313.0, 229.0, 0.0 ]
[ 311.0, 239.0, 0.0 ]
[ 302.0, 254.0, 0.0 ]
[ 294.0, 271.0, 0.0 ]
[ 305.0, 293.0, 0.0 ]
[ 314.0, 307.0, 0.0 ]
[ 325.0, 321.0, 0.0 ]
[ 340.0, 338.0, 0.0 ]
[ 349.0, 353.0, 0.0 ]
[ 337.0, 368.0, 0.0 ]
[ 327.0, 377.0, 0.0 ]
[ 315.0, 387.0, 0.0 ]
[ 315.0, 397.0, 0.0 ]
[ 323.0, 409.0, 0.0 ]
[ 326.0, 418.0, 0.0 ]
[ 324.0, 430.0, 0.0 ]
[ 314.0, 440.0, 0.0 ]
[ 309.0, 460.0, 0.0 ]
[ 305.0, 482.0, 0.0 ]
[ 302.0, 506.0, 0.0 ]
[ 299.0, 533.0, 0.0 ]
[ 292.0, 537.0, 0.0 ]
[ 276.0, 536.0, 0.0 ]
[ 267.0, 552.0, 0.0 ]
[ 258.0, 566.0, 0.0 ]
[ 256.0, 596.0, 0.0 ]
[ 257.0, 633.0, 0.0 ]
[ 245.0, 628.0, 0.0 ]
[ 235.0, 633.0, 0.0 ]
[ 221.0, 640.0, 0.0 ]
[ 182.0, 642.0, 0.0 ]
[ 138.0, 634.0, 0.0 ]
[ 106.0, 628.0, 0.0 ]
[ 81.0, 625.0, 0.0 ]
[ 64.0, 623.0, 0.0 ]
[ 58.0, 612.0, 0.0 ]
[ 54.0, 583.0, 0.0 ]
[ 62.0, 541.0, 0.0 ]
[ 70.0, 514.0, 0.0 ]
[ 78.0, 499.0, 0.0 ]
[ 101.0, 485.0, 0.0 ]
[ 155.0, 395.0, 0.0 ]
[ 127.0, 473.0, 0.0 ]
[ 138.0, 452.0, 0.0 ]
[ 150.0, 370.0, 0.0 ]
[ 156.0, 329.0, 0.0 ]
[ 158.0, 301.0, 0.0 ]
[ 162.0, 298.0, 0.0 ]
[ 168.0, 249.0, 0.0 ]
[ 171.0, 209.0, 0.0 ]
[ 179.0, 196.0, 0.0 ]
[ 169.0, 471.0, 0.0 ]
[ 220.0, 496.0, 0.0 ]
[ 256.0, 516.0, 0.0 ]
[ 285.0, 524.0, 0.0 ]
[ 300.0, 525.0, 0.0 ]
[ 253.0, 525.0, 0.0 ]
[ 228.0, 510.0, 0.0 ]
[ 195.0, 490.0, 0.0 ]
[ 247.0, 540.0, 0.0 ]
[ 235.0, 553.0, 0.0 ]
[ 230.0, 589.0, 0.0 ]
[ 231.0, 632.0, 0.0 ]
[ 211.0, 552.0, 0.0 ]
[ 218.0, 600.0, 0.0 ]
[ 204.0, 553.0, 0.0 ]
[ 208.0, 579.0, 0.0 ]
[ 214.0, 579.0, 0.0 ]
[ 211.0, 607.0, 0.0 ]
[ 211.0, 635.0, 0.0 ]
[ 178.0, 561.0, 0.0 ]
[ 176.0, 508.0, 0.0 ]
[ 148.0, 486.0, 0.0 ]
[ 153.0, 562.0, 0.0 ]
[ 152.0, 635.0, 0.0 ]
[ 115.0, 507.0, 0.0 ]
[ 118.0, 563.0, 0.0 ]
[ 111.0, 629.0, 0.0 ]
[ 98.0, 566.0, 0.0 ]
[ 96.0, 513.0, 0.0 ]
[ 84.0, 547.0, 0.0 ]
[ 81.0, 584.0, 0.0 ]
[ 152.0, 523.0, 0.0 ]
[ 164.0, 435.0, 0.0 ]
[ 176.0, 391.0, 0.0 ]
[ 186.0, 455.0, 0.0 ]
[ 204.0, 226.0, 0.0 ]
[ 223.0, 206.0, 0.0 ]
[ 252.0, 195.0, 0.0 ]
[ 287.0, 199.0, 0.0 ]
[ 255.0, 152.0, 0.0 ]
[ 227.0, 155.0, 0.0 ]
[ 208.0, 165.0, 0.0 ]
[ 197.0, 190.0, 0.0 ]
[ 192.0, 214.0, 0.0 ]
[ 184.0, 227.0, 0.0 ]
[ 190.0, 260.0, 0.0 ]
[ 187.0, 302.0, 0.0 ]
[ 182.0, 346.0, 0.0 ]
[ 174.0, 277.0, 0.0 ]
[ 174.0, 300.0, 0.0 ]
[ 170.0, 332.0, 0.0 ]
[ 169.0, 364.0, 0.0 ]
[ 233.0, 175.0, 0.0 ]
[ 268.0, 170.0, 0.0 ]
[ 259.0, 230.0, 0.0 ]
[ 280.0, 231.0, 0.0 ]
[ 243.0, 241.0, 0.0 ]
[ 253.0, 276.0, 0.0 ]
[ 259.0, 316.0, 0.0 ]
[ 257.0, 350.0, 0.0 ]
[ 264.0, 373.0, 0.0 ]
[ 275.0, 372.0, 0.0 ]
[ 282.0, 354.0, 0.0 ]
[ 302.0, 350.0, 0.0 ]
[ 337.0, 349.0, 0.0 ]
[ 319.0, 363.0, 0.0 ]
[ 313.0, 370.0, 0.0 ]
[ 293.0, 380.0, 0.0 ]
[ 262.0, 255.0, 0.0 ]
[ 267.0, 287.0, 0.0 ]
[ 269.0, 315.0, 0.0 ]
[ 287.0, 259.0, 0.0 ]
[ 223.0, 264.0, 0.0 ]
[ 226.0, 315.0, 0.0 ]
[ 228.0, 374.0, 0.0 ]
[ 202.0, 417.0, 0.0 ]
[ 240.0, 460.0, 0.0 ]
[ 269.0, 410.0, 0.0 ]
[ 300.0, 410.0, 0.0 ]
[ 293.0, 399.0, 0.0 ]
[ 271.0, 457.0, 0.0 ]
[ 276.0, 499.0, 0.0 ]
[ 292.0, 443.0, 0.0 ]
[ 293.0, 475.0, 0.0 ]
[ 292.0, 497.0, 0.0 ]
[ 241.0, 224.0, 0.0 ]
[ 263.0, 216.0, 0.0 ]
[ 292.0, 223.0, 0.0 ]
[ 296.0, 366.0, 0.0 ]
[ 269.0, 344.0, 0.0 ]
[ 209.0, 208.0, 0.0 ]
[ 223.0, 180.0, 0.0 ]
[ 235.0, 149.0, 0.0 ]
[ 229.0, 174.0, 0.0 ]
[ 242.0, 187.0, 0.0 ]
[ 287.0, 189.0, 0.0 ]
[ 299.0, 193.0, 0.0 ]
[ 194.0, 239.0, 0.0 ]
[ 181.0, 299.0, 0.0 ]
[ 185.0, 310.0, 0.0 ]
[ 170.0, 381.0, 0.0 ]
[ 173.0, 377.0, 0.0 ]
[ 188.0, 402.0, 0.0 ]
[ 196.0, 439.0, 0.0 ]
[ 115.0, 608.0, 0.0 ]
[ 155.0, 606.0, 0.0 ]
[ 182.0, 595.0, 0.0 ]
[ 235.0, 424.0, 0.0 ]
[ 218.0, 630.0, 0.0 ]
[ 180.0, 644.0, 0.0 ]
[ 149.0, 423.0, 0.0 ]
[ 327.0, 368.0, 0.0 ]
[ 231.0, 165.0, 0.0 ]
[ 2.0, 567.0, 0.0 ]
