1132 708
[ 0.0, 0.0, 0.0 ]
[ 1132.0, 0.0, 0.0 ]
[ 1132.0, 708.0, 0.0 ]
[ 0.0, 708.0, 0.0 ]
[ 739.0, 141.0, 0.0 ]
[ 734.0, 137.0, 0.0 ]
[ 721.0, 137.0, 0.0 ]
[ 714.0, 140.0, 0.0 ]
[ 725.0, 144.0, 0.0 ]
[ 736.0, 146.0, 0.0 ]
[ 802.0, 195.0, 0.0 ]
[ 809.0, 202.0, 0.0 ]
[ 807.0, 210.0, 0.0 ]
[ 800.0, 205.0, 0.0 ]
[ 795.0, 195.0, 0.0 ]
[ 793.0, 228.0, 0.0 ]
[ 801.0, 215.0, 0.0 ]
[ 793.0, 206.0, 0.0 ]
[ 785.0, 184.0, 0.0 ]
[ 801.0, 184.0, 0.0 ]
[ 817.0, 184.0, 0.0 ]
[ 831.0, 202.0, 0.0 ]
[ 829.0, 221.0, 0.0 ]
[ 816.0, 239.0, 0.0 ]
[ 820.0, 214.0, 0.0 ]
[ 813.0, 224.0, 0.0 ]
[ 807.0, 245.0, 0.0 ]
[ 790.0, 247.0, 0.0 ]
[ 783.0, 235.0, 0.0 ]
[ 756.0, 230.0, 0.0 ]
[ 740.0, 227.0, 0.0 ]
[ 724.0, 217.0, 0.0 ]
[ 719.0, 259.0, 0.0 ]
[ 713.0, 301.0, 0.0 ]
[ 718.0, 333.0, 0.0 ]
[ 728.0, 366.0, 0.0 ]
[ 733.0, 388.0, 0.0 ]
[ 729.0, 410.0, 0.0 ]
[ 727.0, 414.0, 0.0 ]
[ 780.0, 417.0, 0.0 ]
[ 808.0, 435.0, 0.0 ]
[ 808.0, 450.0, 0.0 ]
[ 835.0, 478.0, 0.0 ]
[ 862.0, 502.0, 0.0 ]
[ 878.0, 520.0, 0.0 ]
[ 881.0, 534.0, 0.0 ]
[ 862.0, 533.0, 0.0 ]
[ 863.0, 543.0, 0.0 ]
[ 873.0, 552.0, 0.0 ]
[ 888.0, 560.0, 0.0 ]
[ 894.0, 550.0, 0.0 ]
[ 890.0, 542.0, 0.0 ]
[ 876.0, 543.0, 0.0 ]
[ 864.0, 563.0, 0.0 ]
[ 850.0, 550.0, 0.0 ]
[ 839.0, 526.0, 0.0 ]
[ 824.0, 515.0, 0.0 ]
[ 820.0, 501.0, 0.0 ]
[ 812.0, 477.0, 0.0 ]
[ 786.0, 463.0, 0.0 ]
[ 812.0, 500.0, 0.0 ]
[ 763.0, 456.0, 0.0 ]
[ 743.0, 456.0, 0.0 ]
[ 846.0, 504.0, 0.0 ]
[ 793.0, 433.0, 0.0 ]
[ 755.0, 430.0, 0.0 ]
[ 754.0, 415.0, 0.0 ]
[ 749.0, 495.0, 0.0 ]
[ 773.0, 526.0, 0.0 ]
[ 786.0, 556.0, 0.0 ]
[ 810.0, 592.0, 0.0 ]
[ 835.0, 613.0, 0.0 ]
[ 862.0, 634.0, 0.0 ]
[ 878.0, 650.0, 0.0 ]
[ 867.0, 655.0, 0.0 ]
[ 843.0, 661.0, 0.0 ]
[ 832.0, 654.0, 0.0 ]
[ 823.0, 646.0, 0.0 ]
[ 844.0, 630.0, 0.0 ]
[ 849.0, 645.0, 0.0 ]
[ 827.0, 627.0, 0.0 ]
[ 810.0, 628.0, 0.0 ]
[ 812.0, 610.0, 0.0 ]
[ 797.0, 618.0, 0.0 ]
[ 774.0, 590.0, 0.0 ]
[ 756.0, 563.0, 0.0 ]
[ 727.0, 531.0, 0.0 ]
[ 702.0, 503.0, 0.0 ]
[ 685.0, 467.0, 0.0 ]
[ 722.0, 496.0, 0.0 ]
[ 758.0, 533.0, 0.0 ]
[ 740.0, 508.0, 0.0 ]
[ 729.0, 478.0, 0.0 ]
[ 779.0, 573.0, 0.0 ]
[ 719.0, 440.0, 0.0 ]
[ 687.0, 419.0, 0.0 ]
[ 711.0, 384.0, 0.0 ]
[ 692.0, 337.0, 0.0 ]
[ 692.0, 279.0, 0.0 ]
[ 702.0, 237.0, 0.0 ]
[ 707.0, 217.0, 0.0 ]
[ 691.0, 186.0, 0.0 ]
[ 723.0, 218.0, 0.0 ]
[ 699.0, 214.0, 0.0 ]
[ 711.0, 195.0, 0.0 ]
[ 748.0, 185.0, 0.0 ]
[ 770.0, 168.0, 0.0 ]
[ 757.0, 145.0, 0.0 ]
[ 747.0, 122.0, 0.0 ]
[ 739.0, 115.0, 0.0 ]
[ 755.0, 106.0, 0.0 ]
[ 778.0, 115.0, 0.0 ]
[ 777.0, 133.0, 0.0 ]
[ 789.0, 153.0, 0.0 ]
[ 800.0, 167.0, 0.0 ]
[ 813.0, 181.0, 0.0 ]
[ 787.0, 145.0, 0.0 ]
[ 792.0, 136.0, 0.0 ]
[ 780.0, 122.0, 0.0 ]
[ 753.0, 99.0, 0.0 ]
[ 761.0, 79.0, 0.0 ]
[ 762.0, 55.0, 0.0 ]
[ 753.0, 66.0, 0.0 ]
[ 746.0, 74.0, 0.0 ]
[ 731.0, 97.0, 0.0 ]
[ 743.0, 90.0, 0.0 ]
[ 739.0, 114.0, 0.0 ]
[ 726.0, 114.0, 0.0 ]
[ 712.0, 127.0, 0.0 ]
[ 727.0, 123.0, 0.0 ]
[ 707.0, 143.0, 0.0 ]
[ 672.0, 165.0, 0.0 ]
[ 700.0, 132.0, 0.0 ]
[ 731.0, 96.0, 0.0 ]
[ 710.0, 86.0, 0.0 ]
[ 709.0, 66.0, 0.0 ]
[ 726.0, 61.0, 0.0 ]
[ 727.0, 78.0, 0.0 ]
[ 771.0, 112.0, 0.0 ]
[ 658.0, 364.0, 0.0 ]
[ 636.0, 302.0, 0.0 ]
[ 647.0, 237.0, 0.0 ]
[ 665.0, 203.0, 0.0 ]
[ 675.0, 158.0, 0.0 ]
[ 647.0, 131.0, 0.0 ]
[ 679.0, 122.0, 0.0 ]
[ 653.0, 99.0, 0.0 ]
[ 607.0, 137.0, 0.0 ]
[ 586.0, 171.0, 0.0 ]
[ 539.0, 233.0, 0.0 ]
[ 498.0, 278.0, 0.0 ]
[ 443.0, 293.0, 0.0 ]
[ 388.0, 280.0, 0.0 ]
[ 350.0, 267.0, 0.0 ]
[ 296.0, 270.0, 0.0 ]
[ 245.0, 291.0, 0.0 ]
[ 223.0, 308.0, 0.0 ]
[ 197.0, 358.0, 0.0 ]
[ 196.0, 411.0, 0.0 ]
[ 207.0, 456.0, 0.0 ]
[ 223.0, 494.0, 0.0 ]
[ 212.0, 518.0, 0.0 ]
[ 185.0, 550.0, 0.0 ]
[ 181.0, 572.0, 0.0 ]
[ 198.0, 605.0, 0.0 ]
[ 204.0, 652.0, 0.0 ]
[ 215.0, 680.0, 0.0 ]
[ 239.0, 659.0, 0.0 ]
[ 221.0, 617.0, 0.0 ]
[ 220.0, 595.0, 0.0 ]
[ 248.0, 554.0, 0.0 ]
[ 288.0, 520.0, 0.0 ]
[ 313.0, 480.0, 0.0 ]
[ 333.0, 450.0, 0.0 ]
[ 357.0, 446.0, 0.0 ]
[ 396.0, 472.0, 0.0 ]
[ 453.0, 482.0, 0.0 ]
[ 521.0, 487.0, 0.0 ]
[ 567.0, 483.0, 0.0 ]
[ 635.0, 465.0, 0.0 ]
[ 627.0, 174.0, 0.0 ]
[ 592.0, 220.0, 0.0 ]
[ 559.0, 270.0, 0.0 ]
[ 544.0, 331.0, 0.0 ]
[ 565.0, 391.0, 0.0 ]
[ 591.0, 429.0, 0.0 ]
[ 606.0, 432.0, 0.0 ]
[ 605.0, 357.0, 0.0 ]
[ 648.0, 322.0, 0.0 ]
[ 466.0, 347.0, 0.0 ]
[ 383.0, 335.0, 0.0 ]
[ 337.0, 307.0, 0.0 ]
[ 338.0, 359.0, 0.0 ]
[ 338.0, 416.0, 0.0 ]
[ 327.0, 456.0, 0.0 ]
[ 271.0, 469.0, 0.0 ]
[ 264.0, 407.0, 0.0 ]
[ 259.0, 347.0, 0.0 ]
[ 316.0, 308.0, 0.0 ]
[ 401.0, 412.0, 0.0 ]
[ 475.0, 428.0, 0.0 ]
[ 532.0, 408.0, 0.0 ]
[ 342.0, 485.0, 0.0 ]
[ 343.0, 470.0, 0.0 ]
[ 368.0, 470.0, 0.0 ]
[ 411.0, 476.0, 0.0 ]
[ 417.0, 527.0, 0.0 ]
[ 358.0, 518.0, 0.0 ]
[ 370.0, 562.0, 0.0 ]
[ 423.0, 573.0, 0.0 ]
[ 375.0, 574.0, 0.0 ]
[ 410.0, 601.0, 0.0 ]
[ 456.0, 600.0, 0.0 ]
[ 487.0, 625.0, 0.0 ]
[ 521.0, 647.0, 0.0 ]
[ 530.0, 655.0, 0.0 ]
[ 502.0, 675.0, 0.0 ]
[ 488.0, 671.0, 0.0 ]
[ 454.0, 637.0, 0.0 ]
[ 430.0, 622.0, 0.0 ]
[ 549.0, 673.0, 0.0 ]
[ 531.0, 686.0, 0.0 ]
[ 512.0, 684.0, 0.0 ]
[ 490.0, 651.0, 0.0 ]
[ 456.0, 619.0, 0.0 ]
[ 425.0, 592.0, 0.0 ]
[ 396.0, 555.0, 0.0 ]
[ 396.0, 516.0, 0.0 ]
[ 222.0, 542.0, 0.0 ]
[ 206.0, 572.0, 0.0 ]
[ 212.0, 536.0, 0.0 ]
[ 242.0, 510.0, 0.0 ]
[ 691.0, 54.0, 0.0 ]
[ 642.0, 60.0, 0.0 ]
[ 621.0, 72.0, 0.0 ]
[ 573.0, 64.0, 0.0 ]
[ 543.0, 50.0, 0.0 ]
[ 553.0, 73.0, 0.0 ]
[ 523.0, 80.0, 0.0 ]
[ 441.0, 86.0, 0.0 ]
[ 493.0, 100.0, 0.0 ]
[ 451.0, 110.0, 0.0 ]
[ 408.0, 119.0, 0.0 ]
[ 457.0, 128.0, 0.0 ]
[ 407.0, 148.0, 0.0 ]
[ 364.0, 171.0, 0.0 ]
[ 421.0, 171.0, 0.0 ]
[ 377.0, 222.0, 0.0 ]
[ 378.0, 251.0, 0.0 ]
[ 359.0, 271.0, 0.0 ]
[ 226.0, 305.0, 0.0 ]
[ 166.0, 313.0, 0.0 ]
[ 109.0, 341.0, 0.0 ]
[ 80.0, 386.0, 0.0 ]
[ 61.0, 439.0, 0.0 ]
[ 47.0, 486.0, 0.0 ]
[ 25.0, 542.0, 0.0 ]
[ 28.0, 589.0, 0.0 ]
[ 51.0, 556.0, 0.0 ]
[ 94.0, 526.0, 0.0 ]
[ 125.0, 492.0, 0.0 ]
[ 145.0, 458.0, 0.0 ]
[ 149.0, 422.0, 0.0 ]
[ 163.0, 372.0, 0.0 ]
[ 142.0, 362.0, 0.0 ]
[ 103.0, 443.0, 0.0 ]
[ 112.0, 426.0, 0.0 ]
[ 91.0, 491.0, 0.0 ]
[ 59.0, 525.0, 0.0 ]
[ 164.0, 441.0, 0.0 ]
[ 162.0, 492.0, 0.0 ]
[ 160.0, 529.0, 0.0 ]
[ 180.0, 480.0, 0.0 ]
[ 181.0, 425.0, 0.0 ]
[ 452.0, 557.0, 0.0 ]
[ 633.0, 646.0, 0.0 ]
[ 171.0, 595.0, 0.0 ]
[ 216.0, 631.0, 0.0 ]
[ 201.0, 630.0, 0.0 ]
[ 194.0, 588.0, 0.0 ]
[ 197.0, 527.0, 0.0 ]
[ 146.0, 655.0, 0.0 ]
[ 17.0, 462.0, 0.0 ]
[ 38.0, 354.0, 0.0 ]
[ 172.0, 453.0, 0.0 ]
[ 147.0, 480.0, 0.0 ]
[ 172.0, 508.0, 0.0 ]
[ 37.0, 578.0, 0.0 ]
[ 960.0, 524.0, 0.0 ]
[ 697.0, 254.0, 0.0 ]
[ 692.0, 291.0, 0.0 ]
[ 689.0, 321.0, 0.0 ]
[ 732.0, 151.0, 0.0 ]
[ 782.0, 195.0, 0.0 ]
[ 748.0, 210.0, 0.0 ]
[ 507.0, 308.0, 0.0 ]
[ 454.0, 308.0, 0.0 ]
[ 419.0, 307.0, 0.0 ]
[ 389.0, 300.0, 0.0 ]
[ 351.0, 290.0, 0.0 ]
[ 305.0, 288.0, 0.0 ]
[ 276.0, 299.0, 0.0 ]
[ 246.0, 314.0, 0.0 ]
[ 203.0, 326.0, 0.0 ]
[ 221.0, 340.0, 0.0 ]
[ 216.0, 377.0, 0.0 ]
[ 214.0, 408.0, 0.0 ]
[ 228.0, 437.0, 0.0 ]
[ 238.0, 490.0, 0.0 ]
[ 270.0, 526.0, 0.0 ]
[ 292.0, 499.0, 0.0 ]
[ 301.0, 502.0, 0.0 ]
[ 288.0, 521.0, 0.0 ]
[ 361.0, 495.0, 0.0 ]
[ 367.0, 513.0, 0.0 ]
[ 370.0, 539.0, 0.0 ]
[ 379.0, 563.0, 0.0 ]
[ 394.0, 578.0, 0.0 ]
[ 428.0, 607.0, 0.0 ]
[ 704.0, 493.0, 0.0 ]
[ 719.0, 508.0, 0.0 ]
[ 757.0, 551.0, 0.0 ]
[ 774.0, 573.0, 0.0 ]
[ 784.0, 588.0, 0.0 ]
[ 795.0, 602.0, 0.0 ]
[ 815.0, 621.0, 0.0 ]
[ 596.0, 414.0, 0.0 ]
[ 589.0, 385.0, 0.0 ]
[ 634.0, 349.0, 0.0 ]
[ 692.0, 373.0, 0.0 ]
[ 686.0, 403.0, 0.0 ]
[ 703.0, 408.0, 0.0 ]
[ 624.0, 447.0, 0.0 ]
[ 637.0, 464.0, 0.0 ]
[ 651.0, 470.0, 0.0 ]
[ 673.0, 463.0, 0.0 ]
[ 657.0, 436.0, 0.0 ]
[ 636.0, 394.0, 0.0 ]
[ 400.0, 379.0, 0.0 ]
[ 448.0, 376.0, 0.0 ]
[ 508.0, 376.0, 0.0 ]
[ 417.0, 354.0, 0.0 ]
[ 548.0, 377.0, 0.0 ]
[ 615.0, 356.0, 0.0 ]
[ 403.0, 459.0, 0.0 ]
[ 447.0, 466.0, 0.0 ]
[ 492.0, 466.0, 0.0 ]
[ 533.0, 466.0, 0.0 ]
[ 571.0, 460.0, 0.0 ]
[ 612.0, 448.0, 0.0 ]
[ 534.0, 476.0, 0.0 ]
[ 556.0, 469.0, 0.0 ]
[ 707.0, 462.0, 0.0 ]
[ 701.0, 485.0, 0.0 ]
[ 744.0, 478.0, 0.0 ]
[ 689.0, 449.0, 0.0 ]
[ 711.0, 477.0, 0.0 ]
[ 405.0, 548.0, 0.0 ]
[ 416.0, 579.0, 0.0 ]
[ 448.0, 607.0, 0.0 ]
[ 475.0, 627.0, 0.0 ]
[ 490.0, 641.0, 0.0 ]
[ 519.0, 664.0, 0.0 ]
[ 536.0, 671.0, 0.0 ]
[ 227.0, 661.0, 0.0 ]
[ 288.0, 352.0, 0.0 ]
[ 237.0, 547.0, 0.0 ]
[ 279.0, 498.0, 0.0 ]
[ 298.0, 467.0, 0.0 ]
[ 597.0, 287.0, 0.0 ]
[ 664.0, 388.0, 0.0 ]
[ 647.0, 414.0, 0.0 ]
[ 745.0, 442.0, 0.0 ]
[ 767.0, 443.0, 0.0 ]
[ 788.0, 449.0, 0.0 ]
[ 794.0, 460.0, 0.0 ]
[ 626.0, 423.0, 0.0 ]
[ 517.0, 178.0, 0.0 ]
[ 470.0, 227.0, 0.0 ]
[ 389.0, 258.0, 0.0 ]
[ 818.0, 453.0, 0.0 ]
[ 804.0, 433.0, 0.0 ]
[ 438.0, 329.0, 0.0 ]
[ 166.0, 343.0, 0.0 ]
[ 115.0, 367.0, 0.0 ]
[ 97.0, 409.0, 0.0 ]
[ 126.0, 413.0, 0.0 ]
[ 105.0, 481.0, 0.0 ]
[ 73.0, 481.0, 0.0 ]
[ 90.0, 548.0, 0.0 ]
[ 619.0, 110.0, 0.0 ]
[ 653.0, 93.0, 0.0 ]
[ 419.0, 553.0, 0.0 ]
[ 419.0, 571.0, 0.0 ]
[ 190.0, 586.0, 0.0 ]
[ 583.0, 404.0, 0.0 ]
[ 12.0, 289.0, 0.0 ]
