587 597
[ 0.0, 0.0, 0.0 ]
[ 587.0, 0.0, 0.0 ]
[ 587.0, 597.0, 0.0 ]
[ 0.0, 597.0, 0.0 ]
[ 262.0, 236.0, 0.0 ]
[ 252.0, 239.0, 0.0 ]
[ 247.0, 226.0, 0.0 ]
[ 239.0, 206.0, 0.0 ]
[ 227.0, 182.0, 0.0 ]
[ 212.0, 158.0, 0.0 ]
[ 197.0, 138.0, 0.0 ]
[ 186.0, 123.0, 0.0 ]
[ 169.0, 103.0, 0.0 ]
[ 148.0, 82.0, 0.0 ]
[ 127.0, 67.0, 0.0 ]
[ 106.0, 59.0, 0.0 ]
[ 84.0, 57.0, 0.0 ]
[ 68.0, 56.0, 0.0 ]
[ 57.0, 66.0, 0.0 ]
[ 47.0, 83.0, 0.0 ]
[ 36.0, 100.0, 0.0 ]
[ 31.0, 106.0, 0.0 ]
[ 32.0, 118.0, 0.0 ]
[ 38.0, 129.0, 0.0 ]
[ 34.0, 149.0, 0.0 ]
[ 33.0, 169.0, 0.0 ]
[ 31.0, 185.0, 0.0 ]
[ 33.0, 199.0, 0.0 ]
[ 38.0, 211.0, 0.0 ]
[ 45.0, 225.0, 0.0 ]
[ 47.0, 236.0, 0.0 ]
[ 39.0, 241.0, 0.0 ]
[ 33.0, 255.0, 0.0 ]
[ 29.0, 270.0, 0.0 ]
[ 26.0, 283.0, 0.0 ]
[ 18.0, 296.0, 0.0 ]
[ 22.0, 307.0, 0.0 ]
[ 19.0, 326.0, 0.0 ]
[ 21.0, 341.0, 0.0 ]
[ 29.0, 353.0, 0.0 ]
[ 34.0, 363.0, 0.0 ]
[ 46.0, 373.0, 0.0 ]
[ 59.0, 385.0, 0.0 ]
[ 71.0, 395.0, 0.0 ]
[ 95.0, 403.0, 0.0 ]
[ 118.0, 404.0, 0.0 ]
[ 139.0, 398.0, 0.0 ]
[ 156.0, 386.0, 0.0 ]
[ 171.0, 372.0, 0.0 ]
[ 181.0, 362.0, 0.0 ]
[ 183.0, 368.0, 0.0 ]
[ 194.0, 361.0, 0.0 ]
[ 204.0, 349.0, 0.0 ]
[ 215.0, 341.0, 0.0 ]
[ 215.0, 353.0, 0.0 ]
[ 214.0, 364.0, 0.0 ]
[ 206.0, 377.0, 0.0 ]
[ 198.0, 391.0, 0.0 ]
[ 193.0, 412.0, 0.0 ]
[ 188.0, 431.0, 0.0 ]
[ 190.0, 449.0, 0.0 ]
[ 194.0, 463.0, 0.0 ]
[ 205.0, 478.0, 0.0 ]
[ 223.0, 496.0, 0.0 ]
[ 243.0, 508.0, 0.0 ]
[ 265.0, 516.0, 0.0 ]
[ 293.0, 514.0, 0.0 ]
[ 319.0, 500.0, 0.0 ]
[ 336.0, 491.0, 0.0 ]
[ 349.0, 474.0, 0.0 ]
[ 361.0, 458.0, 0.0 ]
[ 361.0, 447.0, 0.0 ]
[ 370.0, 449.0, 0.0 ]
[ 390.0, 451.0, 0.0 ]
[ 407.0, 449.0, 0.0 ]
[ 419.0, 441.0, 0.0 ]
[ 435.0, 440.0, 0.0 ]
[ 458.0, 430.0, 0.0 ]
[ 476.0, 417.0, 0.0 ]
[ 497.0, 400.0, 0.0 ]
[ 513.0, 380.0, 0.0 ]
[ 519.0, 360.0, 0.0 ]
[ 515.0, 348.0, 0.0 ]
[ 505.0, 336.0, 0.0 ]
[ 492.0, 317.0, 0.0 ]
[ 467.0, 303.0, 0.0 ]
[ 454.0, 292.0, 0.0 ]
[ 434.0, 279.0, 0.0 ]
[ 406.0, 270.0, 0.0 ]
[ 380.0, 263.0, 0.0 ]
[ 362.0, 260.0, 0.0 ]
[ 338.0, 259.0, 0.0 ]
[ 321.0, 259.0, 0.0 ]
[ 305.0, 260.0, 0.0 ]
[ 284.0, 261.0, 0.0 ]
[ 427.0, 175.0, 0.0 ]
[ 422.0, 165.0, 0.0 ]
[ 413.0, 162.0, 0.0 ]
[ 406.0, 163.0, 0.0 ]
[ 396.0, 167.0, 0.0 ]
[ 385.0, 177.0, 0.0 ]
[ 369.0, 184.0, 0.0 ]
[ 358.0, 192.0, 0.0 ]
[ 343.0, 202.0, 0.0 ]
[ 330.0, 209.0, 0.0 ]
[ 318.0, 220.0, 0.0 ]
[ 306.0, 226.0, 0.0 ]
[ 295.0, 233.0, 0.0 ]
[ 284.0, 240.0, 0.0 ]
[ 276.0, 234.0, 0.0 ]
[ 276.0, 219.0, 0.0 ]
[ 276.0, 201.0, 0.0 ]
[ 275.0, 185.0, 0.0 ]
[ 276.0, 171.0, 0.0 ]
[ 277.0, 151.0, 0.0 ]
[ 277.0, 133.0, 0.0 ]
[ 278.0, 116.0, 0.0 ]
[ 276.0, 101.0, 0.0 ]
[ 269.0, 90.0, 0.0 ]
[ 258.0, 89.0, 0.0 ]
[ 256.0, 99.0, 0.0 ]
[ 266.0, 100.0, 0.0 ]
[ 269.0, 119.0, 0.0 ]
[ 267.0, 142.0, 0.0 ]
[ 266.0, 164.0, 0.0 ]
[ 266.0, 184.0, 0.0 ]
[ 267.0, 203.0, 0.0 ]
[ 265.0, 216.0, 0.0 ]
[ 267.0, 230.0, 0.0 ]
[ 262.0, 235.0, 0.0 ]
[ 264.0, 240.0, 0.0 ]
[ 240.0, 220.0, 0.0 ]
[ 250.0, 245.0, 0.0 ]
[ 229.0, 200.0, 0.0 ]
[ 215.0, 173.0, 0.0 ]
[ 199.0, 153.0, 0.0 ]
[ 185.0, 133.0, 0.0 ]
[ 174.0, 114.0, 0.0 ]
[ 156.0, 94.0, 0.0 ]
[ 135.0, 78.0, 0.0 ]
[ 111.0, 67.0, 0.0 ]
[ 90.0, 64.0, 0.0 ]
[ 71.0, 65.0, 0.0 ]
[ 62.0, 76.0, 0.0 ]
[ 54.0, 90.0, 0.0 ]
[ 46.0, 102.0, 0.0 ]
[ 46.0, 122.0, 0.0 ]
[ 44.0, 143.0, 0.0 ]
[ 43.0, 161.0, 0.0 ]
[ 41.0, 183.0, 0.0 ]
[ 44.0, 202.0, 0.0 ]
[ 49.0, 216.0, 0.0 ]
[ 55.0, 226.0, 0.0 ]
[ 57.0, 235.0, 0.0 ]
[ 47.0, 245.0, 0.0 ]
[ 42.0, 257.0, 0.0 ]
[ 35.0, 275.0, 0.0 ]
[ 31.0, 286.0, 0.0 ]
[ 30.0, 310.0, 0.0 ]
[ 30.0, 328.0, 0.0 ]
[ 36.0, 346.0, 0.0 ]
[ 47.0, 357.0, 0.0 ]
[ 61.0, 370.0, 0.0 ]
[ 75.0, 380.0, 0.0 ]
[ 91.0, 385.0, 0.0 ]
[ 115.0, 393.0, 0.0 ]
[ 130.0, 394.0, 0.0 ]
[ 143.0, 389.0, 0.0 ]
[ 296.0, 267.0, 0.0 ]
[ 316.0, 265.0, 0.0 ]
[ 333.0, 267.0, 0.0 ]
[ 357.0, 270.0, 0.0 ]
[ 383.0, 273.0, 0.0 ]
[ 406.0, 281.0, 0.0 ]
[ 432.0, 288.0, 0.0 ]
[ 452.0, 304.0, 0.0 ]
[ 475.0, 315.0, 0.0 ]
[ 494.0, 336.0, 0.0 ]
[ 504.0, 353.0, 0.0 ]
[ 498.0, 375.0, 0.0 ]
[ 491.0, 392.0, 0.0 ]
[ 474.0, 405.0, 0.0 ]
[ 460.0, 418.0, 0.0 ]
[ 443.0, 428.0, 0.0 ]
[ 424.0, 431.0, 0.0 ]
[ 406.0, 435.0, 0.0 ]
[ 388.0, 438.0, 0.0 ]
[ 373.0, 441.0, 0.0 ]
[ 358.0, 437.0, 0.0 ]
[ 353.0, 453.0, 0.0 ]
[ 344.0, 464.0, 0.0 ]
[ 330.0, 479.0, 0.0 ]
[ 317.0, 491.0, 0.0 ]
[ 299.0, 500.0, 0.0 ]
[ 276.0, 504.0, 0.0 ]
[ 254.0, 503.0, 0.0 ]
[ 236.0, 495.0, 0.0 ]
[ 222.0, 483.0, 0.0 ]
[ 207.0, 468.0, 0.0 ]
[ 202.0, 453.0, 0.0 ]
[ 197.0, 439.0, 0.0 ]
[ 67.0, 235.0, 0.0 ]
[ 88.0, 235.0, 0.0 ]
[ 119.0, 237.0, 0.0 ]
[ 152.0, 246.0, 0.0 ]
[ 176.0, 264.0, 0.0 ]
[ 196.0, 273.0, 0.0 ]
[ 214.0, 290.0, 0.0 ]
[ 222.0, 296.0, 0.0 ]
[ 214.0, 308.0, 0.0 ]
[ 209.0, 322.0, 0.0 ]
[ 201.0, 336.0, 0.0 ]
[ 193.0, 349.0, 0.0 ]
[ 230.0, 280.0, 0.0 ]
[ 235.0, 267.0, 0.0 ]
[ 242.0, 253.0, 0.0 ]
[ 272.0, 250.0, 0.0 ]
[ 270.0, 266.0, 0.0 ]
[ 260.0, 277.0, 0.0 ]
[ 249.0, 291.0, 0.0 ]
[ 238.0, 305.0, 0.0 ]
[ 230.0, 321.0, 0.0 ]
[ 221.0, 329.0, 0.0 ]
[ 249.0, 305.0, 0.0 ]
[ 262.0, 317.0, 0.0 ]
[ 278.0, 332.0, 0.0 ]
[ 295.0, 347.0, 0.0 ]
[ 311.0, 368.0, 0.0 ]
[ 325.0, 386.0, 0.0 ]
[ 338.0, 403.0, 0.0 ]
[ 349.0, 421.0, 0.0 ]
[ 259.0, 308.0, 0.0 ]
[ 273.0, 322.0, 0.0 ]
[ 292.0, 336.0, 0.0 ]
[ 310.0, 353.0, 0.0 ]
[ 323.0, 372.0, 0.0 ]
[ 336.0, 390.0, 0.0 ]
[ 347.0, 408.0, 0.0 ]
[ 219.0, 269.0, 0.0 ]
[ 197.0, 257.0, 0.0 ]
[ 177.0, 245.0, 0.0 ]
[ 148.0, 232.0, 0.0 ]
[ 124.0, 226.0, 0.0 ]
[ 105.0, 228.0, 0.0 ]
[ 76.0, 229.0, 0.0 ]
[ 60.0, 158.0, 0.0 ]
[ 86.0, 167.0, 0.0 ]
[ 115.0, 180.0, 0.0 ]
[ 143.0, 196.0, 0.0 ]
[ 169.0, 210.0, 0.0 ]
[ 191.0, 231.0, 0.0 ]
[ 215.0, 247.0, 0.0 ]
[ 210.0, 228.0, 0.0 ]
[ 191.0, 214.0, 0.0 ]
[ 170.0, 193.0, 0.0 ]
[ 152.0, 174.0, 0.0 ]
[ 126.0, 149.0, 0.0 ]
[ 104.0, 136.0, 0.0 ]
[ 79.0, 124.0, 0.0 ]
[ 83.0, 89.0, 0.0 ]
[ 120.0, 107.0, 0.0 ]
[ 148.0, 127.0, 0.0 ]
[ 175.0, 152.0, 0.0 ]
[ 200.0, 186.0, 0.0 ]
[ 223.0, 222.0, 0.0 ]
[ 69.0, 197.0, 0.0 ]
[ 115.0, 204.0, 0.0 ]
[ 148.0, 216.0, 0.0 ]
[ 269.0, 279.0, 0.0 ]
[ 294.0, 291.0, 0.0 ]
[ 322.0, 309.0, 0.0 ]
[ 348.0, 330.0, 0.0 ]
[ 374.0, 353.0, 0.0 ]
[ 394.0, 371.0, 0.0 ]
[ 417.0, 389.0, 0.0 ]
[ 438.0, 411.0, 0.0 ]
[ 399.0, 409.0, 0.0 ]
[ 377.0, 381.0, 0.0 ]
[ 353.0, 359.0, 0.0 ]
[ 332.0, 337.0, 0.0 ]
[ 300.0, 309.0, 0.0 ]
[ 274.0, 295.0, 0.0 ]
[ 283.0, 278.0, 0.0 ]
[ 314.0, 282.0, 0.0 ]
[ 346.0, 291.0, 0.0 ]
[ 380.0, 301.0, 0.0 ]
[ 417.0, 321.0, 0.0 ]
[ 443.0, 334.0, 0.0 ]
[ 466.0, 352.0, 0.0 ]
[ 353.0, 316.0, 0.0 ]
[ 385.0, 334.0, 0.0 ]
[ 408.0, 350.0, 0.0 ]
[ 433.0, 365.0, 0.0 ]
[ 455.0, 385.0, 0.0 ]
[ 252.0, 327.0, 0.0 ]
[ 275.0, 358.0, 0.0 ]
[ 292.0, 387.0, 0.0 ]
[ 310.0, 421.0, 0.0 ]
[ 317.0, 453.0, 0.0 ]
[ 331.0, 433.0, 0.0 ]
[ 239.0, 342.0, 0.0 ]
[ 255.0, 378.0, 0.0 ]
[ 268.0, 418.0, 0.0 ]
[ 275.0, 463.0, 0.0 ]
[ 275.0, 490.0, 0.0 ]
[ 228.0, 372.0, 0.0 ]
[ 235.0, 406.0, 0.0 ]
[ 239.0, 441.0, 0.0 ]
[ 236.0, 469.0, 0.0 ]
[ 214.0, 405.0, 0.0 ]
[ 257.0, 259.0, 0.0 ]
[ 243.0, 281.0, 0.0 ]
[ 233.0, 299.0, 0.0 ]
[ 219.0, 318.0, 0.0 ]
[ 136.0, 273.0, 0.0 ]
[ 96.0, 269.0, 0.0 ]
[ 57.0, 311.0, 0.0 ]
[ 107.0, 301.0, 0.0 ]
[ 139.0, 305.0, 0.0 ]
[ 201.0, 325.0, 0.0 ]
[ 167.0, 339.0, 0.0 ]
[ 96.0, 342.0, 0.0 ]
[ 72.0, 349.0, 0.0 ]
[ 105.0, 371.0, 0.0 ]
[ 149.0, 362.0, 0.0 ]
[ 176.0, 354.0, 0.0 ]
[ 139.0, 324.0, 0.0 ]
[ 181.0, 311.0, 0.0 ]
[ 212.0, 305.0, 0.0 ]
[ 173.0, 295.0, 0.0 ]
[ 139.0, 299.0, 0.0 ]
[ 56.0, 277.0, 0.0 ]
[ 281.0, 253.0, 0.0 ]
[ 284.0, 248.0, 0.0 ]
[ 294.0, 241.0, 0.0 ]
[ 308.0, 232.0, 0.0 ]
[ 321.0, 225.0, 0.0 ]
[ 332.0, 218.0, 0.0 ]
[ 339.0, 212.0, 0.0 ]
[ 356.0, 203.0, 0.0 ]
[ 372.0, 193.0, 0.0 ]
[ 384.0, 185.0, 0.0 ]
[ 397.0, 178.0, 0.0 ]
[ 412.0, 174.0, 0.0 ]
[ 422.0, 180.0, 0.0 ]
[ 405.0, 172.0, 0.0 ]
