838 548
[ 0.0, 0.0, 0.0 ]
[ 838.0, 0.0, 0.0 ]
[ 838.0, 548.0, 0.0 ]
[ 0.0, 548.0, 0.0 ]
[ 186.0, 4.0, 0.0 ]
[ 183.0, 10.0, 0.0 ]
[ 180.0, 5.0, 0.0 ]
[ 240.0, 5.0, 0.0 ]
[ 234.0, 33.0, 0.0 ]
[ 226.0, 61.0, 0.0 ]
[ 221.0, 95.0, 0.0 ]
[ 215.0, 123.0, 0.0 ]
[ 211.0, 144.0, 0.0 ]
[ 204.0, 179.0, 0.0 ]
[ 195.0, 204.0, 0.0 ]
[ 187.0, 212.0, 0.0 ]
[ 124.0, 347.0, 0.0 ]
[ 110.0, 376.0, 0.0 ]
[ 86.0, 408.0, 0.0 ]
[ 67.0, 442.0, 0.0 ]
[ 45.0, 482.0, 0.0 ]
[ 26.0, 512.0, 0.0 ]
[ 28.0, 372.0, 0.0 ]
[ 43.0, 349.0, 0.0 ]
[ 129.0, 196.0, 0.0 ]
[ 142.0, 165.0, 0.0 ]
[ 119.0, 400.0, 0.0 ]
[ 130.0, 425.0, 0.0 ]
[ 154.0, 453.0, 0.0 ]
[ 177.0, 468.0, 0.0 ]
[ 224.0, 483.0, 0.0 ]
[ 272.0, 482.0, 0.0 ]
[ 313.0, 467.0, 0.0 ]
[ 357.0, 447.0, 0.0 ]
[ 384.0, 418.0, 0.0 ]
[ 400.0, 388.0, 0.0 ]
[ 413.0, 361.0, 0.0 ]
[ 444.0, 364.0, 0.0 ]
[ 476.0, 380.0, 0.0 ]
[ 500.0, 390.0, 0.0 ]
[ 528.0, 408.0, 0.0 ]
[ 566.0, 389.0, 0.0 ]
[ 599.0, 364.0, 0.0 ]
[ 622.0, 333.0, 0.0 ]
[ 651.0, 306.0, 0.0 ]
[ 681.0, 283.0, 0.0 ]
[ 717.0, 265.0, 0.0 ]
[ 750.0, 246.0, 0.0 ]
[ 792.0, 251.0, 0.0 ]
[ 798.0, 248.0, 0.0 ]
[ 786.0, 235.0, 0.0 ]
[ 766.0, 228.0, 0.0 ]
[ 754.0, 225.0, 0.0 ]
[ 769.0, 216.0, 0.0 ]
[ 792.0, 217.0, 0.0 ]
[ 779.0, 209.0, 0.0 ]
[ 751.0, 210.0, 0.0 ]
[ 720.0, 213.0, 0.0 ]
[ 689.0, 223.0, 0.0 ]
[ 655.0, 238.0, 0.0 ]
[ 619.0, 259.0, 0.0 ]
[ 587.0, 273.0, 0.0 ]
[ 556.0, 285.0, 0.0 ]
[ 521.0, 282.0, 0.0 ]
[ 488.0, 268.0, 0.0 ]
[ 468.0, 248.0, 0.0 ]
[ 454.0, 223.0, 0.0 ]
[ 456.0, 192.0, 0.0 ]
[ 474.0, 161.0, 0.0 ]
[ 492.0, 130.0, 0.0 ]
[ 499.0, 101.0, 0.0 ]
[ 498.0, 73.0, 0.0 ]
[ 485.0, 53.0, 0.0 ]
[ 455.0, 35.0, 0.0 ]
[ 415.0, 30.0, 0.0 ]
[ 382.0, 34.0, 0.0 ]
[ 345.0, 54.0, 0.0 ]
[ 319.0, 86.0, 0.0 ]
[ 316.0, 117.0, 0.0 ]
[ 318.0, 148.0, 0.0 ]
[ 302.0, 180.0, 0.0 ]
[ 270.0, 196.0, 0.0 ]
[ 236.0, 189.0, 0.0 ]
[ 225.0, 168.0, 0.0 ]
[ 140.0, 140.0, 0.0 ]
[ 134.0, 101.0, 0.0 ]
[ 130.0, 68.0, 0.0 ]
[ 139.0, 40.0, 0.0 ]
[ 154.0, 14.0, 0.0 ]
[ 165.0, 5.0, 0.0 ]
[ 189.0, 15.0, 0.0 ]
[ 201.0, 59.0, 0.0 ]
[ 192.0, 71.0, 0.0 ]
[ 190.0, 79.0, 0.0 ]
[ 182.0, 67.0, 0.0 ]
[ 172.0, 80.0, 0.0 ]
[ 169.0, 98.0, 0.0 ]
[ 162.0, 122.0, 0.0 ]
[ 147.0, 148.0, 0.0 ]
[ 112.0, 200.0, 0.0 ]
[ 76.0, 212.0, 0.0 ]
[ 65.0, 251.0, 0.0 ]
[ 65.0, 277.0, 0.0 ]
[ 68.0, 287.0, 0.0 ]
[ 54.0, 290.0, 0.0 ]
[ 41.0, 292.0, 0.0 ]
[ 33.0, 312.0, 0.0 ]
[ 38.0, 333.0, 0.0 ]
[ 58.0, 295.0, 0.0 ]
[ 55.0, 303.0, 0.0 ]
[ 55.0, 318.0, 0.0 ]
[ 58.0, 326.0, 0.0 ]
[ 88.0, 309.0, 0.0 ]
[ 97.0, 298.0, 0.0 ]
[ 94.0, 294.0, 0.0 ]
[ 152.0, 200.0, 0.0 ]
[ 183.0, 211.0, 0.0 ]
[ 209.0, 236.0, 0.0 ]
[ 241.0, 266.0, 0.0 ]
[ 263.0, 308.0, 0.0 ]
[ 282.0, 343.0, 0.0 ]
[ 303.0, 376.0, 0.0 ]
[ 334.0, 392.0, 0.0 ]
[ 380.0, 371.0, 0.0 ]
[ 416.0, 331.0, 0.0 ]
[ 439.0, 317.0, 0.0 ]
[ 451.0, 273.0, 0.0 ]
[ 331.0, 161.0, 0.0 ]
[ 353.0, 179.0, 0.0 ]
[ 376.0, 197.0, 0.0 ]
[ 348.0, 200.0, 0.0 ]
[ 320.0, 216.0, 0.0 ]
[ 300.0, 236.0, 0.0 ]
[ 276.0, 242.0, 0.0 ]
[ 244.0, 242.0, 0.0 ]
[ 223.0, 249.0, 0.0 ]
[ 347.0, 134.0, 0.0 ]
[ 380.0, 130.0, 0.0 ]
[ 406.0, 136.0, 0.0 ]
[ 430.0, 131.0, 0.0 ]
[ 448.0, 119.0, 0.0 ]
[ 463.0, 100.0, 0.0 ]
[ 485.0, 82.0, 0.0 ]
[ 476.0, 94.0, 0.0 ]
[ 459.0, 114.0, 0.0 ]
[ 441.0, 130.0, 0.0 ]
[ 422.0, 139.0, 0.0 ]
[ 391.0, 139.0, 0.0 ]
[ 364.0, 136.0, 0.0 ]
[ 388.0, 111.0, 0.0 ]
[ 384.0, 93.0, 0.0 ]
[ 367.0, 85.0, 0.0 ]
[ 352.0, 97.0, 0.0 ]
[ 333.0, 114.0, 0.0 ]
[ 332.0, 131.0, 0.0 ]
[ 359.0, 122.0, 0.0 ]
[ 378.0, 120.0, 0.0 ]
[ 432.0, 127.0, 0.0 ]
[ 424.0, 126.0, 0.0 ]
[ 436.0, 119.0, 0.0 ]
[ 435.0, 112.0, 0.0 ]
[ 443.0, 110.0, 0.0 ]
[ 410.0, 123.0, 0.0 ]
[ 418.0, 120.0, 0.0 ]
[ 400.0, 117.0, 0.0 ]
[ 404.0, 103.0, 0.0 ]
[ 415.0, 96.0, 0.0 ]
[ 427.0, 95.0, 0.0 ]
[ 439.0, 101.0, 0.0 ]
[ 428.0, 69.0, 0.0 ]
[ 432.0, 82.0, 0.0 ]
[ 453.0, 88.0, 0.0 ]
[ 467.0, 79.0, 0.0 ]
[ 475.0, 74.0, 0.0 ]
[ 489.0, 74.0, 0.0 ]
[ 475.0, 58.0, 0.0 ]
[ 455.0, 52.0, 0.0 ]
[ 437.0, 52.0, 0.0 ]
[ 446.0, 81.0, 0.0 ]
[ 460.0, 72.0, 0.0 ]
[ 451.0, 73.0, 0.0 ]
[ 356.0, 115.0, 0.0 ]
[ 369.0, 110.0, 0.0 ]
[ 377.0, 114.0, 0.0 ]
[ 388.0, 79.0, 0.0 ]
[ 418.0, 66.0, 0.0 ]
[ 426.0, 66.0, 0.0 ]
[ 128.0, 356.0, 0.0 ]
[ 141.0, 386.0, 0.0 ]
[ 159.0, 431.0, 0.0 ]
[ 319.0, 273.0, 0.0 ]
[ 340.0, 321.0, 0.0 ]
[ 385.0, 285.0, 0.0 ]
[ 365.0, 233.0, 0.0 ]
[ 418.0, 200.0, 0.0 ]
[ 372.0, 163.0, 0.0 ]
[ 461.0, 145.0, 0.0 ]
[ 433.0, 167.0, 0.0 ]
[ 420.0, 103.0, 0.0 ]
[ 352.0, 109.0, 0.0 ]
[ 458.0, 58.0, 0.0 ]
[ 398.0, 53.0, 0.0 ]
[ 372.0, 56.0, 0.0 ]
[ 346.0, 75.0, 0.0 ]
[ 229.0, 210.0, 0.0 ]
[ 279.0, 217.0, 0.0 ]
[ 318.0, 190.0, 0.0 ]
[ 480.0, 293.0, 0.0 ]
[ 476.0, 334.0, 0.0 ]
[ 526.0, 320.0, 0.0 ]
[ 587.0, 294.0, 0.0 ]
[ 631.0, 273.0, 0.0 ]
[ 675.0, 252.0, 0.0 ]
[ 716.0, 234.0, 0.0 ]
[ 745.0, 238.0, 0.0 ]
[ 769.0, 237.0, 0.0 ]
[ 758.0, 219.0, 0.0 ]
[ 600.0, 326.0, 0.0 ]
[ 545.0, 359.0, 0.0 ]
[ 497.0, 360.0, 0.0 ]
[ 355.0, 412.0, 0.0 ]
[ 313.0, 426.0, 0.0 ]
[ 259.0, 423.0, 0.0 ]
[ 220.0, 374.0, 0.0 ]
[ 171.0, 313.0, 0.0 ]
[ 139.0, 248.0, 0.0 ]
[ 167.0, 362.0, 0.0 ]
[ 202.0, 425.0, 0.0 ]
[ 129.0, 396.0, 0.0 ]
[ 228.0, 300.0, 0.0 ]
[ 266.0, 362.0, 0.0 ]
[ 54.0, 314.0, 0.0 ]
[ 74.0, 307.0, 0.0 ]
[ 89.0, 306.0, 0.0 ]
[ 79.0, 298.0, 0.0 ]
[ 62.0, 301.0, 0.0 ]
[ 77.0, 288.0, 0.0 ]
[ 38.0, 448.0, 0.0 ]
[ 50.0, 394.0, 0.0 ]
[ 80.0, 362.0, 0.0 ]
[ 177.0, 160.0, 0.0 ]
[ 196.0, 112.0, 0.0 ]
[ 219.0, 49.0, 0.0 ]
[ 221.0, 13.0, 0.0 ]
[ 149.0, 77.0, 0.0 ]
[ 174.0, 37.0, 0.0 ]
[ 168.0, 53.0, 0.0 ]
[ 178.0, 19.0, 0.0 ]
[ 188.0, 46.0, 0.0 ]
[ 201.0, 41.0, 0.0 ]
[ 182.0, 49.0, 0.0 ]
[ 188.0, 36.0, 0.0 ]
[ 195.0, 35.0, 0.0 ]
[ 173.0, 27.0, 0.0 ]
[ 167.0, 43.0, 0.0 ]
[ 18.0, 426.0, 0.0 ]
[ 14.0, 386.0, 0.0 ]
[ 99.0, 366.0, 0.0 ]
[ 152.0, 155.0, 0.0 ]
[ 137.0, 184.0, 0.0 ]
[ 155.0, 176.0, 0.0 ]
[ 361.0, 187.0, 0.0 ]
[ 469.0, 148.0, 0.0 ]
[ 485.0, 80.0, 0.0 ]
[ 775.0, 222.0, 0.0 ]
[ 642.0, 283.0, 0.0 ]
[ 595.0, 307.0, 0.0 ]
[ 392.0, 131.0, 0.0 ]
[ 470.0, 97.0, 0.0 ]
[ 401.0, 174.0, 0.0 ]
[ 424.0, 193.0, 0.0 ]
[ 455.0, 176.0, 0.0 ]
[ 374.0, 265.0, 0.0 ]
[ 322.0, 252.0, 0.0 ]
[ 426.0, 223.0, 0.0 ]
[ 313.0, 542.0, 0.0 ]
