640 480
[ 0.0, 0.0, 0.0 ]
[ 640.0, 0.0, 0.0 ]
[ 640.0, 480.0, 0.0 ]
[ 0.0, 480.0, 0.0 ]
[ 299.0, 94.0, 0.0 ]
[ 309.0, 94.0, 0.0 ]
[ 317.0, 94.0, 0.0 ]
[ 326.0, 94.0, 0.0 ]
[ 337.0, 96.0, 0.0 ]
[ 296.0, 103.0, 0.0 ]
[ 305.0, 104.0, 0.0 ]
[ 317.0, 103.0, 0.0 ]
[ 330.0, 104.0, 0.0 ]
[ 306.0, 121.0, 0.0 ]
[ 329.0, 121.0, 0.0 ]
[ 327.0, 135.0, 0.0 ]
[ 339.0, 147.0, 0.0 ]
[ 342.0, 131.0, 0.0 ]
[ 346.0, 116.0, 0.0 ]
[ 290.0, 116.0, 0.0 ]
[ 294.0, 131.0, 0.0 ]
[ 296.0, 144.0, 0.0 ]
[ 307.0, 134.0, 0.0 ]
[ 308.0, 148.0, 0.0 ]
[ 325.0, 148.0, 0.0 ]
[ 309.0, 163.0, 0.0 ]
[ 309.0, 183.0, 0.0 ]
[ 309.0, 212.0, 0.0 ]
[ 308.0, 239.0, 0.0 ]
[ 305.0, 265.0, 0.0 ]
[ 301.0, 292.0, 0.0 ]
[ 293.0, 325.0, 0.0 ]
[ 279.0, 387.0, 0.0 ]
[ 284.0, 355.0, 0.0 ]
[ 278.0, 419.0, 0.0 ]
[ 287.0, 447.0, 0.0 ]
[ 316.0, 448.0, 0.0 ]
[ 331.0, 447.0, 0.0 ]
[ 351.0, 447.0, 0.0 ]
[ 371.0, 444.0, 0.0 ]
[ 378.0, 435.0, 0.0 ]
[ 380.0, 410.0, 0.0 ]
[ 371.0, 360.0, 0.0 ]
[ 361.0, 339.0, 0.0 ]
[ 350.0, 317.0, 0.0 ]
[ 340.0, 295.0, 0.0 ]
[ 331.0, 268.0, 0.0 ]
[ 328.0, 245.0, 0.0 ]
[ 325.0, 217.0, 0.0 ]
[ 326.0, 195.0, 0.0 ]
[ 325.0, 172.0, 0.0 ]
[ 360.0, 354.0, 0.0 ]
[ 369.0, 373.0, 0.0 ]
[ 376.0, 392.0, 0.0 ]
[ 199.0, 381.0, 0.0 ]
[ 203.0, 359.0, 0.0 ]
[ 208.0, 347.0, 0.0 ]
[ 212.0, 337.0, 0.0 ]
[ 219.0, 326.0, 0.0 ]
[ 231.0, 316.0, 0.0 ]
[ 254.0, 291.0, 0.0 ]
[ 267.0, 276.0, 0.0 ]
[ 276.0, 259.0, 0.0 ]
[ 286.0, 234.0, 0.0 ]
[ 294.0, 208.0, 0.0 ]
[ 295.0, 186.0, 0.0 ]
[ 297.0, 166.0, 0.0 ]
[ 204.0, 405.0, 0.0 ]
[ 216.0, 420.0, 0.0 ]
[ 229.0, 434.0, 0.0 ]
[ 248.0, 440.0, 0.0 ]
[ 267.0, 442.0, 0.0 ]
[ 235.0, 304.0, 0.0 ]
[ 218.0, 320.0, 0.0 ]
[ 206.0, 330.0, 0.0 ]
[ 197.0, 343.0, 0.0 ]
[ 196.0, 359.0, 0.0 ]
[ 397.0, 430.0, 0.0 ]
[ 415.0, 421.0, 0.0 ]
[ 429.0, 409.0, 0.0 ]
[ 439.0, 390.0, 0.0 ]
[ 440.0, 374.0, 0.0 ]
[ 438.0, 356.0, 0.0 ]
[ 430.0, 342.0, 0.0 ]
[ 419.0, 328.0, 0.0 ]
[ 399.0, 308.0, 0.0 ]
[ 384.0, 297.0, 0.0 ]
[ 364.0, 277.0, 0.0 ]
[ 354.0, 258.0, 0.0 ]
[ 346.0, 237.0, 0.0 ]
[ 342.0, 220.0, 0.0 ]
[ 339.0, 200.0, 0.0 ]
[ 338.0, 174.0, 0.0 ]
[ 338.0, 159.0, 0.0 ]
[ 375.0, 290.0, 0.0 ]
[ 382.0, 304.0, 0.0 ]
[ 394.0, 318.0, 0.0 ]
[ 411.0, 329.0, 0.0 ]
[ 422.0, 340.0, 0.0 ]
[ 432.0, 349.0, 0.0 ]
[ 202.0, 366.0, 0.0 ]
[ 219.0, 383.0, 0.0 ]
[ 249.0, 395.0, 0.0 ]
[ 277.0, 401.0, 0.0 ]
[ 410.0, 381.0, 0.0 ]
[ 432.0, 361.0, 0.0 ]
[ 324.0, 364.0, 0.0 ]
[ 323.0, 307.0, 0.0 ]
[ 320.0, 284.0, 0.0 ]
[ 319.0, 255.0, 0.0 ]
[ 326.0, 232.0, 0.0 ]
[ 316.0, 229.0, 0.0 ]
[ 310.0, 226.0, 0.0 ]
[ 310.0, 200.0, 0.0 ]
[ 324.0, 180.0, 0.0 ]
[ 325.0, 159.0, 0.0 ]
[ 302.0, 163.0, 0.0 ]
[ 301.0, 191.0, 0.0 ]
[ 296.0, 234.0, 0.0 ]
[ 282.0, 275.0, 0.0 ]
[ 271.0, 303.0, 0.0 ]
[ 257.0, 328.0, 0.0 ]
[ 244.0, 359.0, 0.0 ]
[ 241.0, 393.0, 0.0 ]
[ 244.0, 417.0, 0.0 ]
[ 332.0, 160.0, 0.0 ]
[ 332.0, 189.0, 0.0 ]
[ 333.0, 213.0, 0.0 ]
[ 324.0, 206.0, 0.0 ]
[ 337.0, 235.0, 0.0 ]
[ 345.0, 263.0, 0.0 ]
[ 367.0, 307.0, 0.0 ]
[ 372.0, 293.0, 0.0 ]
[ 373.0, 328.0, 0.0 ]
[ 400.0, 354.0, 0.0 ]
[ 375.0, 372.0, 0.0 ]
[ 269.0, 448.0, 0.0 ]
[ 288.0, 455.0, 0.0 ]
[ 328.0, 456.0, 0.0 ]
[ 354.0, 456.0, 0.0 ]
[ 384.0, 450.0, 0.0 ]
[ 428.0, 440.0, 0.0 ]
[ 395.0, 315.0, 0.0 ]
[ 304.0, 101.0, 0.0 ]
[ 307.0, 102.0, 0.0 ]
[ 313.0, 99.0, 0.0 ]
[ 316.0, 102.0, 0.0 ]
[ 338.0, 103.0, 0.0 ]
[ 265.0, 276.0, 0.0 ]
[ 292.0, 129.0, 0.0 ]
[ 297.0, 159.0, 0.0 ]
[ 290.0, 98.0, 0.0 ]
[ 289.0, 105.0, 0.0 ]
[ 346.0, 99.0, 0.0 ]
[ 327.0, 395.0, 0.0 ]
[ 326.0, 428.0, 0.0 ]
[ 219.0, 402.0, 0.0 ]
[ 412.0, 403.0, 0.0 ]
[ 1.0, 393.0, 0.0 ]
