1813 1020
[ 0.0, 0.0, 0.0 ]
[ 1813.0, 0.0, 0.0 ]
[ 1813.0, 1020.0, 0.0 ]
[ 0.0, 1020.0, 0.0 ]
[ 777.0, 42.0, 0.0 ]
[ 785.0, 14.0, 0.0 ]
[ 808.0, 60.0, 0.0 ]
[ 838.0, 150.0, 0.0 ]
[ 857.0, 218.0, 0.0 ]
[ 864.0, 252.0, 0.0 ]
[ 886.0, 304.0, 0.0 ]
[ 886.0, 341.0, 0.0 ]
[ 890.0, 400.0, 0.0 ]
[ 920.0, 486.0, 0.0 ]
[ 950.0, 511.0, 0.0 ]
[ 993.0, 499.0, 0.0 ]
[ 1036.0, 488.0, 0.0 ]
[ 1080.0, 486.0, 0.0 ]
[ 1113.0, 503.0, 0.0 ]
[ 1108.0, 515.0, 0.0 ]
[ 1109.0, 537.0, 0.0 ]
[ 1097.0, 565.0, 0.0 ]
[ 1090.0, 551.0, 0.0 ]
[ 1086.0, 574.0, 0.0 ]
[ 1091.0, 536.0, 0.0 ]
[ 1071.0, 551.0, 0.0 ]
[ 1051.0, 579.0, 0.0 ]
[ 1036.0, 585.0, 0.0 ]
[ 1081.0, 562.0, 0.0 ]
[ 1035.0, 579.0, 0.0 ]
[ 1045.0, 559.0, 0.0 ]
[ 1043.0, 535.0, 0.0 ]
[ 1066.0, 523.0, 0.0 ]
[ 1092.0, 520.0, 0.0 ]
[ 1068.0, 528.0, 0.0 ]
[ 1063.0, 532.0, 0.0 ]
[ 1065.0, 538.0, 0.0 ]
[ 1072.0, 536.0, 0.0 ]
[ 1074.0, 528.0, 0.0 ]
[ 1070.0, 532.0, 0.0 ]
[ 1102.0, 532.0, 0.0 ]
[ 1079.0, 495.0, 0.0 ]
[ 1035.0, 503.0, 0.0 ]
[ 981.0, 518.0, 0.0 ]
[ 954.0, 551.0, 0.0 ]
[ 985.0, 587.0, 0.0 ]
[ 1003.0, 602.0, 0.0 ]
[ 1100.0, 663.0, 0.0 ]
[ 1163.0, 698.0, 0.0 ]
[ 1179.0, 717.0, 0.0 ]
[ 1265.0, 770.0, 0.0 ]
[ 1322.0, 791.0, 0.0 ]
[ 1314.0, 809.0, 0.0 ]
[ 1258.0, 811.0, 0.0 ]
[ 1285.0, 849.0, 0.0 ]
[ 1236.0, 843.0, 0.0 ]
[ 1216.0, 826.0, 0.0 ]
[ 1229.0, 874.0, 0.0 ]
[ 1169.0, 855.0, 0.0 ]
[ 1164.0, 869.0, 0.0 ]
[ 1138.0, 871.0, 0.0 ]
[ 1113.0, 859.0, 0.0 ]
[ 1101.0, 869.0, 0.0 ]
[ 1060.0, 859.0, 0.0 ]
[ 1030.0, 872.0, 0.0 ]
[ 1011.0, 863.0, 0.0 ]
[ 985.0, 864.0, 0.0 ]
[ 947.0, 853.0, 0.0 ]
[ 938.0, 840.0, 0.0 ]
[ 901.0, 840.0, 0.0 ]
[ 859.0, 827.0, 0.0 ]
[ 792.0, 771.0, 0.0 ]
[ 736.0, 685.0, 0.0 ]
[ 839.0, 334.0, 0.0 ]
[ 804.0, 425.0, 0.0 ]
[ 814.0, 468.0, 0.0 ]
[ 827.0, 507.0, 0.0 ]
[ 806.0, 549.0, 0.0 ]
[ 894.0, 537.0, 0.0 ]
[ 831.0, 595.0, 0.0 ]
[ 853.0, 607.0, 0.0 ]
[ 914.0, 574.0, 0.0 ]
[ 905.0, 616.0, 0.0 ]
[ 936.0, 656.0, 0.0 ]
[ 1013.0, 668.0, 0.0 ]
[ 1039.0, 627.0, 0.0 ]
[ 857.0, 402.0, 0.0 ]
[ 884.0, 459.0, 0.0 ]
[ 601.0, 676.0, 0.0 ]
[ 652.0, 652.0, 0.0 ]
[ 492.0, 774.0, 0.0 ]
[ 531.0, 772.0, 0.0 ]
[ 601.0, 733.0, 0.0 ]
[ 587.0, 771.0, 0.0 ]
[ 653.0, 693.0, 0.0 ]
[ 803.0, 574.0, 0.0 ]
[ 778.0, 651.0, 0.0 ]
[ 831.0, 661.0, 0.0 ]
[ 905.0, 679.0, 0.0 ]
[ 974.0, 690.0, 0.0 ]
[ 1059.0, 671.0, 0.0 ]
[ 1063.0, 688.0, 0.0 ]
[ 796.0, 350.0, 0.0 ]
[ 820.0, 370.0, 0.0 ]
[ 770.0, 420.0, 0.0 ]
[ 720.0, 563.0, 0.0 ]
[ 731.0, 584.0, 0.0 ]
[ 834.0, 264.0, 0.0 ]
[ 816.0, 301.0, 0.0 ]
[ 741.0, 315.0, 0.0 ]
[ 720.0, 372.0, 0.0 ]
[ 782.0, 216.0, 0.0 ]
[ 828.0, 188.0, 0.0 ]
[ 904.0, 730.0, 0.0 ]
[ 1011.0, 756.0, 0.0 ]
[ 1026.0, 697.0, 0.0 ]
[ 1106.0, 765.0, 0.0 ]
[ 503.0, 660.0, 0.0 ]
[ 446.0, 676.0, 0.0 ]
[ 442.0, 688.0, 0.0 ]
[ 460.0, 722.0, 0.0 ]
[ 386.0, 757.0, 0.0 ]
[ 378.0, 799.0, 0.0 ]
[ 321.0, 831.0, 0.0 ]
[ 323.0, 841.0, 0.0 ]
[ 389.0, 822.0, 0.0 ]
[ 331.0, 862.0, 0.0 ]
[ 271.0, 899.0, 0.0 ]
[ 233.0, 920.0, 0.0 ]
[ 148.0, 978.0, 0.0 ]
[ 149.0, 987.0, 0.0 ]
[ 155.0, 996.0, 0.0 ]
[ 251.0, 961.0, 0.0 ]
[ 340.0, 925.0, 0.0 ]
[ 417.0, 877.0, 0.0 ]
[ 278.0, 974.0, 0.0 ]
[ 278.0, 945.0, 0.0 ]
[ 286.0, 988.0, 0.0 ]
[ 358.0, 947.0, 0.0 ]
[ 388.0, 927.0, 0.0 ]
[ 403.0, 951.0, 0.0 ]
[ 491.0, 895.0, 0.0 ]
[ 532.0, 864.0, 0.0 ]
[ 542.0, 868.0, 0.0 ]
[ 609.0, 824.0, 0.0 ]
[ 629.0, 822.0, 0.0 ]
[ 693.0, 760.0, 0.0 ]
[ 726.0, 724.0, 0.0 ]
[ 697.0, 710.0, 0.0 ]
[ 562.0, 756.0, 0.0 ]
[ 636.0, 540.0, 0.0 ]
[ 619.0, 474.0, 0.0 ]
[ 609.0, 379.0, 0.0 ]
[ 619.0, 360.0, 0.0 ]
[ 599.0, 333.0, 0.0 ]
[ 605.0, 316.0, 0.0 ]
[ 595.0, 279.0, 0.0 ]
[ 619.0, 270.0, 0.0 ]
[ 599.0, 242.0, 0.0 ]
[ 624.0, 225.0, 0.0 ]
[ 621.0, 190.0, 0.0 ]
[ 639.0, 179.0, 0.0 ]
[ 634.0, 139.0, 0.0 ]
[ 651.0, 131.0, 0.0 ]
[ 640.0, 74.0, 0.0 ]
[ 660.0, 77.0, 0.0 ]
[ 711.0, 126.0, 0.0 ]
[ 680.0, 56.0, 0.0 ]
[ 672.0, 15.0, 0.0 ]
[ 686.0, 18.0, 0.0 ]
[ 721.0, 67.0, 0.0 ]
[ 786.0, 91.0, 0.0 ]
[ 533.0, 649.0, 0.0 ]
[ 496.0, 703.0, 0.0 ]
[ 273.0, 914.0, 0.0 ]
[ 328.0, 881.0, 0.0 ]
[ 358.0, 844.0, 0.0 ]
[ 493.0, 779.0, 0.0 ]
[ 501.0, 757.0, 0.0 ]
[ 501.0, 741.0, 0.0 ]
[ 480.0, 757.0, 0.0 ]
[ 454.0, 775.0, 0.0 ]
[ 376.0, 904.0, 0.0 ]
[ 495.0, 860.0, 0.0 ]
[ 530.0, 833.0, 0.0 ]
[ 684.0, 75.0, 0.0 ]
[ 783.0, 561.0, 0.0 ]
[ 708.0, 201.0, 0.0 ]
[ 706.0, 255.0, 0.0 ]
[ 796.0, 131.0, 0.0 ]
[ 762.0, 114.0, 0.0 ]
[ 655.0, 582.0, 0.0 ]
[ 693.0, 604.0, 0.0 ]
[ 571.0, 630.0, 0.0 ]
[ 545.0, 716.0, 0.0 ]
[ 649.0, 756.0, 0.0 ]
[ 589.0, 788.0, 0.0 ]
[ 556.0, 841.0, 0.0 ]
[ 560.0, 810.0, 0.0 ]
[ 576.0, 810.0, 0.0 ]
[ 585.0, 816.0, 0.0 ]
[ 614.0, 792.0, 0.0 ]
[ 612.0, 772.0, 0.0 ]
[ 637.0, 745.0, 0.0 ]
[ 772.0, 480.0, 0.0 ]
[ 786.0, 518.0, 0.0 ]
[ 749.0, 547.0, 0.0 ]
[ 423.0, 881.0, 0.0 ]
[ 516.0, 695.0, 0.0 ]
[ 1075.0, 565.0, 0.0 ]
[ 1064.0, 598.0, 0.0 ]
[ 681.0, 462.0, 0.0 ]
[ 652.0, 623.0, 0.0 ]
[ 857.0, 551.0, 0.0 ]
[ 731.0, 619.0, 0.0 ]
[ 777.0, 746.0, 0.0 ]
[ 10.0, 494.0, 0.0 ]
