800 532
[ 0.0, 0.0, 0.0 ]
[ 800.0, 0.0, 0.0 ]
[ 800.0, 532.0, 0.0 ]
[ 0.0, 532.0, 0.0 ]
[ 140.0, 323.0, 0.0 ]
[ 117.0, 313.0, 0.0 ]
[ 95.0, 301.0, 0.0 ]
[ 81.0, 286.0, 0.0 ]
[ 70.0, 268.0, 0.0 ]
[ 60.0, 250.0, 0.0 ]
[ 56.0, 231.0, 0.0 ]
[ 57.0, 209.0, 0.0 ]
[ 61.0, 187.0, 0.0 ]
[ 72.0, 168.0, 0.0 ]
[ 84.0, 153.0, 0.0 ]
[ 99.0, 141.0, 0.0 ]
[ 118.0, 130.0, 0.0 ]
[ 140.0, 124.0, 0.0 ]
[ 161.0, 120.0, 0.0 ]
[ 183.0, 119.0, 0.0 ]
[ 202.0, 122.0, 0.0 ]
[ 220.0, 125.0, 0.0 ]
[ 128.0, 337.0, 0.0 ]
[ 118.0, 352.0, 0.0 ]
[ 113.0, 373.0, 0.0 ]
[ 112.0, 393.0, 0.0 ]
[ 113.0, 409.0, 0.0 ]
[ 119.0, 421.0, 0.0 ]
[ 127.0, 436.0, 0.0 ]
[ 135.0, 447.0, 0.0 ]
[ 149.0, 456.0, 0.0 ]
[ 162.0, 465.0, 0.0 ]
[ 178.0, 473.0, 0.0 ]
[ 194.0, 481.0, 0.0 ]
[ 209.0, 486.0, 0.0 ]
[ 226.0, 493.0, 0.0 ]
[ 245.0, 499.0, 0.0 ]
[ 264.0, 502.0, 0.0 ]
[ 284.0, 503.0, 0.0 ]
[ 303.0, 503.0, 0.0 ]
[ 327.0, 500.0, 0.0 ]
[ 346.0, 496.0, 0.0 ]
[ 362.0, 490.0, 0.0 ]
[ 378.0, 483.0, 0.0 ]
[ 389.0, 472.0, 0.0 ]
[ 401.0, 458.0, 0.0 ]
[ 411.0, 443.0, 0.0 ]
[ 417.0, 426.0, 0.0 ]
[ 419.0, 409.0, 0.0 ]
[ 417.0, 386.0, 0.0 ]
[ 420.0, 397.0, 0.0 ]
[ 432.0, 395.0, 0.0 ]
[ 451.0, 404.0, 0.0 ]
[ 470.0, 410.0, 0.0 ]
[ 493.0, 418.0, 0.0 ]
[ 518.0, 422.0, 0.0 ]
[ 541.0, 424.0, 0.0 ]
[ 565.0, 428.0, 0.0 ]
[ 586.0, 427.0, 0.0 ]
[ 612.0, 424.0, 0.0 ]
[ 638.0, 416.0, 0.0 ]
[ 662.0, 407.0, 0.0 ]
[ 688.0, 397.0, 0.0 ]
[ 706.0, 383.0, 0.0 ]
[ 723.0, 364.0, 0.0 ]
[ 739.0, 346.0, 0.0 ]
[ 748.0, 322.0, 0.0 ]
[ 752.0, 301.0, 0.0 ]
[ 751.0, 280.0, 0.0 ]
[ 754.0, 253.0, 0.0 ]
[ 749.0, 232.0, 0.0 ]
[ 742.0, 211.0, 0.0 ]
[ 731.0, 194.0, 0.0 ]
[ 716.0, 177.0, 0.0 ]
[ 701.0, 166.0, 0.0 ]
[ 682.0, 163.0, 0.0 ]
[ 666.0, 164.0, 0.0 ]
[ 654.0, 160.0, 0.0 ]
[ 642.0, 147.0, 0.0 ]
[ 624.0, 140.0, 0.0 ]
[ 619.0, 124.0, 0.0 ]
[ 593.0, 117.0, 0.0 ]
[ 568.0, 109.0, 0.0 ]
[ 542.0, 105.0, 0.0 ]
[ 521.0, 102.0, 0.0 ]
[ 499.0, 100.0, 0.0 ]
[ 477.0, 102.0, 0.0 ]
[ 458.0, 107.0, 0.0 ]
[ 445.0, 109.0, 0.0 ]
[ 438.0, 89.0, 0.0 ]
[ 427.0, 69.0, 0.0 ]
[ 415.0, 51.0, 0.0 ]
[ 402.0, 39.0, 0.0 ]
[ 391.0, 28.0, 0.0 ]
[ 373.0, 21.0, 0.0 ]
[ 356.0, 24.0, 0.0 ]
[ 343.0, 24.0, 0.0 ]
[ 325.0, 31.0, 0.0 ]
[ 312.0, 43.0, 0.0 ]
[ 312.0, 60.0, 0.0 ]
[ 321.0, 79.0, 0.0 ]
[ 307.0, 69.0, 0.0 ]
[ 293.0, 58.0, 0.0 ]
[ 274.0, 52.0, 0.0 ]
[ 255.0, 52.0, 0.0 ]
[ 239.0, 60.0, 0.0 ]
[ 224.0, 75.0, 0.0 ]
[ 215.0, 92.0, 0.0 ]
[ 214.0, 112.0, 0.0 ]
[ 238.0, 130.0, 0.0 ]
[ 254.0, 137.0, 0.0 ]
[ 269.0, 145.0, 0.0 ]
[ 282.0, 157.0, 0.0 ]
[ 296.0, 168.0, 0.0 ]
[ 308.0, 181.0, 0.0 ]
[ 318.0, 197.0, 0.0 ]
[ 322.0, 211.0, 0.0 ]
[ 326.0, 221.0, 0.0 ]
[ 327.0, 232.0, 0.0 ]
[ 332.0, 221.0, 0.0 ]
[ 336.0, 209.0, 0.0 ]
[ 339.0, 199.0, 0.0 ]
[ 329.0, 200.0, 0.0 ]
[ 329.0, 211.0, 0.0 ]
[ 325.0, 250.0, 0.0 ]
[ 325.0, 271.0, 0.0 ]
[ 329.0, 290.0, 0.0 ]
[ 332.0, 302.0, 0.0 ]
[ 337.0, 312.0, 0.0 ]
[ 322.0, 304.0, 0.0 ]
[ 310.0, 302.0, 0.0 ]
[ 299.0, 299.0, 0.0 ]
[ 310.0, 287.0, 0.0 ]
[ 316.0, 277.0, 0.0 ]
[ 323.0, 261.0, 0.0 ]
[ 351.0, 319.0, 0.0 ]
[ 362.0, 325.0, 0.0 ]
[ 378.0, 334.0, 0.0 ]
[ 393.0, 349.0, 0.0 ]
[ 406.0, 364.0, 0.0 ]
[ 414.0, 377.0, 0.0 ]
[ 150.0, 313.0, 0.0 ]
[ 164.0, 306.0, 0.0 ]
[ 182.0, 298.0, 0.0 ]
[ 199.0, 295.0, 0.0 ]
[ 217.0, 292.0, 0.0 ]
[ 236.0, 291.0, 0.0 ]
[ 261.0, 291.0, 0.0 ]
[ 281.0, 294.0, 0.0 ]
[ 333.0, 91.0, 0.0 ]
[ 346.0, 104.0, 0.0 ]
[ 358.0, 117.0, 0.0 ]
[ 369.0, 132.0, 0.0 ]
[ 376.0, 145.0, 0.0 ]
[ 366.0, 159.0, 0.0 ]
[ 352.0, 175.0, 0.0 ]
[ 343.0, 191.0, 0.0 ]
[ 392.0, 136.0, 0.0 ]
[ 406.0, 125.0, 0.0 ]
[ 425.0, 115.0, 0.0 ]
[ 429.0, 400.0, 0.0 ]
[ 440.0, 406.0, 0.0 ]
[ 454.0, 413.0, 0.0 ]
[ 473.0, 420.0, 0.0 ]
[ 496.0, 424.0, 0.0 ]
[ 533.0, 429.0, 0.0 ]
[ 598.0, 430.0, 0.0 ]
[ 567.0, 432.0, 0.0 ]
[ 629.0, 424.0, 0.0 ]
[ 651.0, 416.0, 0.0 ]
[ 668.0, 409.0, 0.0 ]
[ 137.0, 455.0, 0.0 ]
[ 153.0, 466.0, 0.0 ]
[ 169.0, 476.0, 0.0 ]
[ 188.0, 483.0, 0.0 ]
[ 212.0, 493.0, 0.0 ]
[ 230.0, 499.0, 0.0 ]
[ 250.0, 505.0, 0.0 ]
[ 276.0, 506.0, 0.0 ]
[ 303.0, 505.0, 0.0 ]
[ 335.0, 230.0, 0.0 ]
[ 333.0, 248.0, 0.0 ]
[ 336.0, 252.0, 0.0 ]
[ 354.0, 257.0, 0.0 ]
[ 374.0, 251.0, 0.0 ]
[ 399.0, 242.0, 0.0 ]
[ 423.0, 230.0, 0.0 ]
[ 446.0, 217.0, 0.0 ]
[ 473.0, 200.0, 0.0 ]
[ 497.0, 185.0, 0.0 ]
[ 528.0, 171.0, 0.0 ]
[ 544.0, 159.0, 0.0 ]
[ 568.0, 149.0, 0.0 ]
[ 594.0, 141.0, 0.0 ]
[ 612.0, 130.0, 0.0 ]
[ 618.0, 130.0, 0.0 ]
[ 336.0, 261.0, 0.0 ]
[ 359.0, 275.0, 0.0 ]
[ 380.0, 283.0, 0.0 ]
[ 414.0, 289.0, 0.0 ]
[ 446.0, 282.0, 0.0 ]
[ 488.0, 272.0, 0.0 ]
[ 587.0, 224.0, 0.0 ]
[ 563.0, 237.0, 0.0 ]
[ 532.0, 258.0, 0.0 ]
[ 610.0, 212.0, 0.0 ]
[ 642.0, 197.0, 0.0 ]
[ 658.0, 178.0, 0.0 ]
[ 354.0, 266.0, 0.0 ]
[ 343.0, 267.0, 0.0 ]
[ 374.0, 272.0, 0.0 ]
[ 409.0, 274.0, 0.0 ]
[ 434.0, 269.0, 0.0 ]
[ 463.0, 261.0, 0.0 ]
[ 493.0, 252.0, 0.0 ]
[ 518.0, 238.0, 0.0 ]
[ 551.0, 220.0, 0.0 ]
[ 571.0, 207.0, 0.0 ]
[ 599.0, 195.0, 0.0 ]
[ 634.0, 180.0, 0.0 ]
[ 648.0, 166.0, 0.0 ]
[ 628.0, 151.0, 0.0 ]
[ 605.0, 161.0, 0.0 ]
[ 576.0, 175.0, 0.0 ]
[ 555.0, 187.0, 0.0 ]
[ 538.0, 197.0, 0.0 ]
[ 517.0, 210.0, 0.0 ]
[ 494.0, 230.0, 0.0 ]
[ 457.0, 248.0, 0.0 ]
[ 426.0, 260.0, 0.0 ]
[ 395.0, 265.0, 0.0 ]
[ 371.0, 265.0, 0.0 ]
[ 374.0, 258.0, 0.0 ]
[ 397.0, 250.0, 0.0 ]
[ 418.0, 243.0, 0.0 ]
[ 447.0, 230.0, 0.0 ]
[ 474.0, 212.0, 0.0 ]
[ 497.0, 199.0, 0.0 ]
[ 524.0, 181.0, 0.0 ]
[ 541.0, 171.0, 0.0 ]
[ 557.0, 160.0, 0.0 ]
[ 578.0, 153.0, 0.0 ]
[ 598.0, 147.0, 0.0 ]
[ 614.0, 139.0, 0.0 ]
[ 353.0, 224.0, 0.0 ]
[ 374.0, 199.0, 0.0 ]
[ 410.0, 172.0, 0.0 ]
[ 441.0, 153.0, 0.0 ]
[ 485.0, 137.0, 0.0 ]
[ 533.0, 126.0, 0.0 ]
[ 566.0, 126.0, 0.0 ]
[ 333.0, 281.0, 0.0 ]
[ 327.0, 281.0, 0.0 ]
[ 339.0, 298.0, 0.0 ]
[ 347.0, 311.0, 0.0 ]
[ 380.0, 332.0, 0.0 ]
[ 405.0, 345.0, 0.0 ]
[ 437.0, 349.0, 0.0 ]
[ 483.0, 344.0, 0.0 ]
[ 528.0, 331.0, 0.0 ]
[ 589.0, 307.0, 0.0 ]
[ 637.0, 279.0, 0.0 ]
[ 683.0, 254.0, 0.0 ]
[ 706.0, 221.0, 0.0 ]
[ 709.0, 190.0, 0.0 ]
[ 438.0, 372.0, 0.0 ]
[ 494.0, 383.0, 0.0 ]
[ 550.0, 376.0, 0.0 ]
[ 603.0, 365.0, 0.0 ]
[ 645.0, 348.0, 0.0 ]
[ 691.0, 323.0, 0.0 ]
[ 715.0, 293.0, 0.0 ]
[ 728.0, 254.0, 0.0 ]
[ 726.0, 216.0, 0.0 ]
[ 489.0, 324.0, 0.0 ]
[ 500.0, 318.0, 0.0 ]
[ 500.0, 325.0, 0.0 ]
[ 592.0, 206.0, 0.0 ]
[ 590.0, 199.0, 0.0 ]
[ 442.0, 259.0, 0.0 ]
[ 448.0, 266.0, 0.0 ]
[ 121.0, 369.0, 0.0 ]
[ 146.0, 364.0, 0.0 ]
[ 195.0, 368.0, 0.0 ]
[ 225.0, 373.0, 0.0 ]
[ 171.0, 364.0, 0.0 ]
[ 255.0, 385.0, 0.0 ]
[ 282.0, 391.0, 0.0 ]
[ 312.0, 406.0, 0.0 ]
[ 331.0, 424.0, 0.0 ]
[ 339.0, 434.0, 0.0 ]
[ 310.0, 439.0, 0.0 ]
[ 269.0, 439.0, 0.0 ]
[ 234.0, 437.0, 0.0 ]
[ 205.0, 432.0, 0.0 ]
[ 181.0, 422.0, 0.0 ]
[ 158.0, 413.0, 0.0 ]
[ 135.0, 396.0, 0.0 ]
[ 126.0, 386.0, 0.0 ]
[ 132.0, 379.0, 0.0 ]
[ 160.0, 375.0, 0.0 ]
[ 183.0, 380.0, 0.0 ]
[ 214.0, 388.0, 0.0 ]
[ 246.0, 395.0, 0.0 ]
[ 271.0, 403.0, 0.0 ]
[ 306.0, 418.0, 0.0 ]
[ 288.0, 409.0, 0.0 ]
[ 304.0, 428.0, 0.0 ]
[ 282.0, 420.0, 0.0 ]
[ 265.0, 410.0, 0.0 ]
[ 249.0, 409.0, 0.0 ]
[ 255.0, 408.0, 0.0 ]
[ 231.0, 406.0, 0.0 ]
[ 209.0, 402.0, 0.0 ]
[ 191.0, 397.0, 0.0 ]
[ 177.0, 395.0, 0.0 ]
[ 156.0, 393.0, 0.0 ]
[ 147.0, 380.0, 0.0 ]
[ 130.0, 408.0, 0.0 ]
[ 152.0, 433.0, 0.0 ]
[ 181.0, 444.0, 0.0 ]
[ 221.0, 459.0, 0.0 ]
[ 277.0, 467.0, 0.0 ]
[ 321.0, 469.0, 0.0 ]
[ 358.0, 458.0, 0.0 ]
[ 388.0, 436.0, 0.0 ]
[ 393.0, 407.0, 0.0 ]
[ 387.0, 380.0, 0.0 ]
[ 401.0, 364.0, 0.0 ]
[ 356.0, 394.0, 0.0 ]
[ 329.0, 372.0, 0.0 ]
[ 302.0, 359.0, 0.0 ]
[ 267.0, 355.0, 0.0 ]
[ 234.0, 356.0, 0.0 ]
[ 199.0, 355.0, 0.0 ]
[ 172.0, 355.0, 0.0 ]
[ 139.0, 355.0, 0.0 ]
[ 129.0, 351.0, 0.0 ]
[ 151.0, 327.0, 0.0 ]
[ 179.0, 324.0, 0.0 ]
[ 186.0, 308.0, 0.0 ]
[ 216.0, 316.0, 0.0 ]
[ 209.0, 301.0, 0.0 ]
[ 252.0, 320.0, 0.0 ]
[ 293.0, 316.0, 0.0 ]
[ 311.0, 335.0, 0.0 ]
[ 334.0, 346.0, 0.0 ]
[ 346.0, 335.0, 0.0 ]
[ 364.0, 355.0, 0.0 ]
[ 96.0, 238.0, 0.0 ]
[ 91.0, 213.0, 0.0 ]
[ 93.0, 190.0, 0.0 ]
[ 99.0, 165.0, 0.0 ]
[ 115.0, 147.0, 0.0 ]
[ 135.0, 132.0, 0.0 ]
[ 160.0, 124.0, 0.0 ]
[ 139.0, 140.0, 0.0 ]
[ 116.0, 177.0, 0.0 ]
[ 127.0, 155.0, 0.0 ]
[ 108.0, 198.0, 0.0 ]
[ 104.0, 218.0, 0.0 ]
[ 142.0, 262.0, 0.0 ]
[ 142.0, 234.0, 0.0 ]
[ 150.0, 203.0, 0.0 ]
[ 162.0, 175.0, 0.0 ]
[ 173.0, 161.0, 0.0 ]
[ 189.0, 144.0, 0.0 ]
[ 204.0, 130.0, 0.0 ]
[ 215.0, 129.0, 0.0 ]
[ 222.0, 132.0, 0.0 ]
[ 204.0, 150.0, 0.0 ]
[ 192.0, 172.0, 0.0 ]
[ 180.0, 195.0, 0.0 ]
[ 170.0, 219.0, 0.0 ]
[ 159.0, 240.0, 0.0 ]
[ 215.0, 289.0, 0.0 ]
[ 225.0, 247.0, 0.0 ]
[ 235.0, 216.0, 0.0 ]
[ 249.0, 191.0, 0.0 ]
[ 264.0, 171.0, 0.0 ]
[ 279.0, 161.0, 0.0 ]
[ 286.0, 173.0, 0.0 ]
[ 289.0, 192.0, 0.0 ]
[ 285.0, 216.0, 0.0 ]
[ 268.0, 239.0, 0.0 ]
[ 250.0, 259.0, 0.0 ]
[ 237.0, 272.0, 0.0 ]
[ 220.0, 266.0, 0.0 ]
[ 229.0, 249.0, 0.0 ]
[ 234.0, 235.0, 0.0 ]
[ 241.0, 222.0, 0.0 ]
[ 251.0, 208.0, 0.0 ]
[ 261.0, 199.0, 0.0 ]
[ 270.0, 193.0, 0.0 ]
[ 267.0, 183.0, 0.0 ]
[ 147.0, 215.0, 0.0 ]
[ 152.0, 222.0, 0.0 ]
[ 155.0, 205.0, 0.0 ]
[ 166.0, 188.0, 0.0 ]
[ 176.0, 171.0, 0.0 ]
[ 188.0, 156.0, 0.0 ]
[ 196.0, 145.0, 0.0 ]
[ 91.0, 259.0, 0.0 ]
[ 115.0, 283.0, 0.0 ]
[ 161.0, 287.0, 0.0 ]
[ 183.0, 257.0, 0.0 ]
[ 203.0, 222.0, 0.0 ]
[ 222.0, 186.0, 0.0 ]
[ 242.0, 156.0, 0.0 ]
[ 307.0, 206.0, 0.0 ]
[ 306.0, 233.0, 0.0 ]
[ 296.0, 259.0, 0.0 ]
[ 270.0, 283.0, 0.0 ]
[ 78.0, 238.0, 0.0 ]
[ 80.0, 195.0, 0.0 ]
[ 84.0, 168.0, 0.0 ]
[ 217.0, 420.0, 0.0 ]
[ 251.0, 425.0, 0.0 ]
[ 240.0, 75.0, 0.0 ]
[ 251.0, 99.0, 0.0 ]
[ 275.0, 125.0, 0.0 ]
[ 299.0, 138.0, 0.0 ]
[ 322.0, 149.0, 0.0 ]
[ 337.0, 161.0, 0.0 ]
[ 324.0, 126.0, 0.0 ]
[ 312.0, 104.0, 0.0 ]
[ 303.0, 100.0, 0.0 ]
[ 294.0, 100.0, 0.0 ]
[ 294.0, 92.0, 0.0 ]
[ 286.0, 80.0, 0.0 ]
[ 258.0, 70.0, 0.0 ]
[ 253.0, 88.0, 0.0 ]
[ 265.0, 105.0, 0.0 ]
[ 260.0, 113.0, 0.0 ]
[ 279.0, 120.0, 0.0 ]
[ 299.0, 132.0, 0.0 ]
[ 230.0, 109.0, 0.0 ]
[ 316.0, 87.0, 0.0 ]
[ 335.0, 109.0, 0.0 ]
[ 348.0, 138.0, 0.0 ]
[ 335.0, 56.0, 0.0 ]
[ 351.0, 84.0, 0.0 ]
[ 371.0, 110.0, 0.0 ]
[ 384.0, 124.0, 0.0 ]
[ 348.0, 38.0, 0.0 ]
[ 366.0, 65.0, 0.0 ]
[ 378.0, 92.0, 0.0 ]
[ 393.0, 111.0, 0.0 ]
[ 403.0, 121.0, 0.0 ]
[ 416.0, 106.0, 0.0 ]
[ 404.0, 80.0, 0.0 ]
[ 391.0, 61.0, 0.0 ]
[ 379.0, 42.0, 0.0 ]
[ 153.0, 346.0, 0.0 ]
[ 139.0, 337.0, 0.0 ]
[ 276.0, 326.0, 0.0 ]
[ 326.0, 345.0, 0.0 ]
[ 354.0, 375.0, 0.0 ]
[ 374.0, 369.0, 0.0 ]
[ 266.0, 462.0, 0.0 ]
[ 166.0, 433.0, 0.0 ]
[ 257.0, 352.0, 0.0 ]
[ 269.0, 342.0, 0.0 ]
[ 205.0, 338.0, 0.0 ]
[ 426.0, 318.0, 0.0 ]
[ 387.0, 76.0, 0.0 ]
[ 143.0, 259.0, 0.0 ]
[ 121.0, 323.0, 0.0 ]
[ 130.0, 328.0, 0.0 ]
[ 298.0, 311.0, 0.0 ]
[ 243.0, 351.0, 0.0 ]
[ 502.0, 219.0, 0.0 ]
[ 622.0, 173.0, 0.0 ]
[ 420.0, 76.0, 0.0 ]
[ 402.0, 52.0, 0.0 ]
[ 328.0, 178.0, 0.0 ]
[ 215.0, 344.0, 0.0 ]
[ 283.0, 371.0, 0.0 ]
[ 353.0, 362.0, 0.0 ]
[ 1.0, 239.0, 0.0 ]
