1000 540
[ 0.0, 0.0, 0.0 ]
[ 1000.0, 0.0, 0.0 ]
[ 1000.0, 540.0, 0.0 ]
[ 0.0, 540.0, 0.0 ]
[ 373.0, 31.0, 0.0 ]
[ 344.0, 47.0, 0.0 ]
[ 357.0, 47.0, 0.0 ]
[ 331.0, 59.0, 0.0 ]
[ 337.0, 64.0, 0.0 ]
[ 322.0, 81.0, 0.0 ]
[ 321.0, 104.0, 0.0 ]
[ 352.0, 107.0, 0.0 ]
[ 331.0, 76.0, 0.0 ]
[ 338.0, 80.0, 0.0 ]
[ 344.0, 97.0, 0.0 ]
[ 333.0, 96.0, 0.0 ]
[ 330.0, 124.0, 0.0 ]
[ 350.0, 109.0, 0.0 ]
[ 336.0, 110.0, 0.0 ]
[ 344.0, 42.0, 0.0 ]
[ 322.0, 52.0, 0.0 ]
[ 328.0, 55.0, 0.0 ]
[ 308.0, 63.0, 0.0 ]
[ 321.0, 63.0, 0.0 ]
[ 301.0, 80.0, 0.0 ]
[ 313.0, 80.0, 0.0 ]
[ 308.0, 74.0, 0.0 ]
[ 304.0, 99.0, 0.0 ]
[ 316.0, 96.0, 0.0 ]
[ 309.0, 93.0, 0.0 ]
[ 316.0, 119.0, 0.0 ]
[ 324.0, 116.0, 0.0 ]
[ 312.0, 108.0, 0.0 ]
[ 328.0, 136.0, 0.0 ]
[ 319.0, 158.0, 0.0 ]
[ 306.0, 180.0, 0.0 ]
[ 296.0, 204.0, 0.0 ]
[ 286.0, 231.0, 0.0 ]
[ 283.0, 247.0, 0.0 ]
[ 282.0, 274.0, 0.0 ]
[ 293.0, 303.0, 0.0 ]
[ 315.0, 337.0, 0.0 ]
[ 315.0, 369.0, 0.0 ]
[ 319.0, 394.0, 0.0 ]
[ 319.0, 426.0, 0.0 ]
[ 321.0, 440.0, 0.0 ]
[ 317.0, 445.0, 0.0 ]
[ 324.0, 456.0, 0.0 ]
[ 314.0, 475.0, 0.0 ]
[ 313.0, 492.0, 0.0 ]
[ 305.0, 503.0, 0.0 ]
[ 368.0, 109.0, 0.0 ]
[ 336.0, 139.0, 0.0 ]
[ 356.0, 123.0, 0.0 ]
[ 344.0, 126.0, 0.0 ]
[ 347.0, 155.0, 0.0 ]
[ 365.0, 141.0, 0.0 ]
[ 351.0, 141.0, 0.0 ]
[ 368.0, 158.0, 0.0 ]
[ 369.0, 150.0, 0.0 ]
[ 378.0, 154.0, 0.0 ]
[ 358.0, 158.0, 0.0 ]
[ 356.0, 152.0, 0.0 ]
[ 374.0, 103.0, 0.0 ]
[ 394.0, 99.0, 0.0 ]
[ 405.0, 92.0, 0.0 ]
[ 407.0, 74.0, 0.0 ]
[ 424.0, 94.0, 0.0 ]
[ 433.0, 97.0, 0.0 ]
[ 432.0, 113.0, 0.0 ]
[ 412.0, 135.0, 0.0 ]
[ 408.0, 147.0, 0.0 ]
[ 389.0, 197.0, 0.0 ]
[ 386.0, 191.0, 0.0 ]
[ 422.0, 197.0, 0.0 ]
[ 583.0, 228.0, 0.0 ]
[ 600.0, 242.0, 0.0 ]
[ 630.0, 247.0, 0.0 ]
[ 378.0, 261.0, 0.0 ]
[ 372.0, 291.0, 0.0 ]
[ 368.0, 312.0, 0.0 ]
[ 376.0, 336.0, 0.0 ]
[ 379.0, 364.0, 0.0 ]
[ 374.0, 396.0, 0.0 ]
[ 371.0, 414.0, 0.0 ]
[ 383.0, 431.0, 0.0 ]
[ 387.0, 444.0, 0.0 ]
[ 414.0, 473.0, 0.0 ]
[ 424.0, 471.0, 0.0 ]
[ 430.0, 472.0, 0.0 ]
[ 449.0, 462.0, 0.0 ]
[ 446.0, 447.0, 0.0 ]
[ 430.0, 442.0, 0.0 ]
[ 430.0, 450.0, 0.0 ]
[ 425.0, 455.0, 0.0 ]
[ 417.0, 444.0, 0.0 ]
[ 407.0, 440.0, 0.0 ]
[ 405.0, 427.0, 0.0 ]
[ 399.0, 403.0, 0.0 ]
[ 428.0, 345.0, 0.0 ]
[ 443.0, 263.0, 0.0 ]
[ 434.0, 292.0, 0.0 ]
[ 430.0, 313.0, 0.0 ]
[ 499.0, 340.0, 0.0 ]
[ 523.0, 336.0, 0.0 ]
[ 537.0, 287.0, 0.0 ]
[ 520.0, 309.0, 0.0 ]
[ 529.0, 294.0, 0.0 ]
[ 519.0, 325.0, 0.0 ]
[ 537.0, 357.0, 0.0 ]
[ 554.0, 369.0, 0.0 ]
[ 615.0, 283.0, 0.0 ]
[ 602.0, 304.0, 0.0 ]
[ 591.0, 322.0, 0.0 ]
[ 576.0, 342.0, 0.0 ]
[ 580.0, 357.0, 0.0 ]
[ 588.0, 374.0, 0.0 ]
[ 592.0, 383.0, 0.0 ]
[ 593.0, 394.0, 0.0 ]
[ 588.0, 402.0, 0.0 ]
[ 584.0, 411.0, 0.0 ]
[ 577.0, 431.0, 0.0 ]
[ 573.0, 451.0, 0.0 ]
[ 566.0, 457.0, 0.0 ]
[ 564.0, 469.0, 0.0 ]
[ 554.0, 470.0, 0.0 ]
[ 537.0, 469.0, 0.0 ]
[ 546.0, 456.0, 0.0 ]
[ 554.0, 447.0, 0.0 ]
[ 570.0, 405.0, 0.0 ]
[ 573.0, 392.0, 0.0 ]
[ 614.0, 256.0, 0.0 ]
[ 626.0, 257.0, 0.0 ]
[ 638.0, 255.0, 0.0 ]
[ 615.0, 249.0, 0.0 ]
[ 647.0, 265.0, 0.0 ]
[ 663.0, 267.0, 0.0 ]
[ 658.0, 261.0, 0.0 ]
[ 680.0, 279.0, 0.0 ]
[ 695.0, 265.0, 0.0 ]
[ 679.0, 268.0, 0.0 ]
[ 687.0, 274.0, 0.0 ]
[ 706.0, 270.0, 0.0 ]
[ 711.0, 259.0, 0.0 ]
[ 712.0, 248.0, 0.0 ]
[ 720.0, 248.0, 0.0 ]
[ 714.0, 233.0, 0.0 ]
[ 702.0, 226.0, 0.0 ]
[ 702.0, 217.0, 0.0 ]
[ 689.0, 210.0, 0.0 ]
[ 676.0, 198.0, 0.0 ]
[ 664.0, 199.0, 0.0 ]
[ 645.0, 189.0, 0.0 ]
[ 634.0, 175.0, 0.0 ]
[ 612.0, 170.0, 0.0 ]
[ 596.0, 175.0, 0.0 ]
[ 616.0, 187.0, 0.0 ]
[ 627.0, 193.0, 0.0 ]
[ 625.0, 180.0, 0.0 ]
[ 608.0, 179.0, 0.0 ]
[ 461.0, 213.0, 0.0 ]
[ 499.0, 222.0, 0.0 ]
[ 527.0, 226.0, 0.0 ]
[ 556.0, 227.0, 0.0 ]
[ 325.0, 177.0, 0.0 ]
[ 317.0, 197.0, 0.0 ]
[ 381.0, 168.0, 0.0 ]
[ 378.0, 121.0, 0.0 ]
[ 371.0, 128.0, 0.0 ]
[ 384.0, 129.0, 0.0 ]
[ 379.0, 126.0, 0.0 ]
[ 398.0, 105.0, 0.0 ]
[ 421.0, 105.0, 0.0 ]
[ 422.0, 113.0, 0.0 ]
[ 426.0, 105.0, 0.0 ]
[ 415.0, 95.0, 0.0 ]
[ 410.0, 125.0, 0.0 ]
[ 400.0, 134.0, 0.0 ]
[ 396.0, 147.0, 0.0 ]
[ 395.0, 166.0, 0.0 ]
[ 378.0, 182.0, 0.0 ]
[ 385.0, 206.0, 0.0 ]
[ 405.0, 211.0, 0.0 ]
[ 407.0, 198.0, 0.0 ]
[ 423.0, 215.0, 0.0 ]
[ 444.0, 208.0, 0.0 ]
[ 442.0, 225.0, 0.0 ]
[ 478.0, 221.0, 0.0 ]
[ 460.0, 231.0, 0.0 ]
[ 477.0, 241.0, 0.0 ]
[ 499.0, 246.0, 0.0 ]
[ 525.0, 248.0, 0.0 ]
[ 555.0, 251.0, 0.0 ]
[ 578.0, 255.0, 0.0 ]
[ 590.0, 279.0, 0.0 ]
[ 582.0, 296.0, 0.0 ]
[ 576.0, 313.0, 0.0 ]
[ 566.0, 330.0, 0.0 ]
[ 567.0, 345.0, 0.0 ]
[ 578.0, 327.0, 0.0 ]
[ 590.0, 306.0, 0.0 ]
[ 600.0, 287.0, 0.0 ]
[ 589.0, 248.0, 0.0 ]
[ 564.0, 240.0, 0.0 ]
[ 535.0, 241.0, 0.0 ]
[ 506.0, 235.0, 0.0 ]
[ 481.0, 233.0, 0.0 ]
[ 464.0, 224.0, 0.0 ]
[ 449.0, 219.0, 0.0 ]
[ 430.0, 211.0, 0.0 ]
[ 406.0, 206.0, 0.0 ]
[ 314.0, 218.0, 0.0 ]
[ 305.0, 249.0, 0.0 ]
[ 311.0, 191.0, 0.0 ]
[ 303.0, 218.0, 0.0 ]
[ 295.0, 242.0, 0.0 ]
[ 306.0, 280.0, 0.0 ]
[ 295.0, 266.0, 0.0 ]
[ 315.0, 307.0, 0.0 ]
[ 302.0, 296.0, 0.0 ]
[ 329.0, 335.0, 0.0 ]
[ 315.0, 323.0, 0.0 ]
[ 348.0, 359.0, 0.0 ]
[ 332.0, 384.0, 0.0 ]
[ 334.0, 357.0, 0.0 ]
[ 351.0, 388.0, 0.0 ]
[ 346.0, 410.0, 0.0 ]
[ 345.0, 426.0, 0.0 ]
[ 329.0, 417.0, 0.0 ]
[ 400.0, 273.0, 0.0 ]
[ 425.0, 270.0, 0.0 ]
[ 406.0, 303.0, 0.0 ]
[ 419.0, 296.0, 0.0 ]
[ 389.0, 300.0, 0.0 ]
[ 396.0, 325.0, 0.0 ]
[ 417.0, 321.0, 0.0 ]
[ 401.0, 346.0, 0.0 ]
[ 396.0, 376.0, 0.0 ]
[ 420.0, 361.0, 0.0 ]
[ 447.0, 337.0, 0.0 ]
[ 470.0, 338.0, 0.0 ]
[ 464.0, 309.0, 0.0 ]
[ 451.0, 316.0, 0.0 ]
[ 481.0, 320.0, 0.0 ]
[ 500.0, 329.0, 0.0 ]
[ 433.0, 330.0, 0.0 ]
[ 338.0, 466.0, 0.0 ]
[ 342.0, 478.0, 0.0 ]
[ 338.0, 482.0, 0.0 ]
[ 331.0, 496.0, 0.0 ]
[ 328.0, 506.0, 0.0 ]
[ 313.0, 511.0, 0.0 ]
[ 499.0, 476.0, 0.0 ]
[ 505.0, 462.0, 0.0 ]
[ 509.0, 447.0, 0.0 ]
[ 512.0, 436.0, 0.0 ]
[ 525.0, 412.0, 0.0 ]
[ 519.0, 385.0, 0.0 ]
[ 520.0, 369.0, 0.0 ]
[ 514.0, 458.0, 0.0 ]
[ 526.0, 435.0, 0.0 ]
[ 528.0, 444.0, 0.0 ]
[ 533.0, 422.0, 0.0 ]
[ 545.0, 413.0, 0.0 ]
[ 537.0, 405.0, 0.0 ]
[ 551.0, 399.0, 0.0 ]
[ 546.0, 385.0, 0.0 ]
[ 533.0, 378.0, 0.0 ]
[ 524.0, 459.0, 0.0 ]
[ 518.0, 472.0, 0.0 ]
[ 508.0, 479.0, 0.0 ]
[ 563.0, 428.0, 0.0 ]
[ 342.0, 182.0, 0.0 ]
[ 361.0, 186.0, 0.0 ]
[ 334.0, 216.0, 0.0 ]
[ 363.0, 216.0, 0.0 ]
[ 330.0, 259.0, 0.0 ]
[ 364.0, 250.0, 0.0 ]
[ 380.0, 232.0, 0.0 ]
[ 402.0, 224.0, 0.0 ]
[ 341.0, 301.0, 0.0 ]
[ 365.0, 279.0, 0.0 ]
[ 486.0, 0.0, 0.0 ]
