472 708
[ 0.0, 0.0, 0.0 ]
[ 472.0, 0.0, 0.0 ]
[ 472.0, 708.0, 0.0 ]
[ 0.0, 708.0, 0.0 ]
[ 158.0, 61.0, 0.0 ]
[ 164.0, 59.0, 0.0 ]
[ 168.0, 50.0, 0.0 ]
[ 176.0, 42.0, 0.0 ]
[ 189.0, 37.0, 0.0 ]
[ 205.0, 39.0, 0.0 ]
[ 217.0, 47.0, 0.0 ]
[ 229.0, 56.0, 0.0 ]
[ 238.0, 67.0, 0.0 ]
[ 243.0, 75.0, 0.0 ]
[ 251.0, 80.0, 0.0 ]
[ 263.0, 80.0, 0.0 ]
[ 278.0, 86.0, 0.0 ]
[ 291.0, 94.0, 0.0 ]
[ 303.0, 105.0, 0.0 ]
[ 314.0, 120.0, 0.0 ]
[ 322.0, 141.0, 0.0 ]
[ 325.0, 153.0, 0.0 ]
[ 332.0, 162.0, 0.0 ]
[ 343.0, 171.0, 0.0 ]
[ 355.0, 183.0, 0.0 ]
[ 372.0, 213.0, 0.0 ]
[ 364.0, 196.0, 0.0 ]
[ 377.0, 228.0, 0.0 ]
[ 375.0, 258.0, 0.0 ]
[ 378.0, 243.0, 0.0 ]
[ 375.0, 270.0, 0.0 ]
[ 384.0, 281.0, 0.0 ]
[ 390.0, 295.0, 0.0 ]
[ 393.0, 310.0, 0.0 ]
[ 392.0, 325.0, 0.0 ]
[ 386.0, 339.0, 0.0 ]
[ 377.0, 349.0, 0.0 ]
[ 368.0, 350.0, 0.0 ]
[ 364.0, 357.0, 0.0 ]
[ 364.0, 367.0, 0.0 ]
[ 360.0, 382.0, 0.0 ]
[ 350.0, 390.0, 0.0 ]
[ 332.0, 392.0, 0.0 ]
[ 317.0, 386.0, 0.0 ]
[ 304.0, 382.0, 0.0 ]
[ 276.0, 375.0, 0.0 ]
[ 290.0, 373.0, 0.0 ]
[ 260.0, 370.0, 0.0 ]
[ 245.0, 362.0, 0.0 ]
[ 231.0, 350.0, 0.0 ]
[ 220.0, 340.0, 0.0 ]
[ 208.0, 326.0, 0.0 ]
[ 199.0, 312.0, 0.0 ]
[ 189.0, 298.0, 0.0 ]
[ 183.0, 284.0, 0.0 ]
[ 168.0, 271.0, 0.0 ]
[ 158.0, 256.0, 0.0 ]
[ 140.0, 225.0, 0.0 ]
[ 134.0, 210.0, 0.0 ]
[ 129.0, 194.0, 0.0 ]
[ 148.0, 242.0, 0.0 ]
[ 125.0, 176.0, 0.0 ]
[ 124.0, 160.0, 0.0 ]
[ 126.0, 138.0, 0.0 ]
[ 121.0, 119.0, 0.0 ]
[ 120.0, 99.0, 0.0 ]
[ 120.0, 82.0, 0.0 ]
[ 125.0, 67.0, 0.0 ]
[ 134.0, 58.0, 0.0 ]
[ 146.0, 58.0, 0.0 ]
[ 126.0, 150.0, 0.0 ]
[ 158.0, 69.0, 0.0 ]
[ 162.0, 75.0, 0.0 ]
[ 169.0, 79.0, 0.0 ]
[ 171.0, 72.0, 0.0 ]
[ 171.0, 64.0, 0.0 ]
[ 131.0, 135.0, 0.0 ]
[ 136.0, 143.0, 0.0 ]
[ 138.0, 152.0, 0.0 ]
[ 137.0, 161.0, 0.0 ]
[ 130.0, 156.0, 0.0 ]
[ 181.0, 276.0, 0.0 ]
[ 190.0, 281.0, 0.0 ]
[ 194.0, 290.0, 0.0 ]
[ 283.0, 368.0, 0.0 ]
[ 283.0, 359.0, 0.0 ]
[ 290.0, 361.0, 0.0 ]
[ 297.0, 369.0, 0.0 ]
[ 356.0, 355.0, 0.0 ]
[ 352.0, 348.0, 0.0 ]
[ 358.0, 341.0, 0.0 ]
[ 364.0, 345.0, 0.0 ]
[ 368.0, 270.0, 0.0 ]
[ 363.0, 256.0, 0.0 ]
[ 370.0, 254.0, 0.0 ]
[ 330.0, 168.0, 0.0 ]
[ 321.0, 166.0, 0.0 ]
[ 319.0, 157.0, 0.0 ]
[ 255.0, 88.0, 0.0 ]
[ 239.0, 84.0, 0.0 ]
[ 247.0, 92.0, 0.0 ]
[ 165.0, 88.0, 0.0 ]
[ 143.0, 146.0, 0.0 ]
[ 144.0, 169.0, 0.0 ]
[ 155.0, 227.0, 0.0 ]
[ 172.0, 254.0, 0.0 ]
[ 163.0, 240.0, 0.0 ]
[ 184.0, 266.0, 0.0 ]
[ 179.0, 83.0, 0.0 ]
[ 238.0, 93.0, 0.0 ]
[ 254.0, 102.0, 0.0 ]
[ 311.0, 160.0, 0.0 ]
[ 326.0, 177.0, 0.0 ]
[ 356.0, 251.0, 0.0 ]
[ 361.0, 271.0, 0.0 ]
[ 367.0, 281.0, 0.0 ]
[ 373.0, 297.0, 0.0 ]
[ 373.0, 311.0, 0.0 ]
[ 369.0, 325.0, 0.0 ]
[ 354.0, 333.0, 0.0 ]
[ 344.0, 345.0, 0.0 ]
[ 273.0, 350.0, 0.0 ]
[ 204.0, 292.0, 0.0 ]
[ 170.0, 100.0, 0.0 ]
[ 176.0, 118.0, 0.0 ]
[ 179.0, 138.0, 0.0 ]
[ 181.0, 158.0, 0.0 ]
[ 179.0, 176.0, 0.0 ]
[ 176.0, 191.0, 0.0 ]
[ 175.0, 206.0, 0.0 ]
[ 236.0, 109.0, 0.0 ]
[ 224.0, 149.0, 0.0 ]
[ 215.0, 168.0, 0.0 ]
[ 207.0, 184.0, 0.0 ]
[ 199.0, 197.0, 0.0 ]
[ 192.0, 210.0, 0.0 ]
[ 184.0, 101.0, 0.0 ]
[ 188.0, 119.0, 0.0 ]
[ 191.0, 137.0, 0.0 ]
[ 191.0, 157.0, 0.0 ]
[ 189.0, 173.0, 0.0 ]
[ 185.0, 189.0, 0.0 ]
[ 181.0, 204.0, 0.0 ]
[ 182.0, 214.0, 0.0 ]
[ 231.0, 129.0, 0.0 ]
[ 246.0, 135.0, 0.0 ]
[ 250.0, 119.0, 0.0 ]
[ 240.0, 150.0, 0.0 ]
[ 234.0, 165.0, 0.0 ]
[ 227.0, 181.0, 0.0 ]
[ 220.0, 192.0, 0.0 ]
[ 211.0, 205.0, 0.0 ]
[ 206.0, 220.0, 0.0 ]
[ 215.0, 228.0, 0.0 ]
[ 207.0, 227.0, 0.0 ]
[ 227.0, 223.0, 0.0 ]
[ 238.0, 213.0, 0.0 ]
[ 252.0, 205.0, 0.0 ]
[ 265.0, 192.0, 0.0 ]
[ 282.0, 183.0, 0.0 ]
[ 295.0, 173.0, 0.0 ]
[ 313.0, 186.0, 0.0 ]
[ 302.0, 194.0, 0.0 ]
[ 289.0, 205.0, 0.0 ]
[ 275.0, 214.0, 0.0 ]
[ 244.0, 237.0, 0.0 ]
[ 230.0, 248.0, 0.0 ]
[ 235.0, 260.0, 0.0 ]
[ 227.0, 255.0, 0.0 ]
[ 254.0, 259.0, 0.0 ]
[ 274.0, 255.0, 0.0 ]
[ 292.0, 252.0, 0.0 ]
[ 312.0, 250.0, 0.0 ]
[ 337.0, 249.0, 0.0 ]
[ 342.0, 268.0, 0.0 ]
[ 318.0, 269.0, 0.0 ]
[ 296.0, 270.0, 0.0 ]
[ 276.0, 272.0, 0.0 ]
[ 259.0, 276.0, 0.0 ]
[ 239.0, 281.0, 0.0 ]
[ 235.0, 293.0, 0.0 ]
[ 232.0, 287.0, 0.0 ]
[ 247.0, 294.0, 0.0 ]
[ 265.0, 294.0, 0.0 ]
[ 282.0, 297.0, 0.0 ]
[ 307.0, 303.0, 0.0 ]
[ 325.0, 313.0, 0.0 ]
[ 341.0, 323.0, 0.0 ]
[ 332.0, 335.0, 0.0 ]
[ 317.0, 324.0, 0.0 ]
[ 303.0, 318.0, 0.0 ]
[ 285.0, 310.0, 0.0 ]
[ 266.0, 306.0, 0.0 ]
[ 252.0, 303.0, 0.0 ]
[ 237.0, 301.0, 0.0 ]
[ 253.0, 312.0, 0.0 ]
[ 266.0, 321.0, 0.0 ]
[ 277.0, 330.0, 0.0 ]
[ 285.0, 342.0, 0.0 ]
[ 267.0, 336.0, 0.0 ]
[ 261.0, 327.0, 0.0 ]
[ 253.0, 317.0, 0.0 ]
[ 154.0, 178.0, 0.0 ]
[ 151.0, 154.0, 0.0 ]
[ 159.0, 163.0, 0.0 ]
[ 166.0, 176.0, 0.0 ]
[ 168.0, 188.0, 0.0 ]
[ 164.0, 190.0, 0.0 ]
[ 164.0, 144.0, 0.0 ]
[ 171.0, 167.0, 0.0 ]
[ 173.0, 237.0, 0.0 ]
[ 180.0, 256.0, 0.0 ]
[ 221.0, 303.0, 0.0 ]
[ 237.0, 314.0, 0.0 ]
[ 253.0, 326.0, 0.0 ]
[ 295.0, 328.0, 0.0 ]
[ 276.0, 316.0, 0.0 ]
[ 313.0, 287.0, 0.0 ]
[ 285.0, 285.0, 0.0 ]
[ 265.0, 284.0, 0.0 ]
[ 246.0, 284.0, 0.0 ]
[ 332.0, 210.0, 0.0 ]
[ 281.0, 238.0, 0.0 ]
[ 259.0, 246.0, 0.0 ]
[ 248.0, 251.0, 0.0 ]
[ 274.0, 140.0, 0.0 ]
[ 257.0, 168.0, 0.0 ]
[ 241.0, 187.0, 0.0 ]
[ 230.0, 202.0, 0.0 ]
[ 329.0, 297.0, 0.0 ]
[ 210.0, 145.0, 0.0 ]
[ 202.0, 165.0, 0.0 ]
[ 198.0, 185.0, 0.0 ]
[ 183.0, 233.0, 0.0 ]
[ 192.0, 220.0, 0.0 ]
[ 203.0, 207.0, 0.0 ]
[ 195.0, 253.0, 0.0 ]
[ 210.0, 246.0, 0.0 ]
[ 224.0, 236.0, 0.0 ]
[ 203.0, 268.0, 0.0 ]
[ 221.0, 260.0, 0.0 ]
[ 210.0, 282.0, 0.0 ]
[ 231.0, 277.0, 0.0 ]
[ 247.0, 271.0, 0.0 ]
[ 246.0, 103.0, 0.0 ]
[ 242.0, 118.0, 0.0 ]
[ 238.0, 136.0, 0.0 ]
[ 230.0, 153.0, 0.0 ]
[ 225.0, 168.0, 0.0 ]
[ 219.0, 181.0, 0.0 ]
[ 211.0, 192.0, 0.0 ]
[ 171.0, 88.0, 0.0 ]
[ 177.0, 101.0, 0.0 ]
[ 180.0, 114.0, 0.0 ]
[ 181.0, 128.0, 0.0 ]
[ 185.0, 141.0, 0.0 ]
[ 185.0, 151.0, 0.0 ]
[ 185.0, 165.0, 0.0 ]
[ 184.0, 177.0, 0.0 ]
[ 181.0, 187.0, 0.0 ]
[ 180.0, 198.0, 0.0 ]
[ 146.0, 160.0, 0.0 ]
[ 153.0, 170.0, 0.0 ]
[ 160.0, 179.0, 0.0 ]
[ 195.0, 273.0, 0.0 ]
[ 164.0, 217.0, 0.0 ]
[ 168.0, 203.0, 0.0 ]
[ 176.0, 225.0, 0.0 ]
[ 216.0, 292.0, 0.0 ]
[ 232.0, 304.0, 0.0 ]
[ 284.0, 352.0, 0.0 ]
[ 278.0, 343.0, 0.0 ]
[ 269.0, 329.0, 0.0 ]
[ 345.0, 337.0, 0.0 ]
[ 352.0, 343.0, 0.0 ]
[ 330.0, 324.0, 0.0 ]
[ 314.0, 315.0, 0.0 ]
[ 298.0, 309.0, 0.0 ]
[ 284.0, 305.0, 0.0 ]
[ 270.0, 300.0, 0.0 ]
[ 258.0, 299.0, 0.0 ]
[ 244.0, 298.0, 0.0 ]
[ 230.0, 300.0, 0.0 ]
[ 347.0, 261.0, 0.0 ]
[ 364.0, 263.0, 0.0 ]
[ 331.0, 261.0, 0.0 ]
[ 313.0, 262.0, 0.0 ]
[ 298.0, 264.0, 0.0 ]
[ 278.0, 265.0, 0.0 ]
[ 263.0, 268.0, 0.0 ]
[ 309.0, 175.0, 0.0 ]
[ 294.0, 187.0, 0.0 ]
[ 282.0, 198.0, 0.0 ]
[ 268.0, 207.0, 0.0 ]
[ 253.0, 218.0, 0.0 ]
[ 240.0, 226.0, 0.0 ]
[ 125.0, 145.0, 0.0 ]
[ 192.0, 46.0, 0.0 ]
[ 210.0, 51.0, 0.0 ]
[ 223.0, 61.0, 0.0 ]
[ 234.0, 75.0, 0.0 ]
[ 274.0, 94.0, 0.0 ]
[ 289.0, 103.0, 0.0 ]
[ 307.0, 120.0, 0.0 ]
[ 311.0, 132.0, 0.0 ]
[ 340.0, 178.0, 0.0 ]
[ 354.0, 192.0, 0.0 ]
[ 363.0, 209.0, 0.0 ]
[ 371.0, 230.0, 0.0 ]
[ 382.0, 299.0, 0.0 ]
[ 383.0, 311.0, 0.0 ]
[ 380.0, 327.0, 0.0 ]
[ 374.0, 338.0, 0.0 ]
[ 351.0, 374.0, 0.0 ]
[ 329.0, 381.0, 0.0 ]
[ 308.0, 375.0, 0.0 ]
[ 260.0, 337.0, 0.0 ]
[ 222.0, 214.0, 0.0 ]
[ 199.0, 236.0, 0.0 ]
[ 191.0, 243.0, 0.0 ]
[ 186.0, 246.0, 0.0 ]
[ 150.0, 251.0, 0.0 ]
[ 145.0, 260.0, 0.0 ]
[ 140.0, 268.0, 0.0 ]
[ 133.0, 276.0, 0.0 ]
[ 127.0, 282.0, 0.0 ]
[ 125.0, 293.0, 0.0 ]
[ 132.0, 287.0, 0.0 ]
[ 139.0, 279.0, 0.0 ]
[ 146.0, 270.0, 0.0 ]
[ 152.0, 260.0, 0.0 ]
[ 141.0, 299.0, 0.0 ]
[ 153.0, 292.0, 0.0 ]
[ 164.0, 285.0, 0.0 ]
[ 171.0, 279.0, 0.0 ]
[ 176.0, 283.0, 0.0 ]
[ 168.0, 288.0, 0.0 ]
[ 156.0, 295.0, 0.0 ]
[ 143.0, 303.0, 0.0 ]
[ 133.0, 308.0, 0.0 ]
[ 142.0, 313.0, 0.0 ]
[ 153.0, 303.0, 0.0 ]
[ 169.0, 298.0, 0.0 ]
[ 185.0, 293.0, 0.0 ]
[ 192.0, 305.0, 0.0 ]
[ 178.0, 305.0, 0.0 ]
[ 166.0, 307.0, 0.0 ]
[ 151.0, 314.0, 0.0 ]
[ 140.0, 320.0, 0.0 ]
[ 130.0, 319.0, 0.0 ]
[ 123.0, 313.0, 0.0 ]
[ 119.0, 307.0, 0.0 ]
[ 117.0, 300.0, 0.0 ]
[ 114.0, 295.0, 0.0 ]
[ 122.0, 293.0, 0.0 ]
[ 126.0, 303.0, 0.0 ]
[ 133.0, 309.0, 0.0 ]
[ 121.0, 287.0, 0.0 ]
[ 203.0, 298.0, 0.0 ]
[ 213.0, 306.0, 0.0 ]
[ 218.0, 319.0, 0.0 ]
[ 208.0, 307.0, 0.0 ]
[ 225.0, 320.0, 0.0 ]
[ 229.0, 329.0, 0.0 ]
[ 236.0, 329.0, 0.0 ]
[ 242.0, 341.0, 0.0 ]
[ 254.0, 343.0, 0.0 ]
[ 259.0, 352.0, 0.0 ]
[ 102.0, 307.0, 0.0 ]
[ 91.0, 320.0, 0.0 ]
[ 83.0, 337.0, 0.0 ]
[ 80.0, 356.0, 0.0 ]
[ 79.0, 373.0, 0.0 ]
[ 99.0, 382.0, 0.0 ]
[ 99.0, 367.0, 0.0 ]
[ 104.0, 351.0, 0.0 ]
[ 111.0, 338.0, 0.0 ]
[ 122.0, 329.0, 0.0 ]
[ 131.0, 322.0, 0.0 ]
[ 111.0, 314.0, 0.0 ]
[ 104.0, 321.0, 0.0 ]
[ 96.0, 330.0, 0.0 ]
[ 91.0, 342.0, 0.0 ]
[ 88.0, 353.0, 0.0 ]
[ 87.0, 366.0, 0.0 ]
[ 88.0, 379.0, 0.0 ]
[ 88.0, 386.0, 0.0 ]
[ 120.0, 322.0, 0.0 ]
[ 109.0, 330.0, 0.0 ]
[ 100.0, 342.0, 0.0 ]
[ 94.0, 354.0, 0.0 ]
[ 93.0, 368.0, 0.0 ]
[ 161.0, 268.0, 0.0 ]
[ 152.0, 280.0, 0.0 ]
[ 140.0, 289.0, 0.0 ]
[ 132.0, 296.0, 0.0 ]
[ 74.0, 385.0, 0.0 ]
[ 79.0, 385.0, 0.0 ]
[ 77.0, 390.0, 0.0 ]
[ 98.0, 390.0, 0.0 ]
[ 103.0, 390.0, 0.0 ]
[ 73.0, 395.0, 0.0 ]
[ 102.0, 403.0, 0.0 ]
[ 76.0, 406.0, 0.0 ]
[ 79.0, 409.0, 0.0 ]
[ 100.0, 409.0, 0.0 ]
[ 80.0, 413.0, 0.0 ]
[ 98.0, 412.0, 0.0 ]
[ 81.0, 425.0, 0.0 ]
[ 81.0, 438.0, 0.0 ]
[ 82.0, 452.0, 0.0 ]
[ 83.0, 465.0, 0.0 ]
[ 101.0, 460.0, 0.0 ]
[ 101.0, 446.0, 0.0 ]
[ 99.0, 430.0, 0.0 ]
[ 99.0, 418.0, 0.0 ]
[ 87.0, 400.0, 0.0 ]
[ 87.0, 407.0, 0.0 ]
[ 89.0, 393.0, 0.0 ]
[ 78.0, 398.0, 0.0 ]
[ 80.0, 403.0, 0.0 ]
[ 88.0, 417.0, 0.0 ]
[ 89.0, 430.0, 0.0 ]
[ 91.0, 442.0, 0.0 ]
[ 93.0, 461.0, 0.0 ]
[ 91.0, 453.0, 0.0 ]
[ 85.0, 441.0, 0.0 ]
[ 85.0, 455.0, 0.0 ]
[ 83.0, 432.0, 0.0 ]
[ 83.0, 419.0, 0.0 ]
[ 291.0, 357.0, 0.0 ]
[ 300.0, 357.0, 0.0 ]
[ 306.0, 367.0, 0.0 ]
[ 315.0, 364.0, 0.0 ]
[ 325.0, 371.0, 0.0 ]
[ 334.0, 365.0, 0.0 ]
[ 342.0, 366.0, 0.0 ]
[ 343.0, 354.0, 0.0 ]
[ 348.0, 358.0, 0.0 ]
[ 357.0, 327.0, 0.0 ]
[ 369.0, 316.0, 0.0 ]
[ 371.0, 303.0, 0.0 ]
[ 369.0, 290.0, 0.0 ]
[ 361.0, 277.0, 0.0 ]
[ 351.0, 210.0, 0.0 ]
[ 330.0, 184.0, 0.0 ]
[ 335.0, 181.0, 0.0 ]
[ 342.0, 188.0, 0.0 ]
[ 344.0, 198.0, 0.0 ]
[ 353.0, 204.0, 0.0 ]
[ 355.0, 218.0, 0.0 ]
[ 360.0, 225.0, 0.0 ]
[ 356.0, 235.0, 0.0 ]
[ 361.0, 242.0, 0.0 ]
[ 262.0, 100.0, 0.0 ]
[ 264.0, 106.0, 0.0 ]
[ 276.0, 104.0, 0.0 ]
[ 278.0, 112.0, 0.0 ]
[ 290.0, 115.0, 0.0 ]
[ 289.0, 121.0, 0.0 ]
[ 300.0, 124.0, 0.0 ]
[ 298.0, 133.0, 0.0 ]
[ 307.0, 140.0, 0.0 ]
[ 306.0, 149.0, 0.0 ]
[ 179.0, 77.0, 0.0 ]
[ 184.0, 69.0, 0.0 ]
[ 184.0, 76.0, 0.0 ]
[ 191.0, 62.0, 0.0 ]
[ 193.0, 68.0, 0.0 ]
[ 205.0, 61.0, 0.0 ]
[ 206.0, 69.0, 0.0 ]
[ 216.0, 67.0, 0.0 ]
[ 219.0, 75.0, 0.0 ]
[ 229.0, 76.0, 0.0 ]
[ 229.0, 83.0, 0.0 ]
[ 143.0, 139.0, 0.0 ]
[ 136.0, 133.0, 0.0 ]
[ 135.0, 123.0, 0.0 ]
[ 141.0, 128.0, 0.0 ]
[ 139.0, 115.0, 0.0 ]
[ 134.0, 111.0, 0.0 ]
[ 137.0, 99.0, 0.0 ]
[ 143.0, 101.0, 0.0 ]
[ 141.0, 87.0, 0.0 ]
[ 144.0, 93.0, 0.0 ]
[ 153.0, 82.0, 0.0 ]
[ 155.0, 86.0, 0.0 ]
[ 163.0, 84.0, 0.0 ]
[ 144.0, 197.0, 0.0 ]
[ 149.0, 213.0, 0.0 ]
[ 141.0, 180.0, 0.0 ]
[ 143.0, 188.0, 0.0 ]
[ 152.0, 207.0, 0.0 ]
[ 352.0, 288.0, 0.0 ]
[ 355.0, 309.0, 0.0 ]
[ 339.0, 232.0, 0.0 ]
[ 322.0, 195.0, 0.0 ]
[ 272.0, 177.0, 0.0 ]
[ 290.0, 155.0, 0.0 ]
[ 263.0, 127.0, 0.0 ]
[ 245.0, 161.0, 0.0 ]
[ 221.0, 108.0, 0.0 ]
[ 203.0, 108.0, 0.0 ]
[ 208.0, 91.0, 0.0 ]
[ 209.0, 130.0, 0.0 ]
[ 223.0, 131.0, 0.0 ]
[ 303.0, 212.0, 0.0 ]
[ 313.0, 233.0, 0.0 ]
[ 328.0, 279.0, 0.0 ]
[ 301.0, 342.0, 0.0 ]
[ 317.0, 337.0, 0.0 ]
[ 243.0, 323.0, 0.0 ]
[ 231.0, 314.0, 0.0 ]
[ 154.0, 192.0, 0.0 ]
[ 160.0, 207.0, 0.0 ]
[ 159.0, 105.0, 0.0 ]
[ 154.0, 121.0, 0.0 ]
[ 168.0, 129.0, 0.0 ]
[ 213.0, 275.0, 0.0 ]
[ 226.0, 272.0, 0.0 ]
[ 238.0, 269.0, 0.0 ]
[ 317.0, 220.0, 0.0 ]
[ 346.0, 297.0, 0.0 ]
[ 256.0, 155.0, 0.0 ]
[ 161.0, 280.0, 0.0 ]
[ 138.0, 315.0, 0.0 ]
[ 141.0, 302.0, 0.0 ]
[ 148.0, 292.0, 0.0 ]
[ 149.0, 270.0, 0.0 ]
[ 144.0, 276.0, 0.0 ]
[ 136.0, 282.0, 0.0 ]
[ 109.0, 310.0, 0.0 ]
[ 103.0, 317.0, 0.0 ]
[ 104.0, 310.0, 0.0 ]
[ 94.0, 325.0, 0.0 ]
[ 86.0, 339.0, 0.0 ]
[ 85.0, 358.0, 0.0 ]
[ 85.0, 378.0, 0.0 ]
[ 97.0, 370.0, 0.0 ]
[ 97.0, 360.0, 0.0 ]
[ 102.0, 350.0, 0.0 ]
[ 107.0, 338.0, 0.0 ]
[ 115.0, 328.0, 0.0 ]
[ 113.0, 320.0, 0.0 ]
[ 76.0, 389.0, 0.0 ]
[ 100.0, 389.0, 0.0 ]
[ 95.0, 423.0, 0.0 ]
[ 94.0, 432.0, 0.0 ]
[ 94.0, 448.0, 0.0 ]
[ 80.0, 431.0, 0.0 ]
[ 81.0, 450.0, 0.0 ]
[ 302.0, 378.0, 0.0 ]
[ 73.0, 469.0, 0.0 ]
[ 67.0, 475.0, 0.0 ]
[ 66.0, 484.0, 0.0 ]
[ 75.0, 487.0, 0.0 ]
[ 78.0, 494.0, 0.0 ]
[ 78.0, 507.0, 0.0 ]
[ 77.0, 521.0, 0.0 ]
[ 76.0, 528.0, 0.0 ]
[ 89.0, 529.0, 0.0 ]
[ 92.0, 534.0, 0.0 ]
[ 77.0, 533.0, 0.0 ]
[ 77.0, 548.0, 0.0 ]
[ 77.0, 562.0, 0.0 ]
[ 79.0, 571.0, 0.0 ]
[ 85.0, 571.0, 0.0 ]
[ 91.0, 569.0, 0.0 ]
[ 79.0, 579.0, 0.0 ]
[ 93.0, 580.0, 0.0 ]
[ 86.0, 580.0, 0.0 ]
[ 77.0, 586.0, 0.0 ]
[ 83.0, 590.0, 0.0 ]
[ 93.0, 590.0, 0.0 ]
[ 90.0, 492.0, 0.0 ]
[ 86.0, 497.0, 0.0 ]
[ 88.0, 508.0, 0.0 ]
[ 90.0, 520.0, 0.0 ]
[ 93.0, 543.0, 0.0 ]
[ 93.0, 556.0, 0.0 ]
[ 69.0, 590.0, 0.0 ]
[ 63.0, 606.0, 0.0 ]
[ 223.0, 518.0, 0.0 ]
[ 224.0, 532.0, 0.0 ]
[ 230.0, 528.0, 0.0 ]
[ 215.0, 529.0, 0.0 ]
[ 224.0, 524.0, 0.0 ]
[ 378.0, 455.0, 0.0 ]
[ 386.0, 459.0, 0.0 ]
[ 387.0, 466.0, 0.0 ]
[ 378.0, 471.0, 0.0 ]
[ 375.0, 478.0, 0.0 ]
[ 377.0, 490.0, 0.0 ]
[ 378.0, 502.0, 0.0 ]
[ 378.0, 509.0, 0.0 ]
[ 374.0, 511.0, 0.0 ]
[ 366.0, 511.0, 0.0 ]
[ 365.0, 516.0, 0.0 ]
[ 374.0, 516.0, 0.0 ]
[ 379.0, 516.0, 0.0 ]
[ 379.0, 529.0, 0.0 ]
[ 379.0, 542.0, 0.0 ]
[ 378.0, 548.0, 0.0 ]
[ 371.0, 551.0, 0.0 ]
[ 364.0, 549.0, 0.0 ]
[ 366.0, 556.0, 0.0 ]
[ 370.0, 558.0, 0.0 ]
[ 378.0, 554.0, 0.0 ]
[ 372.0, 561.0, 0.0 ]
[ 376.0, 559.0, 0.0 ]
[ 378.0, 565.0, 0.0 ]
[ 365.0, 568.0, 0.0 ]
[ 372.0, 570.0, 0.0 ]
[ 388.0, 566.0, 0.0 ]
[ 395.0, 573.0, 0.0 ]
[ 396.0, 581.0, 0.0 ]
[ 387.0, 588.0, 0.0 ]
[ 342.0, 616.0, 0.0 ]
[ 324.0, 627.0, 0.0 ]
[ 306.0, 639.0, 0.0 ]
[ 286.0, 651.0, 0.0 ]
[ 272.0, 661.0, 0.0 ]
[ 240.0, 681.0, 0.0 ]
[ 208.0, 682.0, 0.0 ]
[ 195.0, 675.0, 0.0 ]
[ 145.0, 650.0, 0.0 ]
[ 112.0, 632.0, 0.0 ]
[ 259.0, 225.0, 0.0 ]
[ 269.0, 230.0, 0.0 ]
[ 272.0, 244.0, 0.0 ]
[ 250.0, 193.0, 0.0 ]
[ 325.0, 254.0, 0.0 ]
[ 348.0, 256.0, 0.0 ]
[ 168.0, 215.0, 0.0 ]
[ 170.0, 223.0, 0.0 ]
[ 179.0, 234.0, 0.0 ]
[ 191.0, 256.0, 0.0 ]
[ 199.0, 279.0, 0.0 ]
[ 224.0, 300.0, 0.0 ]
[ 231.0, 309.0, 0.0 ]
[ 138.0, 113.0, 0.0 ]
[ 140.0, 137.0, 0.0 ]
[ 145.0, 93.0, 0.0 ]
[ 141.0, 95.0, 0.0 ]
[ 280.0, 110.0, 0.0 ]
[ 293.0, 123.0, 0.0 ]
[ 304.0, 132.0, 0.0 ]
[ 309.0, 150.0, 0.0 ]
[ 339.0, 189.0, 0.0 ]
[ 350.0, 207.0, 0.0 ]
[ 357.0, 214.0, 0.0 ]
[ 362.0, 236.0, 0.0 ]
[ 348.0, 197.0, 0.0 ]
[ 365.0, 277.0, 0.0 ]
[ 364.0, 286.0, 0.0 ]
[ 364.0, 333.0, 0.0 ]
[ 348.0, 351.0, 0.0 ]
[ 330.0, 373.0, 0.0 ]
[ 318.0, 372.0, 0.0 ]
[ 301.0, 365.0, 0.0 ]
[ 324.0, 348.0, 0.0 ]
[ 147.0, 184.0, 0.0 ]
[ 157.0, 218.0, 0.0 ]
[ 158.0, 227.0, 0.0 ]
[ 73.0, 478.0, 0.0 ]
[ 98.0, 488.0, 0.0 ]
[ 84.0, 483.0, 0.0 ]
[ 111.0, 492.0, 0.0 ]
[ 128.0, 497.0, 0.0 ]
[ 144.0, 504.0, 0.0 ]
[ 160.0, 509.0, 0.0 ]
[ 177.0, 515.0, 0.0 ]
[ 193.0, 522.0, 0.0 ]
[ 210.0, 528.0, 0.0 ]
[ 101.0, 497.0, 0.0 ]
[ 83.0, 490.0, 0.0 ]
[ 111.0, 501.0, 0.0 ]
[ 125.0, 505.0, 0.0 ]
[ 139.0, 510.0, 0.0 ]
[ 154.0, 515.0, 0.0 ]
[ 167.0, 520.0, 0.0 ]
[ 181.0, 525.0, 0.0 ]
[ 198.0, 531.0, 0.0 ]
[ 212.0, 536.0, 0.0 ]
[ 87.0, 474.0, 0.0 ]
[ 101.0, 479.0, 0.0 ]
[ 117.0, 484.0, 0.0 ]
[ 134.0, 491.0, 0.0 ]
[ 150.0, 497.0, 0.0 ]
[ 167.0, 502.0, 0.0 ]
[ 184.0, 507.0, 0.0 ]
[ 201.0, 512.0, 0.0 ]
[ 83.0, 520.0, 0.0 ]
[ 83.0, 508.0, 0.0 ]
[ 84.0, 545.0, 0.0 ]
[ 84.0, 560.0, 0.0 ]
[ 83.0, 530.0, 0.0 ]
[ 83.0, 534.0, 0.0 ]
[ 106.0, 596.0, 0.0 ]
[ 122.0, 603.0, 0.0 ]
[ 138.0, 611.0, 0.0 ]
[ 154.0, 619.0, 0.0 ]
[ 184.0, 633.0, 0.0 ]
[ 170.0, 626.0, 0.0 ]
[ 200.0, 640.0, 0.0 ]
[ 210.0, 646.0, 0.0 ]
[ 237.0, 644.0, 0.0 ]
[ 249.0, 636.0, 0.0 ]
[ 263.0, 628.0, 0.0 ]
[ 280.0, 617.0, 0.0 ]
[ 353.0, 576.0, 0.0 ]
[ 216.0, 543.0, 0.0 ]
[ 229.0, 543.0, 0.0 ]
[ 215.0, 556.0, 0.0 ]
[ 231.0, 556.0, 0.0 ]
[ 213.0, 569.0, 0.0 ]
[ 233.0, 570.0, 0.0 ]
[ 234.0, 580.0, 0.0 ]
[ 212.0, 579.0, 0.0 ]
[ 213.0, 586.0, 0.0 ]
[ 235.0, 586.0, 0.0 ]
[ 213.0, 600.0, 0.0 ]
[ 235.0, 600.0, 0.0 ]
[ 211.0, 616.0, 0.0 ]
[ 236.0, 617.0, 0.0 ]
[ 213.0, 628.0, 0.0 ]
[ 211.0, 636.0, 0.0 ]
[ 237.0, 634.0, 0.0 ]
[ 235.0, 627.0, 0.0 ]
[ 224.0, 632.0, 0.0 ]
[ 225.0, 642.0, 0.0 ]
[ 218.0, 635.0, 0.0 ]
[ 230.0, 634.0, 0.0 ]
[ 215.0, 642.0, 0.0 ]
[ 233.0, 641.0, 0.0 ]
[ 224.0, 649.0, 0.0 ]
[ 216.0, 653.0, 0.0 ]
[ 232.0, 653.0, 0.0 ]
[ 224.0, 657.0, 0.0 ]
[ 224.0, 620.0, 0.0 ]
[ 224.0, 605.0, 0.0 ]
[ 224.0, 591.0, 0.0 ]
[ 223.0, 583.0, 0.0 ]
[ 223.0, 569.0, 0.0 ]
[ 222.0, 555.0, 0.0 ]
[ 224.0, 666.0, 0.0 ]
[ 219.0, 679.0, 0.0 ]
[ 230.0, 678.0, 0.0 ]
[ 76.0, 605.0, 0.0 ]
[ 91.0, 614.0, 0.0 ]
[ 106.0, 620.0, 0.0 ]
[ 120.0, 628.0, 0.0 ]
[ 135.0, 634.0, 0.0 ]
[ 152.0, 643.0, 0.0 ]
[ 168.0, 652.0, 0.0 ]
[ 188.0, 661.0, 0.0 ]
[ 202.0, 668.0, 0.0 ]
[ 244.0, 668.0, 0.0 ]
[ 257.0, 659.0, 0.0 ]
[ 272.0, 651.0, 0.0 ]
[ 286.0, 640.0, 0.0 ]
[ 304.0, 630.0, 0.0 ]
[ 318.0, 620.0, 0.0 ]
[ 335.0, 610.0, 0.0 ]
[ 347.0, 603.0, 0.0 ]
[ 358.0, 596.0, 0.0 ]
[ 372.0, 589.0, 0.0 ]
[ 383.0, 581.0, 0.0 ]
[ 81.0, 596.0, 0.0 ]
[ 93.0, 604.0, 0.0 ]
[ 110.0, 612.0, 0.0 ]
[ 123.0, 619.0, 0.0 ]
[ 137.0, 625.0, 0.0 ]
[ 205.0, 658.0, 0.0 ]
[ 189.0, 650.0, 0.0 ]
[ 171.0, 640.0, 0.0 ]
[ 154.0, 633.0, 0.0 ]
[ 239.0, 657.0, 0.0 ]
[ 252.0, 650.0, 0.0 ]
[ 266.0, 641.0, 0.0 ]
[ 281.0, 631.0, 0.0 ]
[ 295.0, 623.0, 0.0 ]
[ 309.0, 615.0, 0.0 ]
[ 325.0, 605.0, 0.0 ]
[ 339.0, 595.0, 0.0 ]
[ 354.0, 587.0, 0.0 ]
[ 370.0, 579.0, 0.0 ]
[ 382.0, 573.0, 0.0 ]
[ 242.0, 511.0, 0.0 ]
[ 258.0, 504.0, 0.0 ]
[ 272.0, 498.0, 0.0 ]
[ 289.0, 491.0, 0.0 ]
[ 307.0, 484.0, 0.0 ]
[ 328.0, 476.0, 0.0 ]
[ 347.0, 468.0, 0.0 ]
[ 364.0, 460.0, 0.0 ]
[ 368.0, 476.0, 0.0 ]
[ 354.0, 483.0, 0.0 ]
[ 344.0, 487.0, 0.0 ]
[ 333.0, 492.0, 0.0 ]
[ 320.0, 497.0, 0.0 ]
[ 306.0, 505.0, 0.0 ]
[ 293.0, 509.0, 0.0 ]
[ 279.0, 515.0, 0.0 ]
[ 259.0, 552.0, 0.0 ]
[ 266.0, 521.0, 0.0 ]
[ 250.0, 529.0, 0.0 ]
[ 235.0, 535.0, 0.0 ]
[ 242.0, 525.0, 0.0 ]
[ 257.0, 517.0, 0.0 ]
[ 271.0, 511.0, 0.0 ]
[ 285.0, 505.0, 0.0 ]
[ 300.0, 497.0, 0.0 ]
[ 316.0, 491.0, 0.0 ]
[ 329.0, 485.0, 0.0 ]
[ 344.0, 478.0, 0.0 ]
[ 360.0, 473.0, 0.0 ]
[ 376.0, 465.0, 0.0 ]
[ 113.0, 456.0, 0.0 ]
[ 127.0, 452.0, 0.0 ]
[ 193.0, 432.0, 0.0 ]
[ 226.0, 422.0, 0.0 ]
[ 210.0, 427.0, 0.0 ]
[ 277.0, 430.0, 0.0 ]
[ 288.0, 433.0, 0.0 ]
[ 301.0, 436.0, 0.0 ]
[ 313.0, 439.0, 0.0 ]
[ 345.0, 446.0, 0.0 ]
[ 360.0, 450.0, 0.0 ]
[ 329.0, 443.0, 0.0 ]
[ 128.0, 641.0, 0.0 ]
[ 179.0, 668.0, 0.0 ]
[ 76.0, 614.0, 0.0 ]
[ 93.0, 622.0, 0.0 ]
[ 165.0, 660.0, 0.0 ]
[ 219.0, 688.0, 0.0 ]
[ 229.0, 687.0, 0.0 ]
[ 256.0, 671.0, 0.0 ]
[ 64.0, 598.0, 0.0 ]
[ 234.0, 412.0, 0.0 ]
[ 238.0, 414.0, 0.0 ]
[ 240.0, 411.0, 0.0 ]
[ 248.0, 414.0, 0.0 ]
[ 250.0, 421.0, 0.0 ]
[ 259.0, 424.0, 0.0 ]
[ 266.0, 429.0, 0.0 ]
[ 269.0, 424.0, 0.0 ]
[ 271.0, 417.0, 0.0 ]
[ 274.0, 432.0, 0.0 ]
[ 278.0, 436.0, 0.0 ]
[ 284.0, 436.0, 0.0 ]
[ 294.0, 435.0, 0.0 ]
[ 295.0, 446.0, 0.0 ]
[ 290.0, 447.0, 0.0 ]
[ 288.0, 439.0, 0.0 ]
[ 279.0, 441.0, 0.0 ]
[ 268.0, 437.0, 0.0 ]
[ 260.0, 431.0, 0.0 ]
[ 255.0, 428.0, 0.0 ]
[ 235.0, 423.0, 0.0 ]
[ 226.0, 413.0, 0.0 ]
[ 249.0, 426.0, 0.0 ]
[ 235.0, 427.0, 0.0 ]
[ 248.0, 432.0, 0.0 ]
[ 230.0, 431.0, 0.0 ]
[ 218.0, 431.0, 0.0 ]
[ 206.0, 433.0, 0.0 ]
[ 185.0, 435.0, 0.0 ]
[ 173.0, 436.0, 0.0 ]
[ 162.0, 440.0, 0.0 ]
[ 152.0, 444.0, 0.0 ]
[ 140.0, 452.0, 0.0 ]
[ 139.0, 448.0, 0.0 ]
[ 140.0, 460.0, 0.0 ]
[ 161.0, 471.0, 0.0 ]
[ 150.0, 466.0, 0.0 ]
[ 174.0, 474.0, 0.0 ]
[ 188.0, 476.0, 0.0 ]
[ 206.0, 476.0, 0.0 ]
[ 226.0, 476.0, 0.0 ]
[ 244.0, 476.0, 0.0 ]
[ 258.0, 473.0, 0.0 ]
[ 273.0, 469.0, 0.0 ]
[ 283.0, 466.0, 0.0 ]
[ 291.0, 461.0, 0.0 ]
[ 298.0, 455.0, 0.0 ]
[ 288.0, 457.0, 0.0 ]
[ 281.0, 456.0, 0.0 ]
[ 277.0, 452.0, 0.0 ]
[ 269.0, 447.0, 0.0 ]
[ 262.0, 442.0, 0.0 ]
[ 256.0, 438.0, 0.0 ]
[ 264.0, 438.0, 0.0 ]
[ 276.0, 446.0, 0.0 ]
[ 271.0, 442.0, 0.0 ]
[ 284.0, 449.0, 0.0 ]
[ 298.0, 446.0, 0.0 ]
[ 304.0, 454.0, 0.0 ]
[ 302.0, 460.0, 0.0 ]
[ 295.0, 468.0, 0.0 ]
[ 283.0, 472.0, 0.0 ]
[ 273.0, 477.0, 0.0 ]
[ 257.0, 480.0, 0.0 ]
[ 242.0, 482.0, 0.0 ]
[ 230.0, 483.0, 0.0 ]
[ 214.0, 484.0, 0.0 ]
[ 202.0, 483.0, 0.0 ]
[ 173.0, 480.0, 0.0 ]
[ 158.0, 476.0, 0.0 ]
[ 144.0, 471.0, 0.0 ]
[ 134.0, 464.0, 0.0 ]
[ 133.0, 456.0, 0.0 ]
[ 130.0, 469.0, 0.0 ]
[ 137.0, 477.0, 0.0 ]
[ 148.0, 481.0, 0.0 ]
[ 161.0, 486.0, 0.0 ]
[ 176.0, 487.0, 0.0 ]
[ 192.0, 489.0, 0.0 ]
[ 188.0, 482.0, 0.0 ]
[ 207.0, 490.0, 0.0 ]
[ 225.0, 489.0, 0.0 ]
[ 242.0, 488.0, 0.0 ]
[ 257.0, 485.0, 0.0 ]
[ 272.0, 482.0, 0.0 ]
[ 286.0, 478.0, 0.0 ]
[ 298.0, 472.0, 0.0 ]
[ 305.0, 465.0, 0.0 ]
[ 136.0, 484.0, 0.0 ]
[ 130.0, 478.0, 0.0 ]
[ 152.0, 491.0, 0.0 ]
[ 177.0, 497.0, 0.0 ]
[ 199.0, 500.0, 0.0 ]
[ 224.0, 503.0, 0.0 ]
[ 252.0, 499.0, 0.0 ]
[ 274.0, 492.0, 0.0 ]
[ 292.0, 486.0, 0.0 ]
[ 303.0, 480.0, 0.0 ]
[ 101.0, 470.0, 0.0 ]
[ 171.0, 453.0, 0.0 ]
[ 177.0, 459.0, 0.0 ]
[ 190.0, 463.0, 0.0 ]
[ 208.0, 465.0, 0.0 ]
[ 223.0, 464.0, 0.0 ]
[ 242.0, 463.0, 0.0 ]
[ 260.0, 457.0, 0.0 ]
[ 262.0, 450.0, 0.0 ]
[ 256.0, 446.0, 0.0 ]
[ 253.0, 442.0, 0.0 ]
[ 242.0, 439.0, 0.0 ]
[ 219.0, 439.0, 0.0 ]
[ 204.0, 441.0, 0.0 ]
[ 189.0, 443.0, 0.0 ]
[ 175.0, 448.0, 0.0 ]
[ 189.0, 454.0, 0.0 ]
[ 203.0, 460.0, 0.0 ]
[ 217.0, 459.0, 0.0 ]
[ 202.0, 464.0, 0.0 ]
[ 232.0, 460.0, 0.0 ]
[ 242.0, 455.0, 0.0 ]
[ 248.0, 448.0, 0.0 ]
[ 242.0, 446.0, 0.0 ]
[ 231.0, 438.0, 0.0 ]
[ 232.0, 445.0, 0.0 ]
[ 222.0, 445.0, 0.0 ]
[ 204.0, 446.0, 0.0 ]
[ 196.0, 448.0, 0.0 ]
[ 192.0, 455.0, 0.0 ]
[ 208.0, 457.0, 0.0 ]
[ 202.0, 456.0, 0.0 ]
[ 199.0, 456.0, 0.0 ]
[ 232.0, 455.0, 0.0 ]
[ 332.0, 455.0, 0.0 ]
[ 350.0, 457.0, 0.0 ]
[ 276.0, 617.0, 0.0 ]
[ 267.0, 616.0, 0.0 ]
[ 262.0, 609.0, 0.0 ]
[ 262.0, 597.0, 0.0 ]
[ 265.0, 584.0, 0.0 ]
[ 268.0, 578.0, 0.0 ]
[ 266.0, 563.0, 0.0 ]
[ 269.0, 556.0, 0.0 ]
[ 270.0, 548.0, 0.0 ]
[ 279.0, 545.0, 0.0 ]
[ 287.0, 528.0, 0.0 ]
[ 292.0, 517.0, 0.0 ]
[ 302.0, 511.0, 0.0 ]
[ 312.0, 507.0, 0.0 ]
[ 321.0, 508.0, 0.0 ]
[ 330.0, 518.0, 0.0 ]
[ 339.0, 520.0, 0.0 ]
[ 343.0, 525.0, 0.0 ]
[ 344.0, 540.0, 0.0 ]
[ 346.0, 555.0, 0.0 ]
[ 345.0, 567.0, 0.0 ]
[ 287.0, 611.0, 0.0 ]
[ 302.0, 602.0, 0.0 ]
[ 320.0, 591.0, 0.0 ]
[ 334.0, 583.0, 0.0 ]
[ 341.0, 575.0, 0.0 ]
[ 331.0, 575.0, 0.0 ]
[ 333.0, 562.0, 0.0 ]
[ 280.0, 591.0, 0.0 ]
[ 280.0, 603.0, 0.0 ]
[ 289.0, 584.0, 0.0 ]
[ 307.0, 576.0, 0.0 ]
[ 324.0, 567.0, 0.0 ]
[ 321.0, 579.0, 0.0 ]
[ 310.0, 586.0, 0.0 ]
[ 301.0, 592.0, 0.0 ]
[ 291.0, 598.0, 0.0 ]
[ 274.0, 574.0, 0.0 ]
[ 287.0, 577.0, 0.0 ]
[ 284.0, 573.0, 0.0 ]
[ 288.0, 566.0, 0.0 ]
[ 293.0, 571.0, 0.0 ]
[ 292.0, 579.0, 0.0 ]
[ 279.0, 562.0, 0.0 ]
[ 274.0, 567.0, 0.0 ]
[ 280.0, 571.0, 0.0 ]
[ 304.0, 540.0, 0.0 ]
[ 302.0, 530.0, 0.0 ]
[ 316.0, 530.0, 0.0 ]
[ 313.0, 537.0, 0.0 ]
[ 322.0, 548.0, 0.0 ]
[ 334.0, 552.0, 0.0 ]
[ 333.0, 544.0, 0.0 ]
[ 338.0, 543.0, 0.0 ]
[ 341.0, 548.0, 0.0 ]
[ 331.0, 539.0, 0.0 ]
[ 326.0, 541.0, 0.0 ]
[ 302.0, 562.0, 0.0 ]
[ 316.0, 556.0, 0.0 ]
[ 315.0, 544.0, 0.0 ]
[ 302.0, 550.0, 0.0 ]
[ 302.0, 545.0, 0.0 ]
[ 290.0, 550.0, 0.0 ]
[ 290.0, 539.0, 0.0 ]
[ 292.0, 531.0, 0.0 ]
[ 299.0, 523.0, 0.0 ]
[ 305.0, 519.0, 0.0 ]
[ 310.0, 518.0, 0.0 ]
[ 319.0, 517.0, 0.0 ]
[ 325.0, 522.0, 0.0 ]
[ 329.0, 526.0, 0.0 ]
[ 328.0, 532.0, 0.0 ]
[ 321.0, 533.0, 0.0 ]
[ 136.0, 526.0, 0.0 ]
[ 144.0, 532.0, 0.0 ]
[ 144.0, 537.0, 0.0 ]
[ 142.0, 550.0, 0.0 ]
[ 138.0, 552.0, 0.0 ]
[ 129.0, 553.0, 0.0 ]
[ 123.0, 547.0, 0.0 ]
[ 125.0, 538.0, 0.0 ]
[ 128.0, 533.0, 0.0 ]
[ 130.0, 537.0, 0.0 ]
[ 132.0, 544.0, 0.0 ]
[ 140.0, 541.0, 0.0 ]
[ 138.0, 537.0, 0.0 ]
[ 134.0, 572.0, 0.0 ]
[ 126.0, 570.0, 0.0 ]
[ 126.0, 562.0, 0.0 ]
[ 126.0, 554.0, 0.0 ]
[ 138.0, 557.0, 0.0 ]
[ 141.0, 565.0, 0.0 ]
[ 144.0, 570.0, 0.0 ]
[ 144.0, 584.0, 0.0 ]
[ 142.0, 588.0, 0.0 ]
[ 137.0, 588.0, 0.0 ]
[ 134.0, 579.0, 0.0 ]
[ 139.0, 575.0, 0.0 ]
[ 134.0, 563.0, 0.0 ]
[ 138.0, 570.0, 0.0 ]
[ 157.0, 544.0, 0.0 ]
[ 157.0, 537.0, 0.0 ]
[ 149.0, 532.0, 0.0 ]
[ 146.0, 539.0, 0.0 ]
[ 147.0, 548.0, 0.0 ]
[ 150.0, 555.0, 0.0 ]
[ 158.0, 565.0, 0.0 ]
[ 166.0, 566.0, 0.0 ]
[ 169.0, 563.0, 0.0 ]
[ 167.0, 556.0, 0.0 ]
[ 164.0, 553.0, 0.0 ]
[ 161.0, 553.0, 0.0 ]
[ 163.0, 560.0, 0.0 ]
[ 156.0, 557.0, 0.0 ]
[ 155.0, 550.0, 0.0 ]
[ 151.0, 545.0, 0.0 ]
[ 157.0, 577.0, 0.0 ]
[ 159.0, 584.0, 0.0 ]
[ 165.0, 584.0, 0.0 ]
[ 170.0, 579.0, 0.0 ]
[ 165.0, 573.0, 0.0 ]
[ 157.0, 567.0, 0.0 ]
[ 153.0, 570.0, 0.0 ]
[ 148.0, 573.0, 0.0 ]
[ 148.0, 581.0, 0.0 ]
[ 152.0, 592.0, 0.0 ]
[ 157.0, 591.0, 0.0 ]
[ 157.0, 584.0, 0.0 ]
[ 155.0, 583.0, 0.0 ]
[ 154.0, 586.0, 0.0 ]
[ 150.0, 587.0, 0.0 ]
[ 151.0, 577.0, 0.0 ]
[ 153.0, 575.0, 0.0 ]
[ 147.0, 564.0, 0.0 ]
[ 143.0, 559.0, 0.0 ]
[ 143.0, 553.0, 0.0 ]
[ 148.0, 557.0, 0.0 ]
[ 109.0, 518.0, 0.0 ]
[ 187.0, 550.0, 0.0 ]
[ 188.0, 575.0, 0.0 ]
[ 188.0, 598.0, 0.0 ]
[ 186.0, 616.0, 0.0 ]
[ 157.0, 606.0, 0.0 ]
[ 137.0, 598.0, 0.0 ]
[ 117.0, 590.0, 0.0 ]
[ 105.0, 584.0, 0.0 ]
[ 109.0, 540.0, 0.0 ]
[ 251.0, 623.0, 0.0 ]
[ 364.0, 534.0, 0.0 ]
[ 373.0, 532.0, 0.0 ]
[ 367.0, 496.0, 0.0 ]
[ 343.0, 524.0, 0.0 ]
[ 356.0, 523.0, 0.0 ]
[ 364.0, 516.0, 0.0 ]
[ 356.0, 510.0, 0.0 ]
[ 354.0, 503.0, 0.0 ]
[ 359.0, 493.0, 0.0 ]
[ 361.0, 488.0, 0.0 ]
[ 355.0, 489.0, 0.0 ]
[ 346.0, 499.0, 0.0 ]
[ 346.0, 504.0, 0.0 ]
[ 346.0, 492.0, 0.0 ]
[ 337.0, 499.0, 0.0 ]
[ 339.0, 509.0, 0.0 ]
[ 266.0, 549.0, 0.0 ]
[ 272.0, 536.0, 0.0 ]
[ 272.0, 528.0, 0.0 ]
[ 268.0, 523.0, 0.0 ]
[ 261.0, 527.0, 0.0 ]
[ 261.0, 536.0, 0.0 ]
[ 261.0, 549.0, 0.0 ]
[ 255.0, 540.0, 0.0 ]
[ 251.0, 538.0, 0.0 ]
[ 245.0, 538.0, 0.0 ]
[ 240.0, 543.0, 0.0 ]
[ 245.0, 552.0, 0.0 ]
[ 256.0, 552.0, 0.0 ]
[ 256.0, 561.0, 0.0 ]
[ 246.0, 565.0, 0.0 ]
[ 240.0, 573.0, 0.0 ]
[ 240.0, 580.0, 0.0 ]
[ 250.0, 577.0, 0.0 ]
[ 253.0, 570.0, 0.0 ]
[ 259.0, 564.0, 0.0 ]
[ 271.0, 591.0, 0.0 ]
[ 274.0, 580.0, 0.0 ]
[ 269.0, 600.0, 0.0 ]
[ 272.0, 611.0, 0.0 ]
[ 281.0, 554.0, 0.0 ]
[ 284.0, 550.0, 0.0 ]
[ 109.0, 567.0, 0.0 ]
[ 114.0, 503.0, 0.0 ]
[ 135.0, 509.0, 0.0 ]
[ 173.0, 515.0, 0.0 ]
[ 88.0, 536.0, 0.0 ]
[ 89.0, 548.0, 0.0 ]
[ 90.0, 560.0, 0.0 ]
[ 90.0, 584.0, 0.0 ]
[ 217.0, 602.0, 0.0 ]
[ 216.0, 618.0, 0.0 ]
[ 234.0, 617.0, 0.0 ]
[ 223.0, 586.0, 0.0 ]
[ 219.0, 580.0, 0.0 ]
[ 220.0, 525.0, 0.0 ]
[ 222.0, 526.0, 0.0 ]
[ 226.0, 520.0, 0.0 ]
[ 217.0, 650.0, 0.0 ]
[ 280.0, 614.0, 0.0 ]
[ 287.0, 612.0, 0.0 ]
[ 283.0, 502.0, 0.0 ]
[ 299.0, 489.0, 0.0 ]
[ 193.0, 500.0, 0.0 ]
[ 168.0, 497.0, 0.0 ]
[ 223.0, 502.0, 0.0 ]
[ 238.0, 502.0, 0.0 ]
[ 257.0, 496.0, 0.0 ]
[ 282.0, 489.0, 0.0 ]
[ 286.0, 486.0, 0.0 ]
[ 176.0, 618.0, 0.0 ]
[ 191.0, 623.0, 0.0 ]
[ 207.0, 629.0, 0.0 ]
[ 155.0, 609.0, 0.0 ]
[ 230.0, 571.0, 0.0 ]
[ 83.0, 549.0, 0.0 ]
[ 236.0, 463.0, 0.0 ]
[ 249.0, 458.0, 0.0 ]
[ 260.0, 454.0, 0.0 ]
[ 365.0, 524.0, 0.0 ]
[ 368.0, 486.0, 0.0 ]
[ 346.0, 516.0, 0.0 ]
[ 350.0, 513.0, 0.0 ]
[ 352.0, 523.0, 0.0 ]
[ 299.0, 580.0, 0.0 ]
[ 296.0, 609.0, 0.0 ]
[ 314.0, 598.0, 0.0 ]
[ 328.0, 590.0, 0.0 ]
[ 343.0, 582.0, 0.0 ]
[ 327.0, 587.0, 0.0 ]
[ 313.0, 596.0, 0.0 ]
[ 296.0, 606.0, 0.0 ]
[ 290.0, 559.0, 0.0 ]
[ 359.0, 605.0, 0.0 ]
[ 374.0, 596.0, 0.0 ]
[ 219.0, 588.0, 0.0 ]
[ 230.0, 583.0, 0.0 ]
[ 229.0, 587.0, 0.0 ]
[ 370.0, 541.0, 0.0 ]
[ 205.0, 592.0, 0.0 ]
[ 202.0, 577.0, 0.0 ]
[ 251.0, 604.0, 0.0 ]
[ 363.0, 531.0, 0.0 ]
[ 257.0, 624.0, 0.0 ]
[ 251.0, 629.0, 0.0 ]
[ 13.0, 443.0, 0.0 ]
