501 453
[ 0.0, 0.0, 0.0 ]
[ 501.0, 0.0, 0.0 ]
[ 501.0, 453.0, 0.0 ]
[ 0.0, 453.0, 0.0 ]
[ 435.0, 127.0, 0.0 ]
[ 426.0, 125.0, 0.0 ]
[ 418.0, 130.0, 0.0 ]
[ 415.0, 142.0, 0.0 ]
[ 410.0, 152.0, 0.0 ]
[ 405.0, 162.0, 0.0 ]
[ 413.0, 156.0, 0.0 ]
[ 421.0, 151.0, 0.0 ]
[ 424.0, 146.0, 0.0 ]
[ 425.0, 143.0, 0.0 ]
[ 430.0, 136.0, 0.0 ]
[ 434.0, 143.0, 0.0 ]
[ 442.0, 134.0, 0.0 ]
[ 442.0, 152.0, 0.0 ]
[ 446.0, 165.0, 0.0 ]
[ 444.0, 116.0, 0.0 ]
[ 447.0, 111.0, 0.0 ]
[ 451.0, 121.0, 0.0 ]
[ 457.0, 131.0, 0.0 ]
[ 447.0, 127.0, 0.0 ]
[ 442.0, 127.0, 0.0 ]
[ 443.0, 124.0, 0.0 ]
[ 450.0, 118.0, 0.0 ]
[ 428.0, 154.0, 0.0 ]
[ 433.0, 163.0, 0.0 ]
[ 436.0, 176.0, 0.0 ]
[ 436.0, 189.0, 0.0 ]
[ 439.0, 203.0, 0.0 ]
[ 440.0, 215.0, 0.0 ]
[ 454.0, 177.0, 0.0 ]
[ 465.0, 188.0, 0.0 ]
[ 475.0, 202.0, 0.0 ]
[ 483.0, 215.0, 0.0 ]
[ 489.0, 233.0, 0.0 ]
[ 487.0, 246.0, 0.0 ]
[ 480.0, 261.0, 0.0 ]
[ 473.0, 277.0, 0.0 ]
[ 464.0, 295.0, 0.0 ]
[ 455.0, 309.0, 0.0 ]
[ 435.0, 319.0, 0.0 ]
[ 422.0, 327.0, 0.0 ]
[ 416.0, 137.0, 0.0 ]
[ 422.0, 139.0, 0.0 ]
[ 432.0, 233.0, 0.0 ]
[ 436.0, 221.0, 0.0 ]
[ 430.0, 248.0, 0.0 ]
[ 429.0, 258.0, 0.0 ]
[ 419.0, 267.0, 0.0 ]
[ 411.0, 274.0, 0.0 ]
[ 403.0, 285.0, 0.0 ]
[ 387.0, 289.0, 0.0 ]
[ 374.0, 288.0, 0.0 ]
[ 363.0, 289.0, 0.0 ]
[ 350.0, 295.0, 0.0 ]
[ 336.0, 295.0, 0.0 ]
[ 325.0, 293.0, 0.0 ]
[ 316.0, 300.0, 0.0 ]
[ 303.0, 302.0, 0.0 ]
[ 291.0, 300.0, 0.0 ]
[ 276.0, 300.0, 0.0 ]
[ 286.0, 303.0, 0.0 ]
[ 300.0, 307.0, 0.0 ]
[ 313.0, 314.0, 0.0 ]
[ 330.0, 312.0, 0.0 ]
[ 338.0, 312.0, 0.0 ]
[ 352.0, 319.0, 0.0 ]
[ 369.0, 322.0, 0.0 ]
[ 380.0, 324.0, 0.0 ]
[ 405.0, 329.0, 0.0 ]
[ 413.0, 329.0, 0.0 ]
[ 393.0, 329.0, 0.0 ]
[ 389.0, 344.0, 0.0 ]
[ 399.0, 341.0, 0.0 ]
[ 392.0, 354.0, 0.0 ]
[ 385.0, 367.0, 0.0 ]
[ 384.0, 358.0, 0.0 ]
[ 378.0, 373.0, 0.0 ]
[ 380.0, 379.0, 0.0 ]
[ 378.0, 389.0, 0.0 ]
[ 372.0, 389.0, 0.0 ]
[ 362.0, 389.0, 0.0 ]
[ 368.0, 394.0, 0.0 ]
[ 374.0, 393.0, 0.0 ]
[ 378.0, 401.0, 0.0 ]
[ 385.0, 404.0, 0.0 ]
[ 384.0, 399.0, 0.0 ]
[ 392.0, 403.0, 0.0 ]
[ 396.0, 402.0, 0.0 ]
[ 391.0, 397.0, 0.0 ]
[ 383.0, 394.0, 0.0 ]
[ 411.0, 343.0, 0.0 ]
[ 418.0, 344.0, 0.0 ]
[ 416.0, 354.0, 0.0 ]
[ 410.0, 356.0, 0.0 ]
[ 414.0, 369.0, 0.0 ]
[ 415.0, 382.0, 0.0 ]
[ 417.0, 391.0, 0.0 ]
[ 410.0, 401.0, 0.0 ]
[ 416.0, 397.0, 0.0 ]
[ 425.0, 405.0, 0.0 ]
[ 425.0, 399.0, 0.0 ]
[ 440.0, 405.0, 0.0 ]
[ 440.0, 399.0, 0.0 ]
[ 430.0, 396.0, 0.0 ]
[ 422.0, 390.0, 0.0 ]
[ 420.0, 376.0, 0.0 ]
[ 418.0, 366.0, 0.0 ]
[ 351.0, 311.0, 0.0 ]
[ 374.0, 309.0, 0.0 ]
[ 393.0, 303.0, 0.0 ]
[ 405.0, 289.0, 0.0 ]
[ 459.0, 192.0, 0.0 ]
[ 468.0, 212.0, 0.0 ]
[ 474.0, 230.0, 0.0 ]
[ 474.0, 253.0, 0.0 ]
[ 459.0, 272.0, 0.0 ]
[ 439.0, 289.0, 0.0 ]
[ 414.0, 304.0, 0.0 ]
[ 433.0, 275.0, 0.0 ]
[ 451.0, 254.0, 0.0 ]
[ 450.0, 232.0, 0.0 ]
[ 361.0, 300.0, 0.0 ]
[ 422.0, 219.0, 0.0 ]
[ 399.0, 221.0, 0.0 ]
[ 379.0, 224.0, 0.0 ]
[ 355.0, 232.0, 0.0 ]
[ 331.0, 237.0, 0.0 ]
[ 310.0, 246.0, 0.0 ]
[ 279.0, 256.0, 0.0 ]
[ 253.0, 269.0, 0.0 ]
[ 223.0, 275.0, 0.0 ]
[ 199.0, 289.0, 0.0 ]
[ 174.0, 301.0, 0.0 ]
[ 153.0, 316.0, 0.0 ]
[ 128.0, 331.0, 0.0 ]
[ 99.0, 347.0, 0.0 ]
[ 66.0, 360.0, 0.0 ]
[ 50.0, 365.0, 0.0 ]
[ 28.0, 384.0, 0.0 ]
[ 33.0, 395.0, 0.0 ]
[ 51.0, 399.0, 0.0 ]
[ 75.0, 399.0, 0.0 ]
[ 87.0, 390.0, 0.0 ]
[ 94.0, 400.0, 0.0 ]
[ 113.0, 399.0, 0.0 ]
[ 140.0, 396.0, 0.0 ]
[ 161.0, 394.0, 0.0 ]
[ 176.0, 382.0, 0.0 ]
[ 178.0, 395.0, 0.0 ]
[ 193.0, 391.0, 0.0 ]
[ 205.0, 378.0, 0.0 ]
[ 213.0, 387.0, 0.0 ]
[ 230.0, 374.0, 0.0 ]
[ 237.0, 356.0, 0.0 ]
[ 251.0, 341.0, 0.0 ]
[ 257.0, 321.0, 0.0 ]
[ 260.0, 306.0, 0.0 ]
[ 420.0, 234.0, 0.0 ]
[ 401.0, 234.0, 0.0 ]
[ 385.0, 233.0, 0.0 ]
[ 370.0, 234.0, 0.0 ]
[ 347.0, 242.0, 0.0 ]
[ 333.0, 251.0, 0.0 ]
[ 317.0, 256.0, 0.0 ]
[ 293.0, 270.0, 0.0 ]
[ 270.0, 278.0, 0.0 ]
[ 271.0, 291.0, 0.0 ]
[ 287.0, 281.0, 0.0 ]
[ 312.0, 267.0, 0.0 ]
[ 346.0, 259.0, 0.0 ]
[ 366.0, 248.0, 0.0 ]
[ 396.0, 245.0, 0.0 ]
[ 420.0, 246.0, 0.0 ]
[ 313.0, 288.0, 0.0 ]
[ 348.0, 278.0, 0.0 ]
[ 376.0, 269.0, 0.0 ]
[ 400.0, 263.0, 0.0 ]
[ 245.0, 278.0, 0.0 ]
[ 217.0, 288.0, 0.0 ]
[ 193.0, 301.0, 0.0 ]
[ 172.0, 315.0, 0.0 ]
[ 146.0, 331.0, 0.0 ]
[ 119.0, 343.0, 0.0 ]
[ 84.0, 363.0, 0.0 ]
[ 59.0, 372.0, 0.0 ]
[ 42.0, 381.0, 0.0 ]
[ 81.0, 376.0, 0.0 ]
[ 101.0, 377.0, 0.0 ]
[ 102.0, 364.0, 0.0 ]
[ 115.0, 356.0, 0.0 ]
[ 116.0, 369.0, 0.0 ]
[ 127.0, 358.0, 0.0 ]
[ 145.0, 350.0, 0.0 ]
[ 153.0, 361.0, 0.0 ]
[ 161.0, 351.0, 0.0 ]
[ 151.0, 344.0, 0.0 ]
[ 158.0, 328.0, 0.0 ]
[ 169.0, 335.0, 0.0 ]
[ 147.0, 324.0, 0.0 ]
[ 178.0, 326.0, 0.0 ]
[ 187.0, 332.0, 0.0 ]
[ 183.0, 342.0, 0.0 ]
[ 198.0, 308.0, 0.0 ]
[ 204.0, 302.0, 0.0 ]
[ 229.0, 297.0, 0.0 ]
[ 236.0, 286.0, 0.0 ]
[ 241.0, 295.0, 0.0 ]
[ 224.0, 292.0, 0.0 ]
[ 233.0, 308.0, 0.0 ]
[ 246.0, 311.0, 0.0 ]
[ 241.0, 324.0, 0.0 ]
[ 227.0, 318.0, 0.0 ]
[ 220.0, 328.0, 0.0 ]
[ 209.0, 336.0, 0.0 ]
[ 221.0, 339.0, 0.0 ]
[ 232.0, 330.0, 0.0 ]
[ 132.0, 377.0, 0.0 ]
[ 181.0, 364.0, 0.0 ]
[ 205.0, 324.0, 0.0 ]
[ 209.0, 357.0, 0.0 ]
[ 455.0, 195.0, 0.0 ]
[ 434.0, 310.0, 0.0 ]
[ 454.0, 292.0, 0.0 ]
[ 392.0, 322.0, 0.0 ]
[ 69.0, 388.0, 0.0 ]
[ 123.0, 387.0, 0.0 ]
[ 155.0, 382.0, 0.0 ]
[ 150.0, 451.0, 0.0 ]
