793 708
[ 0.0, 0.0, 0.0 ]
[ 793.0, 0.0, 0.0 ]
[ 793.0, 708.0, 0.0 ]
[ 0.0, 708.0, 0.0 ]
[ 66.0, 344.0, 0.0 ]
[ 62.0, 309.0, 0.0 ]
[ 75.0, 272.0, 0.0 ]
[ 94.0, 243.0, 0.0 ]
[ 114.0, 216.0, 0.0 ]
[ 139.0, 189.0, 0.0 ]
[ 166.0, 163.0, 0.0 ]
[ 196.0, 141.0, 0.0 ]
[ 229.0, 122.0, 0.0 ]
[ 264.0, 107.0, 0.0 ]
[ 301.0, 93.0, 0.0 ]
[ 340.0, 87.0, 0.0 ]
[ 375.0, 86.0, 0.0 ]
[ 407.0, 93.0, 0.0 ]
[ 424.0, 113.0, 0.0 ]
[ 428.0, 145.0, 0.0 ]
[ 418.0, 171.0, 0.0 ]
[ 403.0, 199.0, 0.0 ]
[ 382.0, 225.0, 0.0 ]
[ 357.0, 248.0, 0.0 ]
[ 332.0, 268.0, 0.0 ]
[ 266.0, 318.0, 0.0 ]
[ 230.0, 338.0, 0.0 ]
[ 196.0, 351.0, 0.0 ]
[ 163.0, 362.0, 0.0 ]
[ 127.0, 364.0, 0.0 ]
[ 96.0, 361.0, 0.0 ]
[ 94.0, 342.0, 0.0 ]
[ 83.0, 316.0, 0.0 ]
[ 84.0, 289.0, 0.0 ]
[ 90.0, 273.0, 0.0 ]
[ 128.0, 255.0, 0.0 ]
[ 175.0, 237.0, 0.0 ]
[ 135.0, 244.0, 0.0 ]
[ 108.0, 247.0, 0.0 ]
[ 122.0, 221.0, 0.0 ]
[ 138.0, 202.0, 0.0 ]
[ 139.0, 210.0, 0.0 ]
[ 155.0, 186.0, 0.0 ]
[ 171.0, 174.0, 0.0 ]
[ 192.0, 159.0, 0.0 ]
[ 223.0, 138.0, 0.0 ]
[ 253.0, 122.0, 0.0 ]
[ 279.0, 108.0, 0.0 ]
[ 307.0, 105.0, 0.0 ]
[ 311.0, 112.0, 0.0 ]
[ 325.0, 103.0, 0.0 ]
[ 349.0, 97.0, 0.0 ]
[ 372.0, 108.0, 0.0 ]
[ 353.0, 128.0, 0.0 ]
[ 329.0, 150.0, 0.0 ]
[ 375.0, 121.0, 0.0 ]
[ 395.0, 111.0, 0.0 ]
[ 405.0, 125.0, 0.0 ]
[ 395.0, 141.0, 0.0 ]
[ 405.0, 141.0, 0.0 ]
[ 403.0, 160.0, 0.0 ]
[ 394.0, 177.0, 0.0 ]
[ 382.0, 181.0, 0.0 ]
[ 393.0, 191.0, 0.0 ]
[ 374.0, 211.0, 0.0 ]
[ 352.0, 233.0, 0.0 ]
[ 326.0, 257.0, 0.0 ]
[ 310.0, 267.0, 0.0 ]
[ 265.0, 302.0, 0.0 ]
[ 241.0, 317.0, 0.0 ]
[ 229.0, 323.0, 0.0 ]
[ 220.0, 306.0, 0.0 ]
[ 210.0, 327.0, 0.0 ]
[ 183.0, 339.0, 0.0 ]
[ 157.0, 346.0, 0.0 ]
[ 131.0, 344.0, 0.0 ]
[ 116.0, 343.0, 0.0 ]
[ 98.0, 307.0, 0.0 ]
[ 86.0, 304.0, 0.0 ]
[ 212.0, 232.0, 0.0 ]
[ 224.0, 209.0, 0.0 ]
[ 244.0, 196.0, 0.0 ]
[ 269.0, 199.0, 0.0 ]
[ 273.0, 210.0, 0.0 ]
[ 257.0, 227.0, 0.0 ]
[ 238.0, 238.0, 0.0 ]
[ 230.0, 225.0, 0.0 ]
[ 234.0, 209.0, 0.0 ]
[ 253.0, 200.0, 0.0 ]
[ 261.0, 208.0, 0.0 ]
[ 249.0, 219.0, 0.0 ]
[ 85.0, 376.0, 0.0 ]
[ 109.0, 397.0, 0.0 ]
[ 132.0, 417.0, 0.0 ]
[ 165.0, 441.0, 0.0 ]
[ 204.0, 465.0, 0.0 ]
[ 216.0, 435.0, 0.0 ]
[ 145.0, 366.0, 0.0 ]
[ 163.0, 401.0, 0.0 ]
[ 188.0, 424.0, 0.0 ]
[ 423.0, 99.0, 0.0 ]
[ 443.0, 121.0, 0.0 ]
[ 456.0, 146.0, 0.0 ]
[ 467.0, 171.0, 0.0 ]
[ 475.0, 200.0, 0.0 ]
[ 484.0, 234.0, 0.0 ]
[ 439.0, 177.0, 0.0 ]
[ 455.0, 205.0, 0.0 ]
[ 461.0, 249.0, 0.0 ]
[ 426.0, 213.0, 0.0 ]
[ 431.0, 253.0, 0.0 ]
[ 401.0, 244.0, 0.0 ]
[ 362.0, 274.0, 0.0 ]
[ 400.0, 275.0, 0.0 ]
[ 432.0, 276.0, 0.0 ]
[ 270.0, 256.0, 0.0 ]
[ 278.0, 267.0, 0.0 ]
[ 279.0, 298.0, 0.0 ]
[ 279.0, 329.0, 0.0 ]
[ 287.0, 365.0, 0.0 ]
[ 295.0, 382.0, 0.0 ]
[ 273.0, 351.0, 0.0 ]
[ 270.0, 333.0, 0.0 ]
[ 279.0, 371.0, 0.0 ]
[ 284.0, 389.0, 0.0 ]
[ 303.0, 281.0, 0.0 ]
[ 302.0, 310.0, 0.0 ]
[ 305.0, 329.0, 0.0 ]
[ 322.0, 338.0, 0.0 ]
[ 310.0, 352.0, 0.0 ]
[ 314.0, 363.0, 0.0 ]
[ 328.0, 354.0, 0.0 ]
[ 355.0, 337.0, 0.0 ]
[ 343.0, 346.0, 0.0 ]
[ 369.0, 348.0, 0.0 ]
[ 343.0, 334.0, 0.0 ]
[ 384.0, 322.0, 0.0 ]
[ 334.0, 300.0, 0.0 ]
[ 377.0, 298.0, 0.0 ]
[ 415.0, 292.0, 0.0 ]
[ 214.0, 382.0, 0.0 ]
[ 243.0, 420.0, 0.0 ]
[ 249.0, 386.0, 0.0 ]
[ 198.0, 494.0, 0.0 ]
[ 199.0, 513.0, 0.0 ]
[ 211.0, 528.0, 0.0 ]
[ 236.0, 547.0, 0.0 ]
[ 268.0, 559.0, 0.0 ]
[ 299.0, 570.0, 0.0 ]
[ 329.0, 579.0, 0.0 ]
[ 365.0, 583.0, 0.0 ]
[ 400.0, 579.0, 0.0 ]
[ 430.0, 571.0, 0.0 ]
[ 462.0, 553.0, 0.0 ]
[ 478.0, 538.0, 0.0 ]
[ 492.0, 521.0, 0.0 ]
[ 527.0, 518.0, 0.0 ]
[ 561.0, 509.0, 0.0 ]
[ 591.0, 494.0, 0.0 ]
[ 617.0, 476.0, 0.0 ]
[ 640.0, 452.0, 0.0 ]
[ 659.0, 426.0, 0.0 ]
[ 672.0, 398.0, 0.0 ]
[ 679.0, 370.0, 0.0 ]
[ 686.0, 340.0, 0.0 ]
[ 691.0, 309.0, 0.0 ]
[ 684.0, 281.0, 0.0 ]
[ 679.0, 299.0, 0.0 ]
[ 681.0, 323.0, 0.0 ]
[ 675.0, 357.0, 0.0 ]
[ 668.0, 381.0, 0.0 ]
[ 661.0, 407.0, 0.0 ]
[ 647.0, 431.0, 0.0 ]
[ 628.0, 455.0, 0.0 ]
[ 605.0, 475.0, 0.0 ]
[ 577.0, 493.0, 0.0 ]
[ 540.0, 506.0, 0.0 ]
[ 515.0, 512.0, 0.0 ]
[ 500.0, 510.0, 0.0 ]
[ 512.0, 486.0, 0.0 ]
[ 538.0, 480.0, 0.0 ]
[ 565.0, 468.0, 0.0 ]
[ 584.0, 455.0, 0.0 ]
[ 590.0, 440.0, 0.0 ]
[ 585.0, 423.0, 0.0 ]
[ 599.0, 429.0, 0.0 ]
[ 619.0, 418.0, 0.0 ]
[ 631.0, 401.0, 0.0 ]
[ 645.0, 379.0, 0.0 ]
[ 645.0, 355.0, 0.0 ]
[ 636.0, 345.0, 0.0 ]
[ 652.0, 330.0, 0.0 ]
[ 656.0, 309.0, 0.0 ]
[ 653.0, 289.0, 0.0 ]
[ 661.0, 279.0, 0.0 ]
[ 634.0, 281.0, 0.0 ]
[ 604.0, 283.0, 0.0 ]
[ 587.0, 286.0, 0.0 ]
[ 571.0, 280.0, 0.0 ]
[ 557.0, 284.0, 0.0 ]
[ 542.0, 284.0, 0.0 ]
[ 508.0, 212.0, 0.0 ]
[ 522.0, 233.0, 0.0 ]
[ 531.0, 254.0, 0.0 ]
[ 546.0, 309.0, 0.0 ]
[ 547.0, 337.0, 0.0 ]
[ 543.0, 365.0, 0.0 ]
[ 541.0, 394.0, 0.0 ]
[ 533.0, 423.0, 0.0 ]
[ 528.0, 450.0, 0.0 ]
[ 225.0, 462.0, 0.0 ]
[ 232.0, 487.0, 0.0 ]
[ 243.0, 510.0, 0.0 ]
[ 261.0, 534.0, 0.0 ]
[ 283.0, 552.0, 0.0 ]
[ 231.0, 475.0, 0.0 ]
[ 244.0, 498.0, 0.0 ]
[ 256.0, 519.0, 0.0 ]
[ 275.0, 533.0, 0.0 ]
[ 291.0, 544.0, 0.0 ]
[ 306.0, 559.0, 0.0 ]
[ 296.0, 559.0, 0.0 ]
[ 317.0, 571.0, 0.0 ]
[ 327.0, 567.0, 0.0 ]
[ 347.0, 571.0, 0.0 ]
[ 369.0, 573.0, 0.0 ]
[ 395.0, 568.0, 0.0 ]
[ 415.0, 564.0, 0.0 ]
[ 438.0, 558.0, 0.0 ]
[ 461.0, 543.0, 0.0 ]
[ 481.0, 524.0, 0.0 ]
[ 492.0, 508.0, 0.0 ]
[ 500.0, 489.0, 0.0 ]
[ 511.0, 465.0, 0.0 ]
[ 522.0, 442.0, 0.0 ]
[ 530.0, 409.0, 0.0 ]
[ 535.0, 380.0, 0.0 ]
[ 538.0, 350.0, 0.0 ]
[ 540.0, 322.0, 0.0 ]
[ 536.0, 297.0, 0.0 ]
[ 532.0, 267.0, 0.0 ]
[ 521.0, 245.0, 0.0 ]
[ 511.0, 228.0, 0.0 ]
[ 496.0, 255.0, 0.0 ]
[ 490.0, 274.0, 0.0 ]
[ 502.0, 270.0, 0.0 ]
[ 520.0, 292.0, 0.0 ]
[ 521.0, 321.0, 0.0 ]
[ 518.0, 347.0, 0.0 ]
[ 517.0, 361.0, 0.0 ]
[ 500.0, 369.0, 0.0 ]
[ 510.0, 376.0, 0.0 ]
[ 515.0, 393.0, 0.0 ]
[ 511.0, 413.0, 0.0 ]
[ 503.0, 442.0, 0.0 ]
[ 491.0, 460.0, 0.0 ]
[ 479.0, 475.0, 0.0 ]
[ 454.0, 449.0, 0.0 ]
[ 466.0, 485.0, 0.0 ]
[ 460.0, 506.0, 0.0 ]
[ 445.0, 525.0, 0.0 ]
[ 424.0, 537.0, 0.0 ]
[ 400.0, 538.0, 0.0 ]
[ 387.0, 498.0, 0.0 ]
[ 384.0, 539.0, 0.0 ]
[ 364.0, 546.0, 0.0 ]
[ 343.0, 540.0, 0.0 ]
[ 321.0, 531.0, 0.0 ]
[ 308.0, 519.0, 0.0 ]
[ 302.0, 504.0, 0.0 ]
[ 315.0, 473.0, 0.0 ]
[ 291.0, 496.0, 0.0 ]
[ 280.0, 490.0, 0.0 ]
[ 261.0, 475.0, 0.0 ]
[ 256.0, 451.0, 0.0 ]
[ 253.0, 428.0, 0.0 ]
[ 360.0, 348.0, 0.0 ]
[ 368.0, 363.0, 0.0 ]
[ 383.0, 369.0, 0.0 ]
[ 391.0, 377.0, 0.0 ]
[ 404.0, 374.0, 0.0 ]
[ 411.0, 358.0, 0.0 ]
[ 401.0, 343.0, 0.0 ]
[ 395.0, 321.0, 0.0 ]
[ 380.0, 341.0, 0.0 ]
[ 398.0, 360.0, 0.0 ]
[ 392.0, 365.0, 0.0 ]
[ 470.0, 132.0, 0.0 ]
[ 485.0, 111.0, 0.0 ]
[ 504.0, 98.0, 0.0 ]
[ 522.0, 84.0, 0.0 ]
[ 533.0, 103.0, 0.0 ]
[ 543.0, 126.0, 0.0 ]
[ 553.0, 150.0, 0.0 ]
[ 563.0, 173.0, 0.0 ]
[ 568.0, 198.0, 0.0 ]
[ 571.0, 206.0, 0.0 ]
[ 598.0, 200.0, 0.0 ]
[ 621.0, 197.0, 0.0 ]
[ 643.0, 196.0, 0.0 ]
[ 667.0, 193.0, 0.0 ]
[ 698.0, 195.0, 0.0 ]
[ 714.0, 197.0, 0.0 ]
[ 695.0, 212.0, 0.0 ]
[ 679.0, 232.0, 0.0 ]
[ 665.0, 249.0, 0.0 ]
[ 651.0, 262.0, 0.0 ]
[ 644.0, 277.0, 0.0 ]
[ 572.0, 218.0, 0.0 ]
[ 571.0, 204.0, 0.0 ]
[ 574.0, 238.0, 0.0 ]
[ 573.0, 259.0, 0.0 ]
[ 570.0, 280.0, 0.0 ]
[ 518.0, 112.0, 0.0 ]
[ 514.0, 138.0, 0.0 ]
[ 509.0, 166.0, 0.0 ]
[ 505.0, 193.0, 0.0 ]
[ 500.0, 217.0, 0.0 ]
[ 616.0, 272.0, 0.0 ]
[ 640.0, 249.0, 0.0 ]
[ 657.0, 230.0, 0.0 ]
[ 679.0, 215.0, 0.0 ]
[ 654.0, 209.0, 0.0 ]
[ 628.0, 224.0, 0.0 ]
[ 606.0, 240.0, 0.0 ]
[ 535.0, 152.0, 0.0 ]
[ 541.0, 191.0, 0.0 ]
[ 545.0, 227.0, 0.0 ]
[ 547.0, 251.0, 0.0 ]
[ 501.0, 124.0, 0.0 ]
[ 489.0, 153.0, 0.0 ]
[ 79.0, 353.0, 0.0 ]
[ 284.0, 177.0, 0.0 ]
[ 337.0, 178.0, 0.0 ]
[ 176.0, 278.0, 0.0 ]
[ 475.0, 322.0, 0.0 ]
[ 582.0, 324.0, 0.0 ]
[ 389.0, 439.0, 0.0 ]
[ 469.0, 286.0, 0.0 ]
[ 437.0, 310.0, 0.0 ]
[ 338.0, 428.0, 0.0 ]
[ 238.0, 543.0, 0.0 ]
[ 217.0, 521.0, 0.0 ]
[ 214.0, 477.0, 0.0 ]
[ 565.0, 497.0, 0.0 ]
[ 679.0, 331.0, 0.0 ]
[ 259.0, 412.0, 0.0 ]
[ 283.0, 351.0, 0.0 ]
[ 251.0, 330.0, 0.0 ]
[ 0.0, 449.0, 0.0 ]
