708 708
[ 0.0, 0.0, 0.0 ]
[ 708.0, 0.0, 0.0 ]
[ 708.0, 708.0, 0.0 ]
[ 0.0, 708.0, 0.0 ]
[ 234.0, 131.0, 0.0 ]
[ 249.0, 119.0, 0.0 ]
[ 246.0, 132.0, 0.0 ]
[ 239.0, 141.0, 0.0 ]
[ 255.0, 138.0, 0.0 ]
[ 253.0, 144.0, 0.0 ]
[ 267.0, 141.0, 0.0 ]
[ 266.0, 147.0, 0.0 ]
[ 282.0, 148.0, 0.0 ]
[ 277.0, 154.0, 0.0 ]
[ 294.0, 155.0, 0.0 ]
[ 291.0, 159.0, 0.0 ]
[ 309.0, 162.0, 0.0 ]
[ 308.0, 166.0, 0.0 ]
[ 321.0, 164.0, 0.0 ]
[ 322.0, 169.0, 0.0 ]
[ 337.0, 168.0, 0.0 ]
[ 337.0, 174.0, 0.0 ]
[ 357.0, 167.0, 0.0 ]
[ 378.0, 161.0, 0.0 ]
[ 388.0, 149.0, 0.0 ]
[ 391.0, 142.0, 0.0 ]
[ 391.0, 126.0, 0.0 ]
[ 384.0, 108.0, 0.0 ]
[ 372.0, 95.0, 0.0 ]
[ 368.0, 88.0, 0.0 ]
[ 366.0, 95.0, 0.0 ]
[ 344.0, 85.0, 0.0 ]
[ 347.0, 79.0, 0.0 ]
[ 324.0, 74.0, 0.0 ]
[ 324.0, 81.0, 0.0 ]
[ 301.0, 77.0, 0.0 ]
[ 304.0, 83.0, 0.0 ]
[ 283.0, 83.0, 0.0 ]
[ 284.0, 88.0, 0.0 ]
[ 264.0, 94.0, 0.0 ]
[ 271.0, 98.0, 0.0 ]
[ 251.0, 104.0, 0.0 ]
[ 262.0, 105.0, 0.0 ]
[ 240.0, 117.0, 0.0 ]
[ 250.0, 112.0, 0.0 ]
[ 260.0, 124.0, 0.0 ]
[ 280.0, 119.0, 0.0 ]
[ 300.0, 119.0, 0.0 ]
[ 318.0, 122.0, 0.0 ]
[ 338.0, 127.0, 0.0 ]
[ 363.0, 137.0, 0.0 ]
[ 382.0, 144.0, 0.0 ]
[ 335.0, 79.0, 0.0 ]
[ 358.0, 85.0, 0.0 ]
[ 314.0, 79.0, 0.0 ]
[ 294.0, 82.0, 0.0 ]
[ 289.0, 105.0, 0.0 ]
[ 312.0, 109.0, 0.0 ]
[ 305.0, 92.0, 0.0 ]
[ 331.0, 96.0, 0.0 ]
[ 333.0, 112.0, 0.0 ]
[ 356.0, 103.0, 0.0 ]
[ 360.0, 119.0, 0.0 ]
[ 357.0, 144.0, 0.0 ]
[ 346.0, 160.0, 0.0 ]
[ 327.0, 135.0, 0.0 ]
[ 320.0, 151.0, 0.0 ]
[ 306.0, 138.0, 0.0 ]
[ 286.0, 134.0, 0.0 ]
[ 402.0, 143.0, 0.0 ]
[ 419.0, 143.0, 0.0 ]
[ 436.0, 141.0, 0.0 ]
[ 446.0, 149.0, 0.0 ]
[ 451.0, 160.0, 0.0 ]
[ 449.0, 167.0, 0.0 ]
[ 437.0, 166.0, 0.0 ]
[ 426.0, 166.0, 0.0 ]
[ 414.0, 169.0, 0.0 ]
[ 402.0, 179.0, 0.0 ]
[ 420.0, 150.0, 0.0 ]
[ 406.0, 155.0, 0.0 ]
[ 397.0, 166.0, 0.0 ]
[ 387.0, 176.0, 0.0 ]
[ 380.0, 188.0, 0.0 ]
[ 371.0, 197.0, 0.0 ]
[ 365.0, 207.0, 0.0 ]
[ 384.0, 205.0, 0.0 ]
[ 389.0, 194.0, 0.0 ]
[ 398.0, 184.0, 0.0 ]
[ 440.0, 156.0, 0.0 ]
[ 435.0, 151.0, 0.0 ]
[ 427.0, 160.0, 0.0 ]
[ 412.0, 163.0, 0.0 ]
[ 401.0, 170.0, 0.0 ]
[ 392.0, 179.0, 0.0 ]
[ 386.0, 188.0, 0.0 ]
[ 381.0, 196.0, 0.0 ]
[ 361.0, 182.0, 0.0 ]
[ 375.0, 179.0, 0.0 ]
[ 333.0, 179.0, 0.0 ]
[ 302.0, 179.0, 0.0 ]
[ 273.0, 181.0, 0.0 ]
[ 248.0, 187.0, 0.0 ]
[ 223.0, 193.0, 0.0 ]
[ 200.0, 208.0, 0.0 ]
[ 177.0, 229.0, 0.0 ]
[ 156.0, 250.0, 0.0 ]
[ 142.0, 280.0, 0.0 ]
[ 127.0, 314.0, 0.0 ]
[ 123.0, 354.0, 0.0 ]
[ 121.0, 398.0, 0.0 ]
[ 132.0, 445.0, 0.0 ]
[ 145.0, 482.0, 0.0 ]
[ 162.0, 518.0, 0.0 ]
[ 183.0, 553.0, 0.0 ]
[ 203.0, 581.0, 0.0 ]
[ 229.0, 607.0, 0.0 ]
[ 261.0, 627.0, 0.0 ]
[ 285.0, 644.0, 0.0 ]
[ 315.0, 647.0, 0.0 ]
[ 336.0, 642.0, 0.0 ]
[ 360.0, 633.0, 0.0 ]
[ 381.0, 641.0, 0.0 ]
[ 408.0, 645.0, 0.0 ]
[ 433.0, 642.0, 0.0 ]
[ 465.0, 628.0, 0.0 ]
[ 494.0, 603.0, 0.0 ]
[ 515.0, 579.0, 0.0 ]
[ 537.0, 553.0, 0.0 ]
[ 555.0, 522.0, 0.0 ]
[ 571.0, 489.0, 0.0 ]
[ 584.0, 455.0, 0.0 ]
[ 594.0, 419.0, 0.0 ]
[ 600.0, 384.0, 0.0 ]
[ 598.0, 344.0, 0.0 ]
[ 587.0, 304.0, 0.0 ]
[ 573.0, 268.0, 0.0 ]
[ 557.0, 243.0, 0.0 ]
[ 538.0, 222.0, 0.0 ]
[ 510.0, 201.0, 0.0 ]
[ 479.0, 188.0, 0.0 ]
[ 447.0, 180.0, 0.0 ]
[ 420.0, 178.0, 0.0 ]
[ 231.0, 201.0, 0.0 ]
[ 260.0, 195.0, 0.0 ]
[ 282.0, 193.0, 0.0 ]
[ 308.0, 195.0, 0.0 ]
[ 329.0, 201.0, 0.0 ]
[ 349.0, 206.0, 0.0 ]
[ 406.0, 201.0, 0.0 ]
[ 437.0, 195.0, 0.0 ]
[ 463.0, 194.0, 0.0 ]
[ 488.0, 203.0, 0.0 ]
[ 211.0, 219.0, 0.0 ]
[ 237.0, 209.0, 0.0 ]
[ 505.0, 220.0, 0.0 ]
[ 360.0, 242.0, 0.0 ]
[ 361.0, 286.0, 0.0 ]
[ 361.0, 352.0, 0.0 ]
[ 362.0, 430.0, 0.0 ]
[ 359.0, 503.0, 0.0 ]
[ 355.0, 562.0, 0.0 ]
[ 356.0, 612.0, 0.0 ]
[ 386.0, 258.0, 0.0 ]
[ 423.0, 246.0, 0.0 ]
[ 446.0, 276.0, 0.0 ]
[ 450.0, 599.0, 0.0 ]
[ 478.0, 551.0, 0.0 ]
[ 501.0, 492.0, 0.0 ]
[ 520.0, 427.0, 0.0 ]
[ 526.0, 359.0, 0.0 ]
[ 520.0, 300.0, 0.0 ]
[ 502.0, 261.0, 0.0 ]
[ 458.0, 348.0, 0.0 ]
[ 442.0, 431.0, 0.0 ]
[ 425.0, 506.0, 0.0 ]
[ 407.0, 577.0, 0.0 ]
[ 392.0, 607.0, 0.0 ]
[ 297.0, 254.0, 0.0 ]
[ 261.0, 260.0, 0.0 ]
[ 248.0, 306.0, 0.0 ]
[ 252.0, 362.0, 0.0 ]
[ 261.0, 428.0, 0.0 ]
[ 277.0, 477.0, 0.0 ]
[ 295.0, 536.0, 0.0 ]
[ 310.0, 581.0, 0.0 ]
[ 198.0, 283.0, 0.0 ]
[ 184.0, 370.0, 0.0 ]
[ 277.0, 598.0, 0.0 ]
[ 307.0, 305.0, 0.0 ]
[ 417.0, 305.0, 0.0 ]
[ 311.0, 394.0, 0.0 ]
[ 406.0, 384.0, 0.0 ]
[ 399.0, 446.0, 0.0 ]
[ 315.0, 460.0, 0.0 ]
[ 333.0, 538.0, 0.0 ]
[ 387.0, 539.0, 0.0 ]
[ 198.0, 466.0, 0.0 ]
[ 222.0, 529.0, 0.0 ]
[ 254.0, 576.0, 0.0 ]
[ 305.0, 622.0, 0.0 ]
[ 570.0, 364.0, 0.0 ]
[ 155.0, 316.0, 0.0 ]
[ 155.0, 429.0, 0.0 ]
[ 195.0, 532.0, 0.0 ]
[ 239.0, 600.0, 0.0 ]
[ 282.0, 626.0, 0.0 ]
[ 429.0, 617.0, 0.0 ]
[ 485.0, 590.0, 0.0 ]
[ 517.0, 538.0, 0.0 ]
[ 541.0, 486.0, 0.0 ]
[ 563.0, 422.0, 0.0 ]
[ 535.0, 257.0, 0.0 ]
[ 406.0, 149.0, 0.0 ]
[ 464.0, 182.0, 0.0 ]
[ 326.0, 178.0, 0.0 ]
[ 248.0, 122.0, 0.0 ]
[ 277.0, 91.0, 0.0 ]
[ 249.0, 138.0, 0.0 ]
[ 262.0, 146.0, 0.0 ]
[ 278.0, 150.0, 0.0 ]
[ 290.0, 156.0, 0.0 ]
[ 202.0, 232.0, 0.0 ]
[ 189.0, 263.0, 0.0 ]
[ 139.0, 344.0, 0.0 ]
[ 335.0, 270.0, 0.0 ]
[ 287.0, 224.0, 0.0 ]
[ 233.0, 238.0, 0.0 ]
[ 486.0, 231.0, 0.0 ]
[ 3.0, 348.0, 0.0 ]
