708 708
[ 0.0, 0.0, 0.0 ]
[ 708.0, 0.0, 0.0 ]
[ 708.0, 708.0, 0.0 ]
[ 0.0, 708.0, 0.0 ]
[ 61.0, 154.0, 0.0 ]
[ 83.0, 151.0, 0.0 ]
[ 105.0, 140.0, 0.0 ]
[ 129.0, 124.0, 0.0 ]
[ 151.0, 106.0, 0.0 ]
[ 174.0, 88.0, 0.0 ]
[ 204.0, 72.0, 0.0 ]
[ 235.0, 62.0, 0.0 ]
[ 266.0, 55.0, 0.0 ]
[ 300.0, 52.0, 0.0 ]
[ 328.0, 55.0, 0.0 ]
[ 357.0, 60.0, 0.0 ]
[ 380.0, 66.0, 0.0 ]
[ 407.0, 78.0, 0.0 ]
[ 430.0, 96.0, 0.0 ]
[ 75.0, 165.0, 0.0 ]
[ 97.0, 173.0, 0.0 ]
[ 119.0, 183.0, 0.0 ]
[ 145.0, 193.0, 0.0 ]
[ 172.0, 203.0, 0.0 ]
[ 203.0, 213.0, 0.0 ]
[ 231.0, 219.0, 0.0 ]
[ 266.0, 217.0, 0.0 ]
[ 289.0, 208.0, 0.0 ]
[ 314.0, 196.0, 0.0 ]
[ 338.0, 181.0, 0.0 ]
[ 362.0, 167.0, 0.0 ]
[ 387.0, 150.0, 0.0 ]
[ 405.0, 135.0, 0.0 ]
[ 425.0, 115.0, 0.0 ]
[ 95.0, 159.0, 0.0 ]
[ 127.0, 154.0, 0.0 ]
[ 161.0, 151.0, 0.0 ]
[ 191.0, 139.0, 0.0 ]
[ 215.0, 136.0, 0.0 ]
[ 239.0, 131.0, 0.0 ]
[ 273.0, 125.0, 0.0 ]
[ 303.0, 119.0, 0.0 ]
[ 333.0, 113.0, 0.0 ]
[ 363.0, 109.0, 0.0 ]
[ 402.0, 104.0, 0.0 ]
[ 154.0, 131.0, 0.0 ]
[ 184.0, 103.0, 0.0 ]
[ 198.0, 128.0, 0.0 ]
[ 214.0, 97.0, 0.0 ]
[ 222.0, 115.0, 0.0 ]
[ 258.0, 83.0, 0.0 ]
[ 255.0, 112.0, 0.0 ]
[ 290.0, 76.0, 0.0 ]
[ 287.0, 104.0, 0.0 ]
[ 317.0, 77.0, 0.0 ]
[ 320.0, 99.0, 0.0 ]
[ 356.0, 83.0, 0.0 ]
[ 350.0, 96.0, 0.0 ]
[ 384.0, 86.0, 0.0 ]
[ 384.0, 130.0, 0.0 ]
[ 357.0, 129.0, 0.0 ]
[ 347.0, 158.0, 0.0 ]
[ 325.0, 140.0, 0.0 ]
[ 310.0, 167.0, 0.0 ]
[ 288.0, 148.0, 0.0 ]
[ 283.0, 187.0, 0.0 ]
[ 268.0, 157.0, 0.0 ]
[ 252.0, 192.0, 0.0 ]
[ 230.0, 167.0, 0.0 ]
[ 220.0, 195.0, 0.0 ]
[ 200.0, 169.0, 0.0 ]
[ 190.0, 186.0, 0.0 ]
[ 164.0, 172.0, 0.0 ]
[ 140.0, 170.0, 0.0 ]
[ 448.0, 97.0, 0.0 ]
[ 441.0, 91.0, 0.0 ]
[ 456.0, 85.0, 0.0 ]
[ 457.0, 93.0, 0.0 ]
[ 468.0, 73.0, 0.0 ]
[ 472.0, 62.0, 0.0 ]
[ 487.0, 50.0, 0.0 ]
[ 500.0, 52.0, 0.0 ]
[ 506.0, 63.0, 0.0 ]
[ 508.0, 87.0, 0.0 ]
[ 504.0, 108.0, 0.0 ]
[ 496.0, 130.0, 0.0 ]
[ 477.0, 133.0, 0.0 ]
[ 469.0, 120.0, 0.0 ]
[ 470.0, 100.0, 0.0 ]
[ 465.0, 115.0, 0.0 ]
[ 451.0, 118.0, 0.0 ]
[ 441.0, 118.0, 0.0 ]
[ 451.0, 105.0, 0.0 ]
[ 479.0, 121.0, 0.0 ]
[ 479.0, 101.0, 0.0 ]
[ 482.0, 77.0, 0.0 ]
[ 493.0, 102.0, 0.0 ]
[ 492.0, 118.0, 0.0 ]
[ 498.0, 80.0, 0.0 ]
[ 431.0, 132.0, 0.0 ]
[ 419.0, 141.0, 0.0 ]
[ 406.0, 153.0, 0.0 ]
[ 391.0, 165.0, 0.0 ]
[ 376.0, 183.0, 0.0 ]
[ 353.0, 201.0, 0.0 ]
[ 337.0, 216.0, 0.0 ]
[ 322.0, 231.0, 0.0 ]
[ 305.0, 245.0, 0.0 ]
[ 293.0, 261.0, 0.0 ]
[ 278.0, 282.0, 0.0 ]
[ 266.0, 297.0, 0.0 ]
[ 253.0, 314.0, 0.0 ]
[ 243.0, 330.0, 0.0 ]
[ 233.0, 339.0, 0.0 ]
[ 268.0, 340.0, 0.0 ]
[ 277.0, 328.0, 0.0 ]
[ 285.0, 308.0, 0.0 ]
[ 302.0, 290.0, 0.0 ]
[ 320.0, 268.0, 0.0 ]
[ 334.0, 253.0, 0.0 ]
[ 347.0, 236.0, 0.0 ]
[ 370.0, 215.0, 0.0 ]
[ 390.0, 194.0, 0.0 ]
[ 408.0, 181.0, 0.0 ]
[ 429.0, 161.0, 0.0 ]
[ 446.0, 148.0, 0.0 ]
[ 464.0, 137.0, 0.0 ]
[ 471.0, 133.0, 0.0 ]
[ 471.0, 144.0, 0.0 ]
[ 474.0, 162.0, 0.0 ]
[ 471.0, 184.0, 0.0 ]
[ 471.0, 207.0, 0.0 ]
[ 471.0, 235.0, 0.0 ]
[ 469.0, 262.0, 0.0 ]
[ 469.0, 291.0, 0.0 ]
[ 472.0, 315.0, 0.0 ]
[ 474.0, 340.0, 0.0 ]
[ 474.0, 360.0, 0.0 ]
[ 476.0, 379.0, 0.0 ]
[ 502.0, 371.0, 0.0 ]
[ 499.0, 352.0, 0.0 ]
[ 493.0, 327.0, 0.0 ]
[ 494.0, 302.0, 0.0 ]
[ 490.0, 270.0, 0.0 ]
[ 491.0, 242.0, 0.0 ]
[ 492.0, 222.0, 0.0 ]
[ 495.0, 195.0, 0.0 ]
[ 495.0, 174.0, 0.0 ]
[ 499.0, 146.0, 0.0 ]
[ 448.0, 132.0, 0.0 ]
[ 436.0, 145.0, 0.0 ]
[ 413.0, 160.0, 0.0 ]
[ 398.0, 174.0, 0.0 ]
[ 380.0, 196.0, 0.0 ]
[ 360.0, 214.0, 0.0 ]
[ 340.0, 230.0, 0.0 ]
[ 323.0, 248.0, 0.0 ]
[ 305.0, 266.0, 0.0 ]
[ 293.0, 287.0, 0.0 ]
[ 275.0, 307.0, 0.0 ]
[ 258.0, 323.0, 0.0 ]
[ 254.0, 338.0, 0.0 ]
[ 488.0, 375.0, 0.0 ]
[ 484.0, 339.0, 0.0 ]
[ 484.0, 305.0, 0.0 ]
[ 482.0, 275.0, 0.0 ]
[ 482.0, 244.0, 0.0 ]
[ 483.0, 214.0, 0.0 ]
[ 484.0, 186.0, 0.0 ]
[ 486.0, 159.0, 0.0 ]
[ 487.0, 137.0, 0.0 ]
[ 223.0, 331.0, 0.0 ]
[ 205.0, 323.0, 0.0 ]
[ 183.0, 318.0, 0.0 ]
[ 157.0, 319.0, 0.0 ]
[ 129.0, 331.0, 0.0 ]
[ 105.0, 352.0, 0.0 ]
[ 84.0, 381.0, 0.0 ]
[ 77.0, 409.0, 0.0 ]
[ 76.0, 437.0, 0.0 ]
[ 76.0, 468.0, 0.0 ]
[ 84.0, 493.0, 0.0 ]
[ 97.0, 518.0, 0.0 ]
[ 111.0, 538.0, 0.0 ]
[ 134.0, 555.0, 0.0 ]
[ 156.0, 564.0, 0.0 ]
[ 180.0, 574.0, 0.0 ]
[ 219.0, 582.0, 0.0 ]
[ 250.0, 583.0, 0.0 ]
[ 275.0, 576.0, 0.0 ]
[ 296.0, 569.0, 0.0 ]
[ 315.0, 552.0, 0.0 ]
[ 335.0, 535.0, 0.0 ]
[ 343.0, 558.0, 0.0 ]
[ 356.0, 585.0, 0.0 ]
[ 370.0, 604.0, 0.0 ]
[ 396.0, 627.0, 0.0 ]
[ 418.0, 643.0, 0.0 ]
[ 460.0, 660.0, 0.0 ]
[ 493.0, 658.0, 0.0 ]
[ 532.0, 652.0, 0.0 ]
[ 560.0, 643.0, 0.0 ]
[ 587.0, 629.0, 0.0 ]
[ 610.0, 603.0, 0.0 ]
[ 629.0, 580.0, 0.0 ]
[ 643.0, 557.0, 0.0 ]
[ 652.0, 526.0, 0.0 ]
[ 653.0, 493.0, 0.0 ]
[ 648.0, 462.0, 0.0 ]
[ 640.0, 437.0, 0.0 ]
[ 621.0, 410.0, 0.0 ]
[ 601.0, 390.0, 0.0 ]
[ 577.0, 374.0, 0.0 ]
[ 549.0, 369.0, 0.0 ]
[ 524.0, 368.0, 0.0 ]
[ 455.0, 377.0, 0.0 ]
[ 474.0, 377.0, 0.0 ]
[ 425.0, 377.0, 0.0 ]
[ 406.0, 383.0, 0.0 ]
[ 382.0, 396.0, 0.0 ]
[ 362.0, 415.0, 0.0 ]
[ 344.0, 449.0, 0.0 ]
[ 333.0, 479.0, 0.0 ]
[ 333.0, 513.0, 0.0 ]
[ 336.0, 540.0, 0.0 ]
[ 371.0, 401.0, 0.0 ]
[ 367.0, 381.0, 0.0 ]
[ 356.0, 364.0, 0.0 ]
[ 342.0, 348.0, 0.0 ]
[ 316.0, 341.0, 0.0 ]
[ 292.0, 340.0, 0.0 ]
[ 133.0, 352.0, 0.0 ]
[ 166.0, 337.0, 0.0 ]
[ 111.0, 392.0, 0.0 ]
[ 110.0, 445.0, 0.0 ]
[ 122.0, 495.0, 0.0 ]
[ 149.0, 528.0, 0.0 ]
[ 187.0, 542.0, 0.0 ]
[ 192.0, 502.0, 0.0 ]
[ 195.0, 453.0, 0.0 ]
[ 208.0, 400.0, 0.0 ]
[ 225.0, 365.0, 0.0 ]
[ 164.0, 380.0, 0.0 ]
[ 146.0, 430.0, 0.0 ]
[ 146.0, 478.0, 0.0 ]
[ 272.0, 374.0, 0.0 ]
[ 267.0, 420.0, 0.0 ]
[ 255.0, 471.0, 0.0 ]
[ 246.0, 523.0, 0.0 ]
[ 247.0, 556.0, 0.0 ]
[ 290.0, 532.0, 0.0 ]
[ 301.0, 464.0, 0.0 ]
[ 311.0, 402.0, 0.0 ]
[ 472.0, 389.0, 0.0 ]
[ 466.0, 425.0, 0.0 ]
[ 466.0, 459.0, 0.0 ]
[ 470.0, 508.0, 0.0 ]
[ 484.0, 556.0, 0.0 ]
[ 491.0, 594.0, 0.0 ]
[ 502.0, 631.0, 0.0 ]
[ 494.0, 641.0, 0.0 ]
[ 509.0, 646.0, 0.0 ]
[ 518.0, 635.0, 0.0 ]
[ 584.0, 403.0, 0.0 ]
[ 575.0, 448.0, 0.0 ]
[ 594.0, 479.0, 0.0 ]
[ 612.0, 534.0, 0.0 ]
[ 635.0, 461.0, 0.0 ]
[ 615.0, 426.0, 0.0 ]
[ 609.0, 449.0, 0.0 ]
[ 624.0, 497.0, 0.0 ]
[ 530.0, 399.0, 0.0 ]
[ 527.0, 446.0, 0.0 ]
[ 544.0, 513.0, 0.0 ]
[ 554.0, 574.0, 0.0 ]
[ 511.0, 532.0, 0.0 ]
[ 496.0, 479.0, 0.0 ]
[ 493.0, 423.0, 0.0 ]
[ 569.0, 488.0, 0.0 ]
[ 592.0, 547.0, 0.0 ]
[ 422.0, 421.0, 0.0 ]
[ 394.0, 445.0, 0.0 ]
[ 373.0, 484.0, 0.0 ]
[ 382.0, 539.0, 0.0 ]
[ 397.0, 590.0, 0.0 ]
[ 436.0, 618.0, 0.0 ]
[ 442.0, 574.0, 0.0 ]
[ 424.0, 500.0, 0.0 ]
[ 433.0, 444.0, 0.0 ]
[ 426.0, 532.0, 0.0 ]
[ 487.0, 627.0, 0.0 ]
[ 555.0, 619.0, 0.0 ]
[ 111.0, 434.0, 0.0 ]
[ 126.0, 472.0, 0.0 ]
[ 107.0, 523.0, 0.0 ]
[ 300.0, 438.0, 0.0 ]
[ 173.0, 409.0, 0.0 ]
[ 116.0, 394.0, 0.0 ]
[ 233.0, 535.0, 0.0 ]
[ 347.0, 487.0, 0.0 ]
[ 393.0, 527.0, 0.0 ]
[ 471.0, 561.0, 0.0 ]
[ 486.0, 455.0, 0.0 ]
[ 603.0, 443.0, 0.0 ]
[ 617.0, 564.0, 0.0 ]
[ 518.0, 623.0, 0.0 ]
[ 510.0, 397.0, 0.0 ]
[ 454.0, 402.0, 0.0 ]
[ 21.0, 574.0, 0.0 ]
