700 700
[ 0.0, 0.0, 0.0 ]
[ 700.0, 0.0, 0.0 ]
[ 700.0, 700.0, 0.0 ]
[ 0.0, 700.0, 0.0 ]
[ 226.0, 417.0, 0.0 ]
[ 238.0, 410.0, 0.0 ]
[ 254.0, 406.0, 0.0 ]
[ 272.0, 403.0, 0.0 ]
[ 288.0, 402.0, 0.0 ]
[ 284.0, 384.0, 0.0 ]
[ 282.0, 371.0, 0.0 ]
[ 283.0, 348.0, 0.0 ]
[ 284.0, 331.0, 0.0 ]
[ 283.0, 311.0, 0.0 ]
[ 279.0, 291.0, 0.0 ]
[ 259.0, 283.0, 0.0 ]
[ 247.0, 269.0, 0.0 ]
[ 237.0, 259.0, 0.0 ]
[ 225.0, 244.0, 0.0 ]
[ 215.0, 228.0, 0.0 ]
[ 209.0, 211.0, 0.0 ]
[ 206.0, 191.0, 0.0 ]
[ 206.0, 168.0, 0.0 ]
[ 215.0, 156.0, 0.0 ]
[ 228.0, 153.0, 0.0 ]
[ 242.0, 158.0, 0.0 ]
[ 259.0, 167.0, 0.0 ]
[ 264.0, 182.0, 0.0 ]
[ 270.0, 195.0, 0.0 ]
[ 272.0, 209.0, 0.0 ]
[ 278.0, 221.0, 0.0 ]
[ 278.0, 234.0, 0.0 ]
[ 278.0, 251.0, 0.0 ]
[ 280.0, 267.0, 0.0 ]
[ 284.0, 277.0, 0.0 ]
[ 290.0, 415.0, 0.0 ]
[ 290.0, 427.0, 0.0 ]
[ 413.0, 427.0, 0.0 ]
[ 419.0, 390.0, 0.0 ]
[ 422.0, 374.0, 0.0 ]
[ 422.0, 359.0, 0.0 ]
[ 427.0, 337.0, 0.0 ]
[ 429.0, 322.0, 0.0 ]
[ 424.0, 298.0, 0.0 ]
[ 424.0, 276.0, 0.0 ]
[ 426.0, 261.0, 0.0 ]
[ 428.0, 246.0, 0.0 ]
[ 441.0, 243.0, 0.0 ]
[ 453.0, 234.0, 0.0 ]
[ 464.0, 220.0, 0.0 ]
[ 475.0, 209.0, 0.0 ]
[ 487.0, 194.0, 0.0 ]
[ 497.0, 178.0, 0.0 ]
[ 506.0, 159.0, 0.0 ]
[ 511.0, 142.0, 0.0 ]
[ 510.0, 121.0, 0.0 ]
[ 505.0, 108.0, 0.0 ]
[ 494.0, 102.0, 0.0 ]
[ 479.0, 97.0, 0.0 ]
[ 469.0, 103.0, 0.0 ]
[ 457.0, 110.0, 0.0 ]
[ 446.0, 124.0, 0.0 ]
[ 438.0, 142.0, 0.0 ]
[ 429.0, 159.0, 0.0 ]
[ 427.0, 179.0, 0.0 ]
[ 423.0, 195.0, 0.0 ]
[ 423.0, 215.0, 0.0 ]
[ 420.0, 233.0, 0.0 ]
[ 416.0, 219.0, 0.0 ]
[ 413.0, 201.0, 0.0 ]
[ 404.0, 180.0, 0.0 ]
[ 392.0, 165.0, 0.0 ]
[ 382.0, 157.0, 0.0 ]
[ 365.0, 152.0, 0.0 ]
[ 328.0, 160.0, 0.0 ]
[ 341.0, 154.0, 0.0 ]
[ 317.0, 168.0, 0.0 ]
[ 307.0, 178.0, 0.0 ]
[ 299.0, 195.0, 0.0 ]
[ 292.0, 214.0, 0.0 ]
[ 292.0, 231.0, 0.0 ]
[ 290.0, 245.0, 0.0 ]
[ 289.0, 261.0, 0.0 ]
[ 416.0, 404.0, 0.0 ]
[ 427.0, 404.0, 0.0 ]
[ 440.0, 407.0, 0.0 ]
[ 452.0, 411.0, 0.0 ]
[ 460.0, 415.0, 0.0 ]
[ 458.0, 422.0, 0.0 ]
[ 446.0, 428.0, 0.0 ]
[ 428.0, 431.0, 0.0 ]
[ 408.0, 433.0, 0.0 ]
[ 391.0, 435.0, 0.0 ]
[ 374.0, 436.0, 0.0 ]
[ 354.0, 437.0, 0.0 ]
[ 333.0, 437.0, 0.0 ]
[ 311.0, 436.0, 0.0 ]
[ 292.0, 435.0, 0.0 ]
[ 273.0, 433.0, 0.0 ]
[ 254.0, 432.0, 0.0 ]
[ 237.0, 426.0, 0.0 ]
[ 234.0, 419.0, 0.0 ]
[ 244.0, 424.0, 0.0 ]
[ 255.0, 425.0, 0.0 ]
[ 269.0, 427.0, 0.0 ]
[ 284.0, 427.0, 0.0 ]
[ 307.0, 429.0, 0.0 ]
[ 323.0, 429.0, 0.0 ]
[ 349.0, 430.0, 0.0 ]
[ 377.0, 430.0, 0.0 ]
[ 393.0, 429.0, 0.0 ]
[ 421.0, 427.0, 0.0 ]
[ 433.0, 425.0, 0.0 ]
[ 445.0, 424.0, 0.0 ]
[ 450.0, 420.0, 0.0 ]
[ 240.0, 415.0, 0.0 ]
[ 249.0, 412.0, 0.0 ]
[ 262.0, 407.0, 0.0 ]
[ 282.0, 405.0, 0.0 ]
[ 289.0, 283.0, 0.0 ]
[ 296.0, 272.0, 0.0 ]
[ 302.0, 257.0, 0.0 ]
[ 299.0, 241.0, 0.0 ]
[ 298.0, 220.0, 0.0 ]
[ 309.0, 193.0, 0.0 ]
[ 321.0, 177.0, 0.0 ]
[ 339.0, 165.0, 0.0 ]
[ 362.0, 163.0, 0.0 ]
[ 371.0, 179.0, 0.0 ]
[ 361.0, 205.0, 0.0 ]
[ 364.0, 230.0, 0.0 ]
[ 317.0, 234.0, 0.0 ]
[ 302.0, 312.0, 0.0 ]
[ 308.0, 346.0, 0.0 ]
[ 325.0, 326.0, 0.0 ]
[ 337.0, 363.0, 0.0 ]
[ 316.0, 375.0, 0.0 ]
[ 318.0, 355.0, 0.0 ]
[ 316.0, 404.0, 0.0 ]
[ 343.0, 315.0, 0.0 ]
[ 362.0, 334.0, 0.0 ]
[ 373.0, 357.0, 0.0 ]
[ 367.0, 380.0, 0.0 ]
[ 363.0, 415.0, 0.0 ]
[ 372.0, 325.0, 0.0 ]
[ 382.0, 357.0, 0.0 ]
[ 380.0, 386.0, 0.0 ]
[ 380.0, 415.0, 0.0 ]
[ 384.0, 342.0, 0.0 ]
[ 353.0, 290.0, 0.0 ]
[ 354.0, 259.0, 0.0 ]
[ 346.0, 243.0, 0.0 ]
[ 376.0, 235.0, 0.0 ]
[ 380.0, 204.0, 0.0 ]
[ 394.0, 206.0, 0.0 ]
[ 395.0, 228.0, 0.0 ]
[ 406.0, 260.0, 0.0 ]
[ 406.0, 290.0, 0.0 ]
[ 406.0, 318.0, 0.0 ]
[ 230.0, 198.0, 0.0 ]
[ 244.0, 223.0, 0.0 ]
[ 234.0, 214.0, 0.0 ]
[ 246.0, 186.0, 0.0 ]
[ 257.0, 213.0, 0.0 ]
[ 261.0, 245.0, 0.0 ]
[ 256.0, 262.0, 0.0 ]
[ 235.0, 236.0, 0.0 ]
[ 246.0, 247.0, 0.0 ]
[ 438.0, 182.0, 0.0 ]
[ 432.0, 200.0, 0.0 ]
[ 432.0, 220.0, 0.0 ]
[ 440.0, 226.0, 0.0 ]
[ 451.0, 216.0, 0.0 ]
[ 461.0, 162.0, 0.0 ]
[ 461.0, 142.0, 0.0 ]
[ 227.0, 179.0, 0.0 ]
[ 489.0, 133.0, 0.0 ]
[ 474.0, 118.0, 0.0 ]
[ 458.0, 116.0, 0.0 ]
[ 455.0, 122.0, 0.0 ]
[ 450.0, 134.0, 0.0 ]
[ 443.0, 146.0, 0.0 ]
[ 437.0, 156.0, 0.0 ]
[ 435.0, 164.0, 0.0 ]
[ 433.0, 176.0, 0.0 ]
[ 431.0, 184.0, 0.0 ]
[ 426.0, 207.0, 0.0 ]
[ 253.0, 174.0, 0.0 ]
[ 261.0, 184.0, 0.0 ]
[ 268.0, 200.0, 0.0 ]
[ 271.0, 214.0, 0.0 ]
[ 271.0, 240.0, 0.0 ]
[ 273.0, 261.0, 0.0 ]
[ 276.0, 277.0, 0.0 ]
[ 292.0, 303.0, 0.0 ]
[ 292.0, 323.0, 0.0 ]
[ 292.0, 344.0, 0.0 ]
[ 295.0, 316.0, 0.0 ]
[ 293.0, 357.0, 0.0 ]
[ 292.0, 377.0, 0.0 ]
[ 293.0, 397.0, 0.0 ]
[ 298.0, 419.0, 0.0 ]
[ 413.0, 353.0, 0.0 ]
[ 408.0, 381.0, 0.0 ]
[ 407.0, 406.0, 0.0 ]
[ 406.0, 423.0, 0.0 ]
[ 341.0, 263.0, 0.0 ]
[ 341.0, 285.0, 0.0 ]
[ 336.0, 305.0, 0.0 ]
[ 364.0, 310.0, 0.0 ]
[ 359.0, 186.0, 0.0 ]
[ 364.0, 171.0, 0.0 ]
[ 226.0, 448.0, 0.0 ]
[ 226.0, 476.0, 0.0 ]
[ 227.0, 502.0, 0.0 ]
[ 226.0, 534.0, 0.0 ]
[ 227.0, 573.0, 0.0 ]
[ 228.0, 597.0, 0.0 ]
[ 229.0, 618.0, 0.0 ]
[ 230.0, 635.0, 0.0 ]
[ 240.0, 644.0, 0.0 ]
[ 270.0, 651.0, 0.0 ]
[ 302.0, 655.0, 0.0 ]
[ 327.0, 657.0, 0.0 ]
[ 357.0, 657.0, 0.0 ]
[ 396.0, 654.0, 0.0 ]
[ 427.0, 647.0, 0.0 ]
[ 452.0, 640.0, 0.0 ]
[ 458.0, 630.0, 0.0 ]
[ 458.0, 611.0, 0.0 ]
[ 458.0, 580.0, 0.0 ]
[ 458.0, 554.0, 0.0 ]
[ 457.0, 517.0, 0.0 ]
[ 457.0, 483.0, 0.0 ]
[ 458.0, 451.0, 0.0 ]
[ 458.0, 429.0, 0.0 ]
[ 249.0, 455.0, 0.0 ]
[ 249.0, 478.0, 0.0 ]
[ 249.0, 510.0, 0.0 ]
[ 250.0, 544.0, 0.0 ]
[ 252.0, 583.0, 0.0 ]
[ 255.0, 613.0, 0.0 ]
[ 272.0, 632.0, 0.0 ]
[ 312.0, 635.0, 0.0 ]
[ 346.0, 635.0, 0.0 ]
[ 385.0, 635.0, 0.0 ]
[ 424.0, 629.0, 0.0 ]
[ 439.0, 623.0, 0.0 ]
[ 442.0, 592.0, 0.0 ]
[ 443.0, 553.0, 0.0 ]
[ 444.0, 513.0, 0.0 ]
[ 440.0, 482.0, 0.0 ]
[ 440.0, 454.0, 0.0 ]
[ 419.0, 460.0, 0.0 ]
[ 393.0, 460.0, 0.0 ]
[ 352.0, 460.0, 0.0 ]
[ 317.0, 463.0, 0.0 ]
[ 285.0, 457.0, 0.0 ]
[ 277.0, 483.0, 0.0 ]
[ 323.0, 490.0, 0.0 ]
[ 356.0, 491.0, 0.0 ]
[ 377.0, 491.0, 0.0 ]
[ 414.0, 490.0, 0.0 ]
[ 417.0, 524.0, 0.0 ]
[ 417.0, 554.0, 0.0 ]
[ 419.0, 581.0, 0.0 ]
[ 418.0, 607.0, 0.0 ]
[ 378.0, 610.0, 0.0 ]
[ 346.0, 613.0, 0.0 ]
[ 315.0, 614.0, 0.0 ]
[ 283.0, 610.0, 0.0 ]
[ 276.0, 573.0, 0.0 ]
[ 276.0, 537.0, 0.0 ]
[ 276.0, 508.0, 0.0 ]
[ 317.0, 516.0, 0.0 ]
[ 353.0, 514.0, 0.0 ]
[ 388.0, 512.0, 0.0 ]
[ 392.0, 556.0, 0.0 ]
[ 392.0, 584.0, 0.0 ]
[ 358.0, 590.0, 0.0 ]
[ 328.0, 593.0, 0.0 ]
[ 303.0, 588.0, 0.0 ]
[ 299.0, 556.0, 0.0 ]
[ 299.0, 535.0, 0.0 ]
[ 330.0, 534.0, 0.0 ]
[ 366.0, 532.0, 0.0 ]
[ 364.0, 566.0, 0.0 ]
[ 328.0, 571.0, 0.0 ]
[ 368.0, 432.0, 0.0 ]
[ 408.0, 430.0, 0.0 ]
[ 422.0, 203.0, 0.0 ]
[ 320.0, 214.0, 0.0 ]
[ 325.0, 254.0, 0.0 ]
[ 379.0, 269.0, 0.0 ]
[ 464.0, 191.0, 0.0 ]
[ 341.0, 390.0, 0.0 ]
[ 7.0, 525.0, 0.0 ]
