515 708
[ 0.0, 0.0, 0.0 ]
[ 515.0, 0.0, 0.0 ]
[ 515.0, 708.0, 0.0 ]
[ 0.0, 708.0, 0.0 ]
[ 95.0, 426.0, 0.0 ]
[ 89.0, 421.0, 0.0 ]
[ 86.0, 405.0, 0.0 ]
[ 86.0, 385.0, 0.0 ]
[ 94.0, 366.0, 0.0 ]
[ 105.0, 351.0, 0.0 ]
[ 120.0, 338.0, 0.0 ]
[ 136.0, 327.0, 0.0 ]
[ 159.0, 318.0, 0.0 ]
[ 182.0, 311.0, 0.0 ]
[ 207.0, 306.0, 0.0 ]
[ 234.0, 305.0, 0.0 ]
[ 104.0, 425.0, 0.0 ]
[ 110.0, 418.0, 0.0 ]
[ 117.0, 427.0, 0.0 ]
[ 123.0, 435.0, 0.0 ]
[ 133.0, 445.0, 0.0 ]
[ 147.0, 451.0, 0.0 ]
[ 160.0, 449.0, 0.0 ]
[ 172.0, 439.0, 0.0 ]
[ 180.0, 433.0, 0.0 ]
[ 190.0, 440.0, 0.0 ]
[ 199.0, 441.0, 0.0 ]
[ 208.0, 431.0, 0.0 ]
[ 221.0, 435.0, 0.0 ]
[ 233.0, 441.0, 0.0 ]
[ 248.0, 436.0, 0.0 ]
[ 254.0, 425.0, 0.0 ]
[ 255.0, 411.0, 0.0 ]
[ 266.0, 406.0, 0.0 ]
[ 259.0, 405.0, 0.0 ]
[ 99.0, 433.0, 0.0 ]
[ 108.0, 448.0, 0.0 ]
[ 124.0, 460.0, 0.0 ]
[ 143.0, 466.0, 0.0 ]
[ 168.0, 470.0, 0.0 ]
[ 197.0, 469.0, 0.0 ]
[ 223.0, 462.0, 0.0 ]
[ 247.0, 452.0, 0.0 ]
[ 265.0, 439.0, 0.0 ]
[ 278.0, 428.0, 0.0 ]
[ 285.0, 420.0, 0.0 ]
[ 308.0, 429.0, 0.0 ]
[ 331.0, 437.0, 0.0 ]
[ 358.0, 438.0, 0.0 ]
[ 381.0, 436.0, 0.0 ]
[ 402.0, 429.0, 0.0 ]
[ 416.0, 419.0, 0.0 ]
[ 421.0, 411.0, 0.0 ]
[ 426.0, 403.0, 0.0 ]
[ 434.0, 393.0, 0.0 ]
[ 435.0, 381.0, 0.0 ]
[ 435.0, 360.0, 0.0 ]
[ 430.0, 344.0, 0.0 ]
[ 418.0, 326.0, 0.0 ]
[ 408.0, 310.0, 0.0 ]
[ 396.0, 306.0, 0.0 ]
[ 374.0, 294.0, 0.0 ]
[ 365.0, 284.0, 0.0 ]
[ 352.0, 285.0, 0.0 ]
[ 358.0, 281.0, 0.0 ]
[ 325.0, 277.0, 0.0 ]
[ 319.0, 270.0, 0.0 ]
[ 313.0, 274.0, 0.0 ]
[ 302.0, 274.0, 0.0 ]
[ 293.0, 274.0, 0.0 ]
[ 279.0, 275.0, 0.0 ]
[ 271.0, 278.0, 0.0 ]
[ 263.0, 280.0, 0.0 ]
[ 255.0, 284.0, 0.0 ]
[ 244.0, 292.0, 0.0 ]
[ 227.0, 322.0, 0.0 ]
[ 232.0, 330.0, 0.0 ]
[ 245.0, 324.0, 0.0 ]
[ 246.0, 336.0, 0.0 ]
[ 243.0, 353.0, 0.0 ]
[ 250.0, 367.0, 0.0 ]
[ 270.0, 366.0, 0.0 ]
[ 273.0, 379.0, 0.0 ]
[ 277.0, 394.0, 0.0 ]
[ 291.0, 402.0, 0.0 ]
[ 314.0, 396.0, 0.0 ]
[ 320.0, 404.0, 0.0 ]
[ 331.0, 406.0, 0.0 ]
[ 345.0, 402.0, 0.0 ]
[ 361.0, 418.0, 0.0 ]
[ 376.0, 420.0, 0.0 ]
[ 393.0, 413.0, 0.0 ]
[ 403.0, 403.0, 0.0 ]
[ 413.0, 393.0, 0.0 ]
[ 417.0, 400.0, 0.0 ]
[ 109.0, 428.0, 0.0 ]
[ 119.0, 446.0, 0.0 ]
[ 136.0, 459.0, 0.0 ]
[ 156.0, 456.0, 0.0 ]
[ 183.0, 443.0, 0.0 ]
[ 193.0, 450.0, 0.0 ]
[ 205.0, 441.0, 0.0 ]
[ 244.0, 442.0, 0.0 ]
[ 257.0, 431.0, 0.0 ]
[ 261.0, 415.0, 0.0 ]
[ 239.0, 336.0, 0.0 ]
[ 237.0, 350.0, 0.0 ]
[ 242.0, 365.0, 0.0 ]
[ 266.0, 371.0, 0.0 ]
[ 267.0, 386.0, 0.0 ]
[ 274.0, 399.0, 0.0 ]
[ 328.0, 416.0, 0.0 ]
[ 340.0, 413.0, 0.0 ]
[ 370.0, 430.0, 0.0 ]
[ 386.0, 429.0, 0.0 ]
[ 398.0, 419.0, 0.0 ]
[ 409.0, 404.0, 0.0 ]
[ 97.0, 419.0, 0.0 ]
[ 109.0, 405.0, 0.0 ]
[ 119.0, 414.0, 0.0 ]
[ 127.0, 429.0, 0.0 ]
[ 142.0, 440.0, 0.0 ]
[ 158.0, 439.0, 0.0 ]
[ 170.0, 424.0, 0.0 ]
[ 182.0, 423.0, 0.0 ]
[ 193.0, 433.0, 0.0 ]
[ 208.0, 423.0, 0.0 ]
[ 226.0, 428.0, 0.0 ]
[ 241.0, 425.0, 0.0 ]
[ 247.0, 413.0, 0.0 ]
[ 250.0, 401.0, 0.0 ]
[ 251.0, 389.0, 0.0 ]
[ 234.0, 322.0, 0.0 ]
[ 250.0, 319.0, 0.0 ]
[ 255.0, 329.0, 0.0 ]
[ 252.0, 346.0, 0.0 ]
[ 258.0, 358.0, 0.0 ]
[ 275.0, 360.0, 0.0 ]
[ 283.0, 383.0, 0.0 ]
[ 298.0, 391.0, 0.0 ]
[ 302.0, 379.0, 0.0 ]
[ 317.0, 366.0, 0.0 ]
[ 327.0, 368.0, 0.0 ]
[ 352.0, 382.0, 0.0 ]
[ 363.0, 387.0, 0.0 ]
[ 378.0, 385.0, 0.0 ]
[ 395.0, 377.0, 0.0 ]
[ 410.0, 372.0, 0.0 ]
[ 423.0, 353.0, 0.0 ]
[ 432.0, 351.0, 0.0 ]
[ 417.0, 336.0, 0.0 ]
[ 405.0, 317.0, 0.0 ]
[ 410.0, 332.0, 0.0 ]
[ 410.0, 324.0, 0.0 ]
[ 418.0, 347.0, 0.0 ]
[ 423.0, 362.0, 0.0 ]
[ 423.0, 376.0, 0.0 ]
[ 416.0, 378.0, 0.0 ]
[ 405.0, 362.0, 0.0 ]
[ 395.0, 348.0, 0.0 ]
[ 389.0, 336.0, 0.0 ]
[ 380.0, 316.0, 0.0 ]
[ 369.0, 301.0, 0.0 ]
[ 362.0, 290.0, 0.0 ]
[ 366.0, 307.0, 0.0 ]
[ 373.0, 323.0, 0.0 ]
[ 381.0, 342.0, 0.0 ]
[ 387.0, 358.0, 0.0 ]
[ 397.0, 388.0, 0.0 ]
[ 386.0, 391.0, 0.0 ]
[ 388.0, 381.0, 0.0 ]
[ 380.0, 356.0, 0.0 ]
[ 373.0, 347.0, 0.0 ]
[ 369.0, 331.0, 0.0 ]
[ 360.0, 312.0, 0.0 ]
[ 376.0, 368.0, 0.0 ]
[ 368.0, 355.0, 0.0 ]
[ 359.0, 353.0, 0.0 ]
[ 359.0, 359.0, 0.0 ]
[ 367.0, 366.0, 0.0 ]
[ 375.0, 378.0, 0.0 ]
[ 347.0, 358.0, 0.0 ]
[ 341.0, 350.0, 0.0 ]
[ 339.0, 354.0, 0.0 ]
[ 344.0, 365.0, 0.0 ]
[ 350.0, 372.0, 0.0 ]
[ 345.0, 391.0, 0.0 ]
[ 333.0, 385.0, 0.0 ]
[ 324.0, 355.0, 0.0 ]
[ 321.0, 347.0, 0.0 ]
[ 328.0, 349.0, 0.0 ]
[ 335.0, 367.0, 0.0 ]
[ 342.0, 382.0, 0.0 ]
[ 382.0, 305.0, 0.0 ]
[ 393.0, 326.0, 0.0 ]
[ 402.0, 343.0, 0.0 ]
[ 413.0, 362.0, 0.0 ]
[ 406.0, 342.0, 0.0 ]
[ 400.0, 324.0, 0.0 ]
[ 325.0, 289.0, 0.0 ]
[ 333.0, 304.0, 0.0 ]
[ 340.0, 319.0, 0.0 ]
[ 345.0, 317.0, 0.0 ]
[ 341.0, 306.0, 0.0 ]
[ 335.0, 291.0, 0.0 ]
[ 319.0, 289.0, 0.0 ]
[ 308.0, 289.0, 0.0 ]
[ 309.0, 295.0, 0.0 ]
[ 322.0, 295.0, 0.0 ]
[ 338.0, 297.0, 0.0 ]
[ 343.0, 296.0, 0.0 ]
[ 333.0, 317.0, 0.0 ]
[ 328.0, 305.0, 0.0 ]
[ 327.0, 317.0, 0.0 ]
[ 322.0, 307.0, 0.0 ]
[ 295.0, 287.0, 0.0 ]
[ 294.0, 295.0, 0.0 ]
[ 287.0, 305.0, 0.0 ]
[ 298.0, 306.0, 0.0 ]
[ 293.0, 332.0, 0.0 ]
[ 304.0, 304.0, 0.0 ]
[ 311.0, 314.0, 0.0 ]
[ 302.0, 319.0, 0.0 ]
[ 302.0, 337.0, 0.0 ]
[ 306.0, 354.0, 0.0 ]
[ 309.0, 369.0, 0.0 ]
[ 310.0, 347.0, 0.0 ]
[ 307.0, 339.0, 0.0 ]
[ 311.0, 384.0, 0.0 ]
[ 316.0, 378.0, 0.0 ]
[ 276.0, 290.0, 0.0 ]
[ 276.0, 307.0, 0.0 ]
[ 279.0, 321.0, 0.0 ]
[ 280.0, 341.0, 0.0 ]
[ 275.0, 331.0, 0.0 ]
[ 271.0, 312.0, 0.0 ]
[ 267.0, 292.0, 0.0 ]
[ 261.0, 303.0, 0.0 ]
[ 265.0, 319.0, 0.0 ]
[ 270.0, 338.0, 0.0 ]
[ 277.0, 354.0, 0.0 ]
[ 286.0, 354.0, 0.0 ]
[ 285.0, 340.0, 0.0 ]
[ 284.0, 327.0, 0.0 ]
[ 282.0, 303.0, 0.0 ]
[ 285.0, 318.0, 0.0 ]
[ 289.0, 338.0, 0.0 ]
[ 293.0, 353.0, 0.0 ]
[ 298.0, 365.0, 0.0 ]
[ 308.0, 321.0, 0.0 ]
[ 313.0, 327.0, 0.0 ]
[ 319.0, 317.0, 0.0 ]
[ 324.0, 329.0, 0.0 ]
[ 335.0, 323.0, 0.0 ]
[ 337.0, 329.0, 0.0 ]
[ 348.0, 322.0, 0.0 ]
[ 350.0, 334.0, 0.0 ]
[ 353.0, 342.0, 0.0 ]
[ 362.0, 340.0, 0.0 ]
[ 307.0, 334.0, 0.0 ]
[ 319.0, 335.0, 0.0 ]
[ 334.0, 340.0, 0.0 ]
[ 344.0, 345.0, 0.0 ]
[ 226.0, 368.0, 0.0 ]
[ 214.0, 367.0, 0.0 ]
[ 200.0, 370.0, 0.0 ]
[ 185.0, 374.0, 0.0 ]
[ 169.0, 387.0, 0.0 ]
[ 168.0, 375.0, 0.0 ]
[ 177.0, 376.0, 0.0 ]
[ 179.0, 369.0, 0.0 ]
[ 177.0, 378.0, 0.0 ]
[ 193.0, 364.0, 0.0 ]
[ 197.0, 359.0, 0.0 ]
[ 204.0, 365.0, 0.0 ]
[ 210.0, 360.0, 0.0 ]
[ 211.0, 355.0, 0.0 ]
[ 219.0, 364.0, 0.0 ]
[ 218.0, 359.0, 0.0 ]
[ 223.0, 354.0, 0.0 ]
[ 213.0, 348.0, 0.0 ]
[ 198.0, 354.0, 0.0 ]
[ 190.0, 356.0, 0.0 ]
[ 183.0, 350.0, 0.0 ]
[ 180.0, 363.0, 0.0 ]
[ 171.0, 369.0, 0.0 ]
[ 163.0, 361.0, 0.0 ]
[ 155.0, 368.0, 0.0 ]
[ 156.0, 381.0, 0.0 ]
[ 185.0, 386.0, 0.0 ]
[ 202.0, 382.0, 0.0 ]
[ 218.0, 377.0, 0.0 ]
[ 126.0, 380.0, 0.0 ]
[ 114.0, 378.0, 0.0 ]
[ 110.0, 367.0, 0.0 ]
[ 113.0, 353.0, 0.0 ]
[ 122.0, 342.0, 0.0 ]
[ 134.0, 341.0, 0.0 ]
[ 127.0, 356.0, 0.0 ]
[ 124.0, 367.0, 0.0 ]
[ 189.0, 324.0, 0.0 ]
[ 203.0, 321.0, 0.0 ]
[ 208.0, 324.0, 0.0 ]
[ 216.0, 317.0, 0.0 ]
[ 185.0, 330.0, 0.0 ]
[ 172.0, 340.0, 0.0 ]
[ 152.0, 346.0, 0.0 ]
[ 147.0, 368.0, 0.0 ]
[ 151.0, 384.0, 0.0 ]
[ 195.0, 389.0, 0.0 ]
[ 172.0, 391.0, 0.0 ]
[ 215.0, 384.0, 0.0 ]
[ 205.0, 329.0, 0.0 ]
[ 224.0, 334.0, 0.0 ]
[ 157.0, 419.0, 0.0 ]
[ 178.0, 408.0, 0.0 ]
[ 196.0, 420.0, 0.0 ]
[ 213.0, 411.0, 0.0 ]
[ 234.0, 418.0, 0.0 ]
[ 243.0, 400.0, 0.0 ]
[ 135.0, 407.0, 0.0 ]
[ 122.0, 397.0, 0.0 ]
[ 101.0, 393.0, 0.0 ]
[ 95.0, 377.0, 0.0 ]
[ 132.0, 391.0, 0.0 ]
[ 113.0, 385.0, 0.0 ]
[ 153.0, 408.0, 0.0 ]
[ 175.0, 399.0, 0.0 ]
[ 200.0, 403.0, 0.0 ]
[ 226.0, 394.0, 0.0 ]
[ 232.0, 356.0, 0.0 ]
[ 230.0, 344.0, 0.0 ]
[ 240.0, 371.0, 0.0 ]
[ 231.0, 425.0, 0.0 ]
[ 243.0, 385.0, 0.0 ]
[ 245.0, 383.0, 0.0 ]
[ 300.0, 358.0, 0.0 ]
[ 305.0, 353.0, 0.0 ]
[ 284.0, 291.0, 0.0 ]
[ 284.0, 313.0, 0.0 ]
[ 337.0, 315.0, 0.0 ]
[ 380.0, 374.0, 0.0 ]
[ 381.0, 361.0, 0.0 ]
[ 389.0, 375.0, 0.0 ]
[ 392.0, 373.0, 0.0 ]
[ 407.0, 356.0, 0.0 ]
[ 373.0, 310.0, 0.0 ]
[ 380.0, 323.0, 0.0 ]
[ 386.0, 316.0, 0.0 ]
[ 405.0, 324.0, 0.0 ]
[ 268.0, 333.0, 0.0 ]
[ 279.0, 337.0, 0.0 ]
[ 331.0, 357.0, 0.0 ]
[ 303.0, 368.0, 0.0 ]
[ 298.0, 352.0, 0.0 ]
[ 306.0, 351.0, 0.0 ]
[ 310.0, 354.0, 0.0 ]
[ 238.0, 368.0, 0.0 ]
[ 261.0, 404.0, 0.0 ]
[ 148.0, 388.0, 0.0 ]
[ 162.0, 406.0, 0.0 ]
[ 192.0, 411.0, 0.0 ]
[ 210.0, 392.0, 0.0 ]
[ 228.0, 382.0, 0.0 ]
[ 221.0, 317.0, 0.0 ]
[ 210.0, 317.0, 0.0 ]
[ 152.0, 339.0, 0.0 ]
[ 164.0, 342.0, 0.0 ]
[ 174.0, 332.0, 0.0 ]
[ 117.0, 366.0, 0.0 ]
[ 108.0, 374.0, 0.0 ]
[ 101.0, 390.0, 0.0 ]
[ 123.0, 393.0, 0.0 ]
[ 123.0, 347.0, 0.0 ]
[ 118.0, 358.0, 0.0 ]
[ 129.0, 453.0, 0.0 ]
[ 146.0, 456.0, 0.0 ]
[ 244.0, 348.0, 0.0 ]
[ 326.0, 325.0, 0.0 ]
[ 354.0, 346.0, 0.0 ]
[ 161.0, 337.0, 0.0 ]
[ 159.0, 330.0, 0.0 ]
[ 210.0, 405.0, 0.0 ]
[ 270.0, 305.0, 0.0 ]
[ 275.0, 272.0, 0.0 ]
[ 294.0, 281.0, 0.0 ]
[ 355.0, 303.0, 0.0 ]
[ 280.0, 331.0, 0.0 ]
[ 272.0, 324.0, 0.0 ]
[ 278.0, 313.0, 0.0 ]
[ 276.0, 297.0, 0.0 ]
[ 288.0, 343.0, 0.0 ]
[ 293.0, 346.0, 0.0 ]
[ 363.0, 304.0, 0.0 ]
[ 371.0, 320.0, 0.0 ]
[ 374.0, 335.0, 0.0 ]
[ 411.0, 329.0, 0.0 ]
[ 404.0, 342.0, 0.0 ]
[ 409.0, 354.0, 0.0 ]
[ 494.0, 364.0, 0.0 ]
[ 202.0, 567.0, 0.0 ]
[ 12.0, 428.0, 0.0 ]
[ 144.0, 336.0, 0.0 ]
[ 141.0, 343.0, 0.0 ]
[ 133.0, 394.0, 0.0 ]
[ 286.0, 316.0, 0.0 ]
[ 299.0, 338.0, 0.0 ]
[ 300.0, 343.0, 0.0 ]
[ 291.0, 355.0, 0.0 ]
[ 299.0, 270.0, 0.0 ]
[ 1.0, 497.0, 0.0 ]
