1000 885
[ 0.0, 0.0, 0.0 ]
[ 1000.0, 0.0, 0.0 ]
[ 1000.0, 885.0, 0.0 ]
[ 0.0, 885.0, 0.0 ]
[ 788.0, 243.0, 0.0 ]
[ 802.0, 213.0, 0.0 ]
[ 796.0, 185.0, 0.0 ]
[ 767.0, 160.0, 0.0 ]
[ 733.0, 148.0, 0.0 ]
[ 697.0, 146.0, 0.0 ]
[ 643.0, 153.0, 0.0 ]
[ 585.0, 173.0, 0.0 ]
[ 574.0, 178.0, 0.0 ]
[ 568.0, 173.0, 0.0 ]
[ 546.0, 179.0, 0.0 ]
[ 519.0, 204.0, 0.0 ]
[ 491.0, 242.0, 0.0 ]
[ 480.0, 270.0, 0.0 ]
[ 465.0, 299.0, 0.0 ]
[ 418.0, 308.0, 0.0 ]
[ 333.0, 355.0, 0.0 ]
[ 316.0, 381.0, 0.0 ]
[ 278.0, 415.0, 0.0 ]
[ 245.0, 465.0, 0.0 ]
[ 201.0, 532.0, 0.0 ]
[ 211.0, 557.0, 0.0 ]
[ 195.0, 588.0, 0.0 ]
[ 182.0, 640.0, 0.0 ]
[ 188.0, 658.0, 0.0 ]
[ 213.0, 653.0, 0.0 ]
[ 224.0, 662.0, 0.0 ]
[ 259.0, 658.0, 0.0 ]
[ 278.0, 636.0, 0.0 ]
[ 296.0, 620.0, 0.0 ]
[ 295.0, 597.0, 0.0 ]
[ 246.0, 615.0, 0.0 ]
[ 234.0, 605.0, 0.0 ]
[ 219.0, 606.0, 0.0 ]
[ 247.0, 574.0, 0.0 ]
[ 254.0, 549.0, 0.0 ]
[ 225.0, 546.0, 0.0 ]
[ 164.0, 683.0, 0.0 ]
[ 137.0, 731.0, 0.0 ]
[ 113.0, 775.0, 0.0 ]
[ 113.0, 805.0, 0.0 ]
[ 126.0, 793.0, 0.0 ]
[ 128.0, 809.0, 0.0 ]
[ 143.0, 799.0, 0.0 ]
[ 147.0, 809.0, 0.0 ]
[ 187.0, 792.0, 0.0 ]
[ 211.0, 762.0, 0.0 ]
[ 229.0, 708.0, 0.0 ]
[ 248.0, 659.0, 0.0 ]
[ 319.0, 597.0, 0.0 ]
[ 351.0, 611.0, 0.0 ]
[ 335.0, 625.0, 0.0 ]
[ 332.0, 650.0, 0.0 ]
[ 340.0, 679.0, 0.0 ]
[ 350.0, 669.0, 0.0 ]
[ 347.0, 640.0, 0.0 ]
[ 359.0, 625.0, 0.0 ]
[ 371.0, 647.0, 0.0 ]
[ 381.0, 655.0, 0.0 ]
[ 372.0, 633.0, 0.0 ]
[ 376.0, 617.0, 0.0 ]
[ 368.0, 608.0, 0.0 ]
[ 349.0, 598.0, 0.0 ]
[ 332.0, 587.0, 0.0 ]
[ 371.0, 571.0, 0.0 ]
[ 395.0, 571.0, 0.0 ]
[ 409.0, 600.0, 0.0 ]
[ 438.0, 611.0, 0.0 ]
[ 459.0, 608.0, 0.0 ]
[ 463.0, 595.0, 0.0 ]
[ 490.0, 609.0, 0.0 ]
[ 495.0, 620.0, 0.0 ]
[ 465.0, 631.0, 0.0 ]
[ 498.0, 629.0, 0.0 ]
[ 491.0, 654.0, 0.0 ]
[ 492.0, 689.0, 0.0 ]
[ 499.0, 706.0, 0.0 ]
[ 502.0, 675.0, 0.0 ]
[ 503.0, 651.0, 0.0 ]
[ 515.0, 631.0, 0.0 ]
[ 532.0, 622.0, 0.0 ]
[ 543.0, 622.0, 0.0 ]
[ 537.0, 611.0, 0.0 ]
[ 521.0, 603.0, 0.0 ]
[ 485.0, 596.0, 0.0 ]
[ 475.0, 544.0, 0.0 ]
[ 516.0, 502.0, 0.0 ]
[ 561.0, 474.0, 0.0 ]
[ 603.0, 429.0, 0.0 ]
[ 621.0, 403.0, 0.0 ]
[ 610.0, 324.0, 0.0 ]
[ 618.0, 287.0, 0.0 ]
[ 625.0, 281.0, 0.0 ]
[ 679.0, 265.0, 0.0 ]
[ 729.0, 251.0, 0.0 ]
[ 745.0, 222.0, 0.0 ]
[ 683.0, 216.0, 0.0 ]
[ 624.0, 222.0, 0.0 ]
[ 573.0, 232.0, 0.0 ]
[ 575.0, 201.0, 0.0 ]
[ 569.0, 201.0, 0.0 ]
[ 564.0, 235.0, 0.0 ]
[ 566.0, 264.0, 0.0 ]
[ 594.0, 263.0, 0.0 ]
[ 592.0, 276.0, 0.0 ]
[ 730.0, 218.0, 0.0 ]
[ 740.0, 190.0, 0.0 ]
[ 772.0, 180.0, 0.0 ]
[ 793.0, 194.0, 0.0 ]
[ 789.0, 209.0, 0.0 ]
[ 783.0, 181.0, 0.0 ]
[ 767.0, 170.0, 0.0 ]
[ 732.0, 156.0, 0.0 ]
[ 681.0, 184.0, 0.0 ]
[ 625.0, 187.0, 0.0 ]
[ 555.0, 193.0, 0.0 ]
[ 546.0, 196.0, 0.0 ]
[ 540.0, 202.0, 0.0 ]
[ 538.0, 215.0, 0.0 ]
[ 540.0, 224.0, 0.0 ]
[ 549.0, 224.0, 0.0 ]
[ 558.0, 218.0, 0.0 ]
[ 560.0, 206.0, 0.0 ]
[ 554.0, 201.0, 0.0 ]
[ 550.0, 199.0, 0.0 ]
[ 546.0, 202.0, 0.0 ]
[ 545.0, 209.0, 0.0 ]
[ 548.0, 214.0, 0.0 ]
[ 556.0, 211.0, 0.0 ]
[ 562.0, 192.0, 0.0 ]
[ 555.0, 189.0, 0.0 ]
[ 563.0, 180.0, 0.0 ]
[ 550.0, 183.0, 0.0 ]
[ 538.0, 193.0, 0.0 ]
[ 528.0, 206.0, 0.0 ]
[ 525.0, 222.0, 0.0 ]
[ 508.0, 237.0, 0.0 ]
[ 495.0, 260.0, 0.0 ]
[ 497.0, 281.0, 0.0 ]
[ 525.0, 305.0, 0.0 ]
[ 561.0, 328.0, 0.0 ]
[ 585.0, 355.0, 0.0 ]
[ 607.0, 387.0, 0.0 ]
[ 566.0, 303.0, 0.0 ]
[ 544.0, 187.0, 0.0 ]
[ 565.0, 221.0, 0.0 ]
[ 573.0, 189.0, 0.0 ]
[ 378.0, 327.0, 0.0 ]
[ 403.0, 375.0, 0.0 ]
[ 463.0, 414.0, 0.0 ]
[ 536.0, 414.0, 0.0 ]
[ 371.0, 401.0, 0.0 ]
[ 485.0, 459.0, 0.0 ]
[ 544.0, 455.0, 0.0 ]
[ 572.0, 418.0, 0.0 ]
[ 495.0, 490.0, 0.0 ]
[ 430.0, 531.0, 0.0 ]
[ 270.0, 493.0, 0.0 ]
[ 185.0, 680.0, 0.0 ]
[ 155.0, 737.0, 0.0 ]
[ 207.0, 677.0, 0.0 ]
[ 181.0, 728.0, 0.0 ]
[ 515.0, 613.0, 0.0 ]
[ 340.0, 654.0, 0.0 ]
[ 345.0, 631.0, 0.0 ]
[ 368.0, 617.0, 0.0 ]
[ 524.0, 347.0, 0.0 ]
[ 440.0, 342.0, 0.0 ]
[ 352.0, 534.0, 0.0 ]
[ 385.0, 497.0, 0.0 ]
[ 300.0, 465.0, 0.0 ]
[ 313.0, 632.0, 0.0 ]
[ 177.0, 650.0, 0.0 ]
[ 126.0, 662.0, 0.0 ]
[ 73.0, 666.0, 0.0 ]
[ 62.0, 729.0, 0.0 ]
[ 227.0, 721.0, 0.0 ]
[ 320.0, 716.0, 0.0 ]
[ 372.0, 691.0, 0.0 ]
[ 489.0, 677.0, 0.0 ]
[ 399.0, 617.0, 0.0 ]
[ 607.0, 622.0, 0.0 ]
[ 622.0, 676.0, 0.0 ]
[ 364.0, 636.0, 0.0 ]
[ 466.0, 624.0, 0.0 ]
[ 9.0, 658.0, 0.0 ]
