502 708
[ 0.0, 0.0, 0.0 ]
[ 502.0, 0.0, 0.0 ]
[ 502.0, 708.0, 0.0 ]
[ 0.0, 708.0, 0.0 ]
[ 133.0, 109.0, 0.0 ]
[ 142.0, 99.0, 0.0 ]
[ 160.0, 95.0, 0.0 ]
[ 182.0, 98.0, 0.0 ]
[ 198.0, 103.0, 0.0 ]
[ 218.0, 121.0, 0.0 ]
[ 230.0, 132.0, 0.0 ]
[ 237.0, 134.0, 0.0 ]
[ 231.0, 146.0, 0.0 ]
[ 231.0, 160.0, 0.0 ]
[ 226.0, 173.0, 0.0 ]
[ 222.0, 170.0, 0.0 ]
[ 220.0, 154.0, 0.0 ]
[ 221.0, 140.0, 0.0 ]
[ 230.0, 135.0, 0.0 ]
[ 182.0, 152.0, 0.0 ]
[ 171.0, 158.0, 0.0 ]
[ 170.0, 177.0, 0.0 ]
[ 175.0, 191.0, 0.0 ]
[ 182.0, 201.0, 0.0 ]
[ 185.0, 192.0, 0.0 ]
[ 179.0, 178.0, 0.0 ]
[ 179.0, 164.0, 0.0 ]
[ 180.0, 157.0, 0.0 ]
[ 215.0, 173.0, 0.0 ]
[ 222.0, 180.0, 0.0 ]
[ 223.0, 195.0, 0.0 ]
[ 227.0, 212.0, 0.0 ]
[ 220.0, 216.0, 0.0 ]
[ 218.0, 210.0, 0.0 ]
[ 214.0, 193.0, 0.0 ]
[ 217.0, 179.0, 0.0 ]
[ 241.0, 186.0, 0.0 ]
[ 257.0, 186.0, 0.0 ]
[ 271.0, 201.0, 0.0 ]
[ 273.0, 214.0, 0.0 ]
[ 268.0, 224.0, 0.0 ]
[ 262.0, 216.0, 0.0 ]
[ 261.0, 207.0, 0.0 ]
[ 254.0, 198.0, 0.0 ]
[ 247.0, 190.0, 0.0 ]
[ 260.0, 122.0, 0.0 ]
[ 271.0, 131.0, 0.0 ]
[ 282.0, 148.0, 0.0 ]
[ 279.0, 164.0, 0.0 ]
[ 275.0, 166.0, 0.0 ]
[ 270.0, 162.0, 0.0 ]
[ 266.0, 148.0, 0.0 ]
[ 262.0, 136.0, 0.0 ]
[ 263.0, 127.0, 0.0 ]
[ 126.0, 135.0, 0.0 ]
[ 113.0, 142.0, 0.0 ]
[ 109.0, 147.0, 0.0 ]
[ 99.0, 155.0, 0.0 ]
[ 70.0, 160.0, 0.0 ]
[ 79.0, 180.0, 0.0 ]
[ 101.0, 193.0, 0.0 ]
[ 118.0, 214.0, 0.0 ]
[ 127.0, 218.0, 0.0 ]
[ 80.0, 214.0, 0.0 ]
[ 48.0, 225.0, 0.0 ]
[ 27.0, 240.0, 0.0 ]
[ 17.0, 258.0, 0.0 ]
[ 11.0, 283.0, 0.0 ]
[ 30.0, 311.0, 0.0 ]
[ 22.0, 326.0, 0.0 ]
[ 29.0, 341.0, 0.0 ]
[ 45.0, 342.0, 0.0 ]
[ 59.0, 331.0, 0.0 ]
[ 68.0, 326.0, 0.0 ]
[ 52.0, 317.0, 0.0 ]
[ 37.0, 310.0, 0.0 ]
[ 55.0, 301.0, 0.0 ]
[ 102.0, 301.0, 0.0 ]
[ 140.0, 302.0, 0.0 ]
[ 172.0, 299.0, 0.0 ]
[ 143.0, 307.0, 0.0 ]
[ 122.0, 326.0, 0.0 ]
[ 108.0, 357.0, 0.0 ]
[ 108.0, 399.0, 0.0 ]
[ 117.0, 438.0, 0.0 ]
[ 135.0, 470.0, 0.0 ]
[ 159.0, 503.0, 0.0 ]
[ 175.0, 504.0, 0.0 ]
[ 186.0, 495.0, 0.0 ]
[ 196.0, 460.0, 0.0 ]
[ 221.0, 410.0, 0.0 ]
[ 246.0, 362.0, 0.0 ]
[ 268.0, 328.0, 0.0 ]
[ 269.0, 307.0, 0.0 ]
[ 267.0, 339.0, 0.0 ]
[ 284.0, 351.0, 0.0 ]
[ 320.0, 369.0, 0.0 ]
[ 356.0, 402.0, 0.0 ]
[ 382.0, 419.0, 0.0 ]
[ 391.0, 413.0, 0.0 ]
[ 393.0, 399.0, 0.0 ]
[ 404.0, 399.0, 0.0 ]
[ 423.0, 384.0, 0.0 ]
[ 422.0, 359.0, 0.0 ]
[ 401.0, 313.0, 0.0 ]
[ 386.0, 285.0, 0.0 ]
[ 371.0, 266.0, 0.0 ]
[ 427.0, 253.0, 0.0 ]
[ 454.0, 248.0, 0.0 ]
[ 461.0, 265.0, 0.0 ]
[ 481.0, 264.0, 0.0 ]
[ 493.0, 256.0, 0.0 ]
[ 501.0, 246.0, 0.0 ]
[ 489.0, 241.0, 0.0 ]
[ 473.0, 244.0, 0.0 ]
[ 465.0, 246.0, 0.0 ]
[ 474.0, 228.0, 0.0 ]
[ 468.0, 212.0, 0.0 ]
[ 474.0, 188.0, 0.0 ]
[ 469.0, 163.0, 0.0 ]
[ 451.0, 149.0, 0.0 ]
[ 423.0, 139.0, 0.0 ]
[ 396.0, 139.0, 0.0 ]
[ 362.0, 147.0, 0.0 ]
[ 329.0, 172.0, 0.0 ]
[ 316.0, 199.0, 0.0 ]
[ 300.0, 230.0, 0.0 ]
[ 287.0, 261.0, 0.0 ]
[ 271.0, 280.0, 0.0 ]
[ 357.0, 149.0, 0.0 ]
[ 363.0, 119.0, 0.0 ]
[ 371.0, 89.0, 0.0 ]
[ 371.0, 84.0, 0.0 ]
[ 359.0, 94.0, 0.0 ]
[ 340.0, 95.0, 0.0 ]
[ 326.0, 91.0, 0.0 ]
[ 316.0, 80.0, 0.0 ]
[ 299.0, 71.0, 0.0 ]
[ 285.0, 78.0, 0.0 ]
[ 263.0, 88.0, 0.0 ]
[ 257.0, 106.0, 0.0 ]
[ 250.0, 123.0, 0.0 ]
[ 150.0, 233.0, 0.0 ]
[ 183.0, 240.0, 0.0 ]
[ 206.0, 245.0, 0.0 ]
[ 227.0, 265.0, 0.0 ]
[ 243.0, 293.0, 0.0 ]
[ 221.0, 282.0, 0.0 ]
[ 198.0, 265.0, 0.0 ]
[ 174.0, 239.0, 0.0 ]
[ 231.0, 315.0, 0.0 ]
[ 191.0, 346.0, 0.0 ]
[ 176.0, 396.0, 0.0 ]
[ 172.0, 466.0, 0.0 ]
[ 284.0, 305.0, 0.0 ]
[ 326.0, 311.0, 0.0 ]
[ 355.0, 339.0, 0.0 ]
[ 381.0, 378.0, 0.0 ]
[ 395.0, 400.0, 0.0 ]
[ 320.0, 248.0, 0.0 ]
[ 368.0, 214.0, 0.0 ]
[ 424.0, 203.0, 0.0 ]
[ 459.0, 211.0, 0.0 ]
[ 474.0, 224.0, 0.0 ]
[ 320.0, 98.0, 0.0 ]
[ 297.0, 155.0, 0.0 ]
[ 288.0, 196.0, 0.0 ]
[ 286.0, 224.0, 0.0 ]
[ 277.0, 262.0, 0.0 ]
[ 242.0, 248.0, 0.0 ]
[ 250.0, 282.0, 0.0 ]
[ 29.0, 289.0, 0.0 ]
[ 69.0, 263.0, 0.0 ]
[ 124.0, 265.0, 0.0 ]
[ 163.0, 276.0, 0.0 ]
[ 205.0, 293.0, 0.0 ]
[ 238.0, 296.0, 0.0 ]
[ 111.0, 156.0, 0.0 ]
[ 156.0, 191.0, 0.0 ]
[ 181.0, 217.0, 0.0 ]
[ 161.0, 127.0, 0.0 ]
[ 207.0, 133.0, 0.0 ]
[ 261.0, 344.0, 0.0 ]
[ 276.0, 372.0, 0.0 ]
[ 293.0, 397.0, 0.0 ]
[ 318.0, 419.0, 0.0 ]
[ 346.0, 439.0, 0.0 ]
[ 383.0, 463.0, 0.0 ]
[ 388.0, 487.0, 0.0 ]
[ 392.0, 487.0, 0.0 ]
[ 383.0, 592.0, 0.0 ]
[ 377.0, 640.0, 0.0 ]
[ 377.0, 653.0, 0.0 ]
[ 278.0, 349.0, 0.0 ]
[ 279.0, 352.0, 0.0 ]
[ 284.0, 365.0, 0.0 ]
[ 303.0, 391.0, 0.0 ]
[ 330.0, 415.0, 0.0 ]
[ 355.0, 436.0, 0.0 ]
[ 385.0, 450.0, 0.0 ]
[ 400.0, 465.0, 0.0 ]
[ 411.0, 467.0, 0.0 ]
[ 416.0, 485.0, 0.0 ]
[ 407.0, 535.0, 0.0 ]
[ 401.0, 601.0, 0.0 ]
[ 391.0, 644.0, 0.0 ]
[ 392.0, 652.0, 0.0 ]
[ 316.0, 273.0, 0.0 ]
[ 285.0, 299.0, 0.0 ]
[ 345.0, 264.0, 0.0 ]
[ 185.0, 252.0, 0.0 ]
[ 381.0, 322.0, 0.0 ]
[ 372.0, 181.0, 0.0 ]
[ 320.0, 115.0, 0.0 ]
[ 84.0, 161.0, 0.0 ]
[ 157.0, 106.0, 0.0 ]
[ 234.0, 289.0, 0.0 ]
[ 154.0, 218.0, 0.0 ]
[ 123.0, 198.0, 0.0 ]
[ 216.0, 226.0, 0.0 ]
[ 218.0, 274.0, 0.0 ]
[ 170.0, 432.0, 0.0 ]
[ 152.0, 467.0, 0.0 ]
[ 137.0, 420.0, 0.0 ]
[ 143.0, 379.0, 0.0 ]
[ 151.0, 346.0, 0.0 ]
[ 173.0, 327.0, 0.0 ]
[ 206.0, 308.0, 0.0 ]
[ 61.0, 243.0, 0.0 ]
[ 110.0, 241.0, 0.0 ]
[ 141.0, 247.0, 0.0 ]
[ 175.0, 262.0, 0.0 ]
[ 198.0, 276.0, 0.0 ]
[ 447.0, 180.0, 0.0 ]
[ 412.0, 175.0, 0.0 ]
[ 344.0, 203.0, 0.0 ]
[ 385.0, 244.0, 0.0 ]
[ 424.0, 237.0, 0.0 ]
[ 464.0, 235.0, 0.0 ]
[ 311.0, 337.0, 0.0 ]
[ 348.0, 363.0, 0.0 ]
[ 368.0, 391.0, 0.0 ]
[ 351.0, 293.0, 0.0 ]
[ 403.0, 370.0, 0.0 ]
[ 331.0, 133.0, 0.0 ]
[ 301.0, 89.0, 0.0 ]
[ 246.0, 250.0, 0.0 ]
[ 252.0, 251.0, 0.0 ]
[ 256.0, 273.0, 0.0 ]
[ 249.0, 261.0, 0.0 ]
[ 254.0, 286.0, 0.0 ]
[ 257.0, 267.0, 0.0 ]
[ 240.0, 281.0, 0.0 ]
[ 289.0, 284.0, 0.0 ]
[ 307.0, 270.0, 0.0 ]
[ 274.0, 299.0, 0.0 ]
[ 285.0, 302.0, 0.0 ]
[ 296.0, 289.0, 0.0 ]
[ 308.0, 278.0, 0.0 ]
[ 237.0, 223.0, 0.0 ]
[ 236.0, 207.0, 0.0 ]
[ 242.0, 207.0, 0.0 ]
[ 243.0, 222.0, 0.0 ]
[ 395.0, 263.0, 0.0 ]
[ 242.0, 292.0, 0.0 ]
[ 307.0, 272.0, 0.0 ]
[ 397.0, 523.0, 0.0 ]
[ 0.0, 534.0, 0.0 ]
