600 429
[ 0.0, 0.0, 0.0 ]
[ 600.0, 0.0, 0.0 ]
[ 600.0, 429.0, 0.0 ]
[ 0.0, 429.0, 0.0 ]
[ 305.0, 168.0, 0.0 ]
[ 340.0, 128.0, 0.0 ]
[ 370.0, 114.0, 0.0 ]
[ 399.0, 113.0, 0.0 ]
[ 375.0, 121.0, 0.0 ]
[ 350.0, 135.0, 0.0 ]
[ 322.0, 173.0, 0.0 ]
[ 290.0, 224.0, 0.0 ]
[ 312.0, 226.0, 0.0 ]
[ 294.0, 200.0, 0.0 ]
[ 315.0, 196.0, 0.0 ]
[ 291.0, 270.0, 0.0 ]
[ 316.0, 263.0, 0.0 ]
[ 294.0, 293.0, 0.0 ]
[ 333.0, 299.0, 0.0 ]
[ 355.0, 327.0, 0.0 ]
[ 385.0, 355.0, 0.0 ]
[ 481.0, 387.0, 0.0 ]
[ 568.0, 288.0, 0.0 ]
[ 542.0, 319.0, 0.0 ]
[ 519.0, 337.0, 0.0 ]
[ 509.0, 334.0, 0.0 ]
[ 498.0, 323.0, 0.0 ]
[ 481.0, 349.0, 0.0 ]
[ 484.0, 133.0, 0.0 ]
[ 403.0, 135.0, 0.0 ]
[ 383.0, 140.0, 0.0 ]
[ 366.0, 150.0, 0.0 ]
[ 348.0, 185.0, 0.0 ]
[ 329.0, 224.0, 0.0 ]
[ 331.0, 255.0, 0.0 ]
[ 343.0, 294.0, 0.0 ]
[ 446.0, 135.0, 0.0 ]
[ 438.0, 148.0, 0.0 ]
[ 457.0, 151.0, 0.0 ]
[ 441.0, 115.0, 0.0 ]
[ 425.0, 134.0, 0.0 ]
[ 416.0, 113.0, 0.0 ]
[ 426.0, 151.0, 0.0 ]
[ 407.0, 156.0, 0.0 ]
[ 391.0, 161.0, 0.0 ]
[ 379.0, 170.0, 0.0 ]
[ 372.0, 181.0, 0.0 ]
[ 392.0, 188.0, 0.0 ]
[ 404.0, 185.0, 0.0 ]
[ 421.0, 209.0, 0.0 ]
[ 425.0, 178.0, 0.0 ]
[ 462.0, 209.0, 0.0 ]
[ 481.0, 231.0, 0.0 ]
[ 476.0, 222.0, 0.0 ]
[ 508.0, 222.0, 0.0 ]
[ 503.0, 195.0, 0.0 ]
[ 485.0, 148.0, 0.0 ]
[ 527.0, 166.0, 0.0 ]
[ 512.0, 160.0, 0.0 ]
[ 513.0, 152.0, 0.0 ]
[ 464.0, 134.0, 0.0 ]
[ 467.0, 125.0, 0.0 ]
[ 473.0, 149.0, 0.0 ]
[ 373.0, 198.0, 0.0 ]
[ 352.0, 227.0, 0.0 ]
[ 357.0, 241.0, 0.0 ]
[ 372.0, 267.0, 0.0 ]
[ 345.0, 273.0, 0.0 ]
[ 345.0, 252.0, 0.0 ]
[ 335.0, 278.0, 0.0 ]
[ 326.0, 282.0, 0.0 ]
[ 399.0, 244.0, 0.0 ]
[ 412.0, 225.0, 0.0 ]
[ 382.0, 314.0, 0.0 ]
[ 442.0, 336.0, 0.0 ]
[ 459.0, 318.0, 0.0 ]
[ 449.0, 371.0, 0.0 ]
[ 453.0, 388.0, 0.0 ]
[ 410.0, 364.0, 0.0 ]
[ 411.0, 380.0, 0.0 ]
[ 401.0, 389.0, 0.0 ]
[ 481.0, 372.0, 0.0 ]
[ 513.0, 365.0, 0.0 ]
[ 520.0, 376.0, 0.0 ]
[ 537.0, 364.0, 0.0 ]
[ 533.0, 351.0, 0.0 ]
[ 547.0, 339.0, 0.0 ]
[ 555.0, 339.0, 0.0 ]
[ 557.0, 322.0, 0.0 ]
[ 563.0, 317.0, 0.0 ]
[ 425.0, 380.0, 0.0 ]
[ 428.0, 394.0, 0.0 ]
[ 508.0, 298.0, 0.0 ]
[ 492.0, 282.0, 0.0 ]
[ 501.0, 257.0, 0.0 ]
[ 517.0, 247.0, 0.0 ]
[ 535.0, 267.0, 0.0 ]
[ 538.0, 285.0, 0.0 ]
[ 459.0, 259.0, 0.0 ]
[ 473.0, 279.0, 0.0 ]
[ 462.0, 294.0, 0.0 ]
[ 453.0, 292.0, 0.0 ]
[ 467.0, 270.0, 0.0 ]
[ 426.0, 289.0, 0.0 ]
[ 452.0, 304.0, 0.0 ]
[ 540.0, 188.0, 0.0 ]
[ 531.0, 188.0, 0.0 ]
[ 560.0, 231.0, 0.0 ]
[ 548.0, 225.0, 0.0 ]
[ 519.0, 202.0, 0.0 ]
[ 528.0, 228.0, 0.0 ]
[ 551.0, 248.0, 0.0 ]
[ 462.0, 360.0, 0.0 ]
[ 479.0, 302.0, 0.0 ]
[ 447.0, 161.0, 0.0 ]
[ 452.0, 190.0, 0.0 ]
[ 406.0, 335.0, 0.0 ]
[ 361.0, 290.0, 0.0 ]
[ 426.0, 186.0, 0.0 ]
[ 471.0, 211.0, 0.0 ]
[ 491.0, 262.0, 0.0 ]
[ 480.0, 171.0, 0.0 ]
[ 562.0, 253.0, 0.0 ]
[ 139.0, 231.0, 0.0 ]
[ 148.0, 219.0, 0.0 ]
[ 159.0, 241.0, 0.0 ]
[ 185.0, 256.0, 0.0 ]
[ 210.0, 262.0, 0.0 ]
[ 242.0, 267.0, 0.0 ]
[ 268.0, 260.0, 0.0 ]
[ 278.0, 234.0, 0.0 ]
[ 276.0, 210.0, 0.0 ]
[ 286.0, 206.0, 0.0 ]
[ 284.0, 190.0, 0.0 ]
[ 284.0, 186.0, 0.0 ]
[ 271.0, 176.0, 0.0 ]
[ 247.0, 175.0, 0.0 ]
[ 219.0, 181.0, 0.0 ]
[ 189.0, 195.0, 0.0 ]
[ 174.0, 203.0, 0.0 ]
[ 274.0, 167.0, 0.0 ]
[ 188.0, 223.0, 0.0 ]
[ 175.0, 215.0, 0.0 ]
[ 183.0, 204.0, 0.0 ]
[ 201.0, 211.0, 0.0 ]
[ 230.0, 219.0, 0.0 ]
[ 212.0, 235.0, 0.0 ]
[ 244.0, 238.0, 0.0 ]
[ 250.0, 223.0, 0.0 ]
[ 215.0, 246.0, 0.0 ]
[ 242.0, 249.0, 0.0 ]
[ 258.0, 239.0, 0.0 ]
[ 261.0, 227.0, 0.0 ]
[ 253.0, 204.0, 0.0 ]
[ 259.0, 188.0, 0.0 ]
[ 265.0, 205.0, 0.0 ]
[ 269.0, 190.0, 0.0 ]
[ 251.0, 196.0, 0.0 ]
[ 137.0, 259.0, 0.0 ]
[ 146.0, 247.0, 0.0 ]
[ 150.0, 276.0, 0.0 ]
[ 156.0, 255.0, 0.0 ]
[ 164.0, 286.0, 0.0 ]
[ 176.0, 264.0, 0.0 ]
[ 181.0, 302.0, 0.0 ]
[ 184.0, 271.0, 0.0 ]
[ 205.0, 304.0, 0.0 ]
[ 208.0, 275.0, 0.0 ]
[ 231.0, 309.0, 0.0 ]
[ 225.0, 278.0, 0.0 ]
[ 242.0, 277.0, 0.0 ]
[ 285.0, 319.0, 0.0 ]
[ 265.0, 277.0, 0.0 ]
[ 157.0, 285.0, 0.0 ]
[ 143.0, 294.0, 0.0 ]
[ 141.0, 319.0, 0.0 ]
[ 149.0, 312.0, 0.0 ]
[ 199.0, 347.0, 0.0 ]
[ 200.0, 365.0, 0.0 ]
[ 151.0, 337.0, 0.0 ]
[ 161.0, 329.0, 0.0 ]
[ 168.0, 352.0, 0.0 ]
[ 180.0, 342.0, 0.0 ]
[ 170.0, 304.0, 0.0 ]
[ 163.0, 294.0, 0.0 ]
[ 154.0, 302.0, 0.0 ]
[ 233.0, 338.0, 0.0 ]
[ 232.0, 322.0, 0.0 ]
[ 242.0, 318.0, 0.0 ]
[ 271.0, 330.0, 0.0 ]
[ 262.0, 338.0, 0.0 ]
[ 247.0, 343.0, 0.0 ]
[ 250.0, 328.0, 0.0 ]
[ 243.0, 355.0, 0.0 ]
[ 224.0, 353.0, 0.0 ]
[ 225.0, 373.0, 0.0 ]
[ 250.0, 382.0, 0.0 ]
[ 259.0, 355.0, 0.0 ]
[ 281.0, 383.0, 0.0 ]
[ 279.0, 358.0, 0.0 ]
[ 311.0, 383.0, 0.0 ]
[ 301.0, 357.0, 0.0 ]
[ 333.0, 377.0, 0.0 ]
[ 318.0, 355.0, 0.0 ]
[ 356.0, 373.0, 0.0 ]
[ 275.0, 291.0, 0.0 ]
[ 248.0, 293.0, 0.0 ]
[ 229.0, 294.0, 0.0 ]
[ 210.0, 292.0, 0.0 ]
[ 185.0, 287.0, 0.0 ]
[ 309.0, 321.0, 0.0 ]
[ 265.0, 316.0, 0.0 ]
[ 256.0, 321.0, 0.0 ]
[ 254.0, 314.0, 0.0 ]
[ 229.0, 333.0, 0.0 ]
[ 330.0, 349.0, 0.0 ]
