392 450
[ 0.0, 0.0, 0.0 ]
[ 392.0, 0.0, 0.0 ]
[ 392.0, 450.0, 0.0 ]
[ 0.0, 450.0, 0.0 ]
[ 196.0, 225.0, 0.0 ]
[ 89.0, 98.0, 0.0 ]
[ 105.0, 113.0, 0.0 ]
[ 86.0, 123.0, 0.0 ]
[ 95.0, 127.0, 0.0 ]
[ 102.0, 136.0, 0.0 ]
[ 88.0, 129.0, 0.0 ]
[ 98.0, 104.0, 0.0 ]
[ 89.0, 91.0, 0.0 ]
[ 102.0, 76.0, 0.0 ]
[ 133.0, 71.0, 0.0 ]
[ 134.0, 92.0, 0.0 ]
[ 107.0, 92.0, 0.0 ]
[ 97.0, 89.0, 0.0 ]
[ 108.0, 85.0, 0.0 ]
[ 114.0, 73.0, 0.0 ]
[ 121.0, 81.0, 0.0 ]
[ 145.0, 91.0, 0.0 ]
[ 132.0, 82.0, 0.0 ]
[ 155.0, 81.0, 0.0 ]
[ 148.0, 83.0, 0.0 ]
[ 161.0, 95.0, 0.0 ]
[ 173.0, 108.0, 0.0 ]
[ 163.0, 104.0, 0.0 ]
[ 171.0, 96.0, 0.0 ]
[ 169.0, 120.0, 0.0 ]
[ 190.0, 112.0, 0.0 ]
[ 183.0, 110.0, 0.0 ]
[ 200.0, 126.0, 0.0 ]
[ 192.0, 128.0, 0.0 ]
[ 199.0, 140.0, 0.0 ]
[ 214.0, 147.0, 0.0 ]
[ 205.0, 149.0, 0.0 ]
[ 228.0, 170.0, 0.0 ]
[ 238.0, 190.0, 0.0 ]
[ 223.0, 187.0, 0.0 ]
[ 244.0, 203.0, 0.0 ]
[ 231.0, 204.0, 0.0 ]
[ 250.0, 219.0, 0.0 ]
[ 237.0, 218.0, 0.0 ]
[ 269.0, 246.0, 0.0 ]
[ 246.0, 230.0, 0.0 ]
[ 248.0, 242.0, 0.0 ]
[ 262.0, 269.0, 0.0 ]
[ 283.0, 272.0, 0.0 ]
[ 275.0, 276.0, 0.0 ]
[ 282.0, 299.0, 0.0 ]
[ 264.0, 285.0, 0.0 ]
[ 233.0, 237.0, 0.0 ]
[ 225.0, 230.0, 0.0 ]
[ 222.0, 215.0, 0.0 ]
[ 216.0, 198.0, 0.0 ]
[ 207.0, 175.0, 0.0 ]
[ 194.0, 150.0, 0.0 ]
[ 167.0, 137.0, 0.0 ]
[ 179.0, 143.0, 0.0 ]
[ 157.0, 146.0, 0.0 ]
[ 143.0, 158.0, 0.0 ]
[ 142.0, 181.0, 0.0 ]
[ 140.0, 195.0, 0.0 ]
[ 128.0, 176.0, 0.0 ]
[ 131.0, 155.0, 0.0 ]
[ 120.0, 136.0, 0.0 ]
[ 116.0, 128.0, 0.0 ]
[ 124.0, 122.0, 0.0 ]
[ 110.0, 111.0, 0.0 ]
[ 107.0, 119.0, 0.0 ]
[ 115.0, 95.0, 0.0 ]
[ 122.0, 99.0, 0.0 ]
[ 124.0, 93.0, 0.0 ]
[ 136.0, 99.0, 0.0 ]
[ 135.0, 105.0, 0.0 ]
[ 161.0, 163.0, 0.0 ]
[ 149.0, 203.0, 0.0 ]
[ 168.0, 185.0, 0.0 ]
[ 179.0, 208.0, 0.0 ]
[ 180.0, 155.0, 0.0 ]
[ 188.0, 174.0, 0.0 ]
[ 199.0, 199.0, 0.0 ]
[ 381.0, 179.0, 0.0 ]
[ 137.0, 115.0, 0.0 ]
[ 143.0, 118.0, 0.0 ]
[ 146.0, 129.0, 0.0 ]
[ 140.0, 134.0, 0.0 ]
[ 133.0, 121.0, 0.0 ]
[ 204.0, 164.0, 0.0 ]
[ 211.0, 161.0, 0.0 ]
[ 154.0, 226.0, 0.0 ]
[ 182.0, 248.0, 0.0 ]
[ 206.0, 262.0, 0.0 ]
[ 230.0, 281.0, 0.0 ]
[ 255.0, 292.0, 0.0 ]
[ 263.0, 278.0, 0.0 ]
[ 283.0, 301.0, 0.0 ]
[ 228.0, 294.0, 0.0 ]
[ 229.0, 307.0, 0.0 ]
[ 231.0, 316.0, 0.0 ]
[ 242.0, 354.0, 0.0 ]
[ 279.0, 374.0, 0.0 ]
[ 269.0, 344.0, 0.0 ]
[ 261.0, 316.0, 0.0 ]
[ 252.0, 338.0, 0.0 ]
[ 247.0, 310.0, 0.0 ]
[ 257.0, 353.0, 0.0 ]
[ 252.0, 331.0, 0.0 ]
[ 239.0, 284.0, 0.0 ]
[ 213.0, 242.0, 0.0 ]
[ 241.0, 257.0, 0.0 ]
[ 229.0, 250.0, 0.0 ]
[ 260.0, 263.0, 0.0 ]
[ 148.0, 232.0, 0.0 ]
[ 145.0, 249.0, 0.0 ]
[ 151.0, 257.0, 0.0 ]
[ 146.0, 249.0, 0.0 ]
[ 154.0, 247.0, 0.0 ]
[ 151.0, 239.0, 0.0 ]
[ 164.0, 240.0, 0.0 ]
[ 173.0, 246.0, 0.0 ]
[ 164.0, 249.0, 0.0 ]
[ 155.0, 261.0, 0.0 ]
[ 163.0, 259.0, 0.0 ]
[ 166.0, 276.0, 0.0 ]
[ 222.0, 280.0, 0.0 ]
